,DENV1/BOLIVIA/2010/FSB-3363,DENV1/CAMBODIA/2003/FJ639680,DENV1/CAMBODIA/2003/FJ850069,DENV1/CAMBODIA/2003/GQ868619,DENV1/CAMBODIA/2006/FJ639687,DENV1/CAMBODIA/2007/FJ639693,DENV1/CAMBODIA/2007/FJ639696,DENV1/CAMBODIA/2008/GQ868632,DENV1/CAMBODIA/2008/GU131894,DENV1/MYANMAR/2005/61117,DENV1/NAURU/1974/RDENV1-WP-1A,DENV1/PERU/2000/IQT-6152,DENV1/PUERTORICO/2006/BID-V852,DENV1/THAILAND/1964/16007,DENV1/THAILAND/1980/00633/80,DENV1/THAILAND/1980/01738/80,DENV1/THAILAND/1980/03228/80,DENV1/THAILAND/1982/00437/82,DENV1/THAILAND/1983/00493/83,DENV1/THAILAND/1988/00522/88,DENV1/THAILAND/1991/00098/91,DENV1/THAILAND/1994/00066/94,DENV1/THAILAND/1994/00168/94,DENV1/THAILAND/1994/00212/94,DENV1/THAILAND/1994/00263/94,DENV1/THAILAND/1994/00350/94,DENV1/THAILAND/1994/00395/94,DENV1/THAILAND/1994/00424/94,DENV1/THAILAND/1994/00532/94,DENV1/THAILAND/1994/00537/94,DENV1/THAILAND/1994/00650/94,DENV1/THAILAND/1994/00713/94,DENV1/THAILAND/1994/00740/94,DENV1/THAILAND/1994/00817/94,DENV1/THAILAND/1994/00821/94,DENV1/THAILAND/1994/00938/94,DENV1/THAILAND/1994/01088/94,DENV1/THAILAND/1994/01308/94,DENV1/THAILAND/1994/01310/94,DENV1/THAILAND/1994/01385/94,DENV1/THAILAND/1994/01447/94,DENV1/THAILAND/1994/01471/94,DENV1/THAILAND/1994/01476/94,DENV1/THAILAND/1994/01495/94,DENV1/THAILAND/1994/01533/94,DENV1/THAILAND/1994/01723/94,DENV1/THAILAND/1994/30031/94,DENV1/THAILAND/1994/30116/94,DENV1/THAILAND/1994/30156/94,DENV1/THAILAND/1994/30157/94,DENV1/THAILAND/1994/30174/94,DENV1/THAILAND/1994/30182/94,DENV1/THAILAND/1994/30253/94,DENV1/THAILAND/1994/30262/94,DENV1/THAILAND/1994/30299/94,DENV1/THAILAND/1994/30515/94,DENV1/THAILAND/1994/30577/94,DENV1/THAILAND/1994/30620/94,DENV1/THAILAND/1994/30722/94,DENV1/THAILAND/1994/30778/94,DENV1/THAILAND/1994/30797/94,DENV1/THAILAND/1995/00207/95,DENV1/THAILAND/1995/00229/95,DENV1/THAILAND/1995/00257/95,DENV1/THAILAND/1995/00288/95,DENV1/THAILAND/1995/00410/95,DENV1/THAILAND/1995/00471/95,DENV1/THAILAND/1995/00487/95,DENV1/THAILAND/1995/00569/95,DENV1/THAILAND/1995/00582/95,DENV1/THAILAND/1995/00590/95,DENV1/THAILAND/1995/00595/95,DENV1/THAILAND/1995/00614/95,DENV1/THAILAND/1995/00637/95,DENV1/THAILAND/1995/00668/95,DENV1/THAILAND/1995/00769/95,DENV1/THAILAND/1995/00968/95,DENV1/THAILAND/1995/00975/95,DENV1/THAILAND/1995/00978/95,DENV1/THAILAND/1995/00995/95,DENV1/THAILAND/1995/01014/95,DENV1/THAILAND/1995/01097/95,DENV1/THAILAND/1995/01199/95,DENV1/THAILAND/1995/01213/95,DENV1/THAILAND/1995/01262/95,DENV1/THAILAND/1995/01277/95,DENV1/THAILAND/1995/01283/95,DENV1/THAILAND/1995/01293/95,DENV1/THAILAND/1995/01364/95,DENV1/THAILAND/1995/01423/95,DENV1/THAILAND/1995/01459/95,DENV1/THAILAND/1995/01608/95,DENV1/THAILAND/1995/01827/95,DENV1/THAILAND/1995/30103/95,DENV1/THAILAND/1995/30139/95,DENV1/THAILAND/1995/30158/95,DENV1/THAILAND/1995/30166/95,DENV1/THAILAND/1995/30177/95,DENV1/THAILAND/1995/30179/95,DENV1/THAILAND/1995/30201/95,DENV1/THAILAND/1995/30211/95,DENV1/THAILAND/1995/30254/95,DENV1/THAILAND/1995/30255/95,DENV1/THAILAND/1995/30295/95,DENV1/THAILAND/1995/30423/95,DENV1/THAILAND/1995/30466/95,DENV1/THAILAND/1996/00375/96,DENV1/THAILAND/1996/00942/96,DENV1/THAILAND/1996/00970/96,DENV1/THAILAND/1996/01023/96,DENV1/THAILAND/1996/01049/96,DENV1/THAILAND/1996/01055/96,DENV1/THAILAND/1996/01095/96,DENV1/THAILAND/1996/01114/96,DENV1/THAILAND/1996/01134/96,DENV1/THAILAND/1996/01139/96,DENV1/THAILAND/1996/01231/96,DENV1/THAILAND/1996/01524/96,DENV1/THAILAND/1996/01763/96,DENV1/THAILAND/1996/01771/96,DENV1/THAILAND/1996/01789/96,DENV1/THAILAND/1996/01792/96,DENV1/THAILAND/1996/01867/96,DENV1/THAILAND/1996/02174/96,DENV1/THAILAND/1996/02185/96,DENV1/THAILAND/1996/02208/96,DENV1/THAILAND/1996/02264/96,DENV1/THAILAND/1996/02443/96,DENV1/THAILAND/1996/02452/96,DENV1/THAILAND/1997/00012/97,DENV1/THAILAND/1997/00115/97,DENV1/THAILAND/1997/00377/97,DENV1/THAILAND/1997/00382/97,DENV1/THAILAND/1997/00926/97,DENV1/THAILAND/1997/00927/97,DENV1/THAILAND/1997/01057/97,DENV1/THAILAND/1997/01403/97,DENV1/THAILAND/1997/02080/97,DENV1/THAILAND/1997/02090/97,DENV1/THAILAND/1997/02588/97,DENV1/THAILAND/1997/02701/97,DENV1/THAILAND/1997/03152/97,DENV1/THAILAND/1997/03398/97,DENV1/THAILAND/1997/03401/97,DENV1/THAILAND/1997/03948/97,DENV1/THAILAND/1997/04772/97,DENV1/THAILAND/1997/05014/97,DENV1/THAILAND/1997/05035/97,DENV1/THAILAND/1997/05131/97,DENV1/THAILAND/1997/05802/97,DENV1/THAILAND/1997/05865/97,DENV1/THAILAND/1997/07423/97,DENV1/THAILAND/1997/07794/97,DENV1/THAILAND/1998/00141/98,DENV1/THAILAND/1998/00233/98,DENV1/THAILAND/1998/00422/98,DENV1/THAILAND/1998/00428/98,DENV1/THAILAND/1998/00442/98,DENV1/THAILAND/1998/00473/98,DENV1/THAILAND/1998/00592/98,DENV1/THAILAND/1998/00669/98,DENV1/THAILAND/1998/00739/98,DENV1/THAILAND/1998/01173/98,DENV1/THAILAND/1998/01315/98,DENV1/THAILAND/1998/01579/98,DENV1/THAILAND/1998/01582/98,DENV1/THAILAND/1998/01610/98,DENV1/THAILAND/1998/01723/98,DENV1/THAILAND/1998/01932/98,DENV1/THAILAND/1998/02128/98,DENV1/THAILAND/1998/02355/98,DENV1/THAILAND/1998/02640/98,DENV1/THAILAND/1998/02932/98,DENV1/THAILAND/1998/02988/98,DENV1/THAILAND/1998/04294/98,DENV1/THAILAND/1998/04404/98,DENV1/THAILAND/1998/04922/98,DENV1/THAILAND/1998/04979/98,DENV1/THAILAND/1998/04985/98,DENV1/THAILAND/1998/05917/98,DENV1/THAILAND/1998/06169/98,DENV1/THAILAND/1998/06329/98,DENV1/THAILAND/1998/06491/98,DENV1/THAILAND/1998/06566/98,DENV1/THAILAND/1998/06705/98,DENV1/THAILAND/1998/06761/98,DENV1/THAILAND/1998/06810/98,DENV1/THAILAND/1998/06870/98,DENV1/THAILAND/1999/00262/99,DENV1/THAILAND/1999/00365/99,DENV1/THAILAND/1999/00380/99,DENV1/THAILAND/1999/00413/99,DENV1/THAILAND/1999/00594/99,DENV1/THAILAND/1999/00684/99,DENV1/THAILAND/1999/00692/99,DENV1/THAILAND/1999/02859/99,DENV1/THAILAND/1999/03410/99,DENV1/THAILAND/1999/03427/99,DENV1/THAILAND/1999/03440/99,DENV1/THAILAND/1999/03450/99,DENV1/THAILAND/1999/03646/99,DENV1/THAILAND/1999/03704/99,DENV1/THAILAND/1999/03739/99,DENV1/THAILAND/1999/03805/99,DENV1/THAILAND/1999/04347/99,DENV1/THAILAND/1999/04348/99,DENV1/THAILAND/1999/04350/99,DENV1/THAILAND/1999/04438/99,DENV1/THAILAND/1999/05390/99,DENV1/THAILAND/1999/05946/99,DENV1/THAILAND/2000/00163/00,DENV1/THAILAND/2000/01236/00,DENV1/THAILAND/2000/01239/00,DENV1/THAILAND/2000/01264/00,DENV1/THAILAND/2000/01349/00,DENV1/THAILAND/2000/01397/00,DENV1/THAILAND/2000/01476/00,DENV1/THAILAND/2000/01483/00,DENV1/THAILAND/2000/01492/00,DENV1/THAILAND/2000/01565/00,DENV1/THAILAND/2000/01606/00,DENV1/THAILAND/2000/01624/00,DENV1/THAILAND/2000/01639/00,DENV1/THAILAND/2000/01661/00,DENV1/THAILAND/2000/01798/00,DENV1/THAILAND/2000/01909/00,DENV1/THAILAND/2000/02059/00,DENV1/THAILAND/2000/02089/00,DENV1/THAILAND/2000/02094/00,DENV1/THAILAND/2000/04850/00,DENV1/THAILAND/2000/04866/00,DENV1/THAILAND/2000/05411/00,DENV1/THAILAND/2000/05522/00,DENV1/THAILAND/2000/05574/00,DENV1/THAILAND/2000/05580/00,DENV1/THAILAND/2000/05603/00,DENV1/THAILAND/2000/05605/00,DENV1/THAILAND/2000/05722/00,DENV1/THAILAND/2000/05725/00,DENV1/THAILAND/2000/05829/00,DENV1/THAILAND/2000/05866/00,DENV1/THAILAND/2000/05886/00,DENV1/THAILAND/2000/05899/00,DENV1/THAILAND/2000/06012/00,DENV1/THAILAND/2000/06069/00,DENV1/THAILAND/2000/06103/00,DENV1/THAILAND/2000/06113/00,DENV1/THAILAND/2001/00047/01,DENV1/THAILAND/2001/00189/01,DENV1/THAILAND/2001/00355/01,DENV1/THAILAND/2001/00494/01,DENV1/THAILAND/2001/00580/01,DENV1/THAILAND/2001/00822/01,DENV1/THAILAND/2001/01039/01,DENV1/THAILAND/2001/02478/01,DENV1/THAILAND/2001/02633/01,DENV1/THAILAND/2001/02991/01,DENV1/THAILAND/2001/03086/01,DENV1/THAILAND/2001/03090/01,DENV1/THAILAND/2001/03116/01,DENV1/THAILAND/2001/03334/01,DENV1/THAILAND/2001/03599/01,DENV1/THAILAND/2001/03878/01,DENV1/THAILAND/2001/03897/01,DENV1/THAILAND/2001/03910/01,DENV1/THAILAND/2001/03916/01,DENV1/THAILAND/2001/04083/01,DENV1/THAILAND/2001/04247/01,DENV1/THAILAND/2001/04601/01,DENV1/THAILAND/2001/04762/01,DENV1/THAILAND/2001/04774/01,DENV1/THAILAND/2001/05097/01,DENV1/THAILAND/2001/05236/01,DENV1/THAILAND/2001/05282/01,DENV1/THAILAND/2001/05287/01,DENV1/THAILAND/2001/05491/01,DENV1/THAILAND/2001/05600/01,DENV1/THAILAND/2001/05601/01,DENV1/THAILAND/2001/05905/01,DENV1/THAILAND/2001/06099/01,DENV1/THAILAND/2001/06112/01,DENV1/THAILAND/2001/06236/01,DENV1/THAILAND/2001/06237/01,DENV1/THAILAND/2001/06498/01,DENV1/THAILAND/2001/06552/01,DENV1/THAILAND/2001/06632/01,DENV1/THAILAND/2001/06889/01,DENV1/THAILAND/2002/00431/02,DENV1/THAILAND/2002/00440/02,DENV1/THAILAND/2002/00479/02,DENV1/THAILAND/2002/00600/02,DENV1/THAILAND/2002/00644/02,DENV1/THAILAND/2002/00650/02,DENV1/THAILAND/2002/00731/02,DENV1/THAILAND/2002/00995/02,DENV1/THAILAND/2002/01048/02,DENV1/THAILAND/2002/01091/02,DENV1/THAILAND/2002/01117/02,DENV1/THAILAND/2002/01393/02,DENV1/THAILAND/2002/01443/02,DENV1/THAILAND/2002/01459/02,DENV1/THAILAND/2002/01462/02,DENV1/THAILAND/2002/01473/02,DENV1/THAILAND/2002/01579/02,DENV1/THAILAND/2002/01813/02,DENV1/THAILAND/2002/01819/02,DENV1/THAILAND/2002/01821/02,DENV1/THAILAND/2002/01893/02,DENV1/THAILAND/2002/02110/02,DENV1/THAILAND/2002/02168/02,DENV1/THAILAND/2002/02557/02,DENV1/THAILAND/2002/02630/02,DENV1/THAILAND/2002/02860/02,DENV1/THAILAND/2002/02894/02,DENV1/THAILAND/2002/02908/02,DENV1/THAILAND/2002/02912/02,DENV1/THAILAND/2002/02913/02,DENV1/THAILAND/2002/02928/02,DENV1/THAILAND/2002/02986/02,DENV1/THAILAND/2002/03029/02,DENV1/THAILAND/2002/03030/02,DENV1/THAILAND/2002/03161/02,DENV1/THAILAND/2002/03162/02,DENV1/THAILAND/2002/03163/02,DENV1/THAILAND/2003/00170/03,DENV1/THAILAND/2003/00275/03,DENV1/THAILAND/2003/00311/03,DENV1/THAILAND/2003/00348/03,DENV1/THAILAND/2003/00349/03,DENV1/THAILAND/2003/00373/03,DENV1/THAILAND/2003/00427/03,DENV1/THAILAND/2003/00496/03,DENV1/THAILAND/2003/00537/03,DENV1/THAILAND/2003/00543/03,DENV1/THAILAND/2003/00596/03,DENV1/THAILAND/2003/00598/03,DENV1/THAILAND/2003/00697/03,DENV1/THAILAND/2003/00961/03,DENV1/THAILAND/2003/01023/03,DENV1/THAILAND/2003/01203/03,DENV1/THAILAND/2003/01373/03,DENV1/THAILAND/2003/01555/03,DENV1/THAILAND/2003/01815/03,DENV1/THAILAND/2003/01849/03,DENV1/THAILAND/2003/01851/03,DENV1/THAILAND/2003/01982/03,DENV1/THAILAND/2003/02031/03,DENV1/THAILAND/2003/02150/03,DENV1/THAILAND/2003/02371/03,DENV1/THAILAND/2004/00062/04,DENV1/THAILAND/2004/00068/04,DENV1/THAILAND/2004/00088/04,DENV1/THAILAND/2004/00223/04,DENV1/THAILAND/2004/00259/04,DENV1/THAILAND/2004/00369/04,DENV1/THAILAND/2004/00436/04,DENV1/THAILAND/2004/00477/04,DENV1/THAILAND/2004/00479/04,DENV1/THAILAND/2004/00493/04,DENV1/THAILAND/2004/00532/04,DENV1/THAILAND/2004/00725/04,DENV1/THAILAND/2004/00758/04,DENV1/THAILAND/2004/00793/04,DENV1/THAILAND/2004/00878/04,DENV1/THAILAND/2004/00975/04,DENV1/THAILAND/2004/01038/04,DENV1/THAILAND/2004/01274/04,DENV1/THAILAND/2004/01309/04,DENV1/THAILAND/2004/01313/04,DENV1/THAILAND/2004/01411/04,DENV1/THAILAND/2004/01416/04,DENV1/THAILAND/2004/01420/04,DENV1/THAILAND/2004/01425/04,DENV1/THAILAND/2004/01530/04,DENV1/THAILAND/2004/01604/04,DENV1/THAILAND/2004/01640/04,DENV1/THAILAND/2004/01692/04,DENV1/THAILAND/2004/01764/04,DENV1/THAILAND/2005/00109/05,DENV1/THAILAND/2005/00186/05,DENV1/THAILAND/2005/00208/05,DENV1/THAILAND/2005/00210/05,DENV1/THAILAND/2005/00211/05,DENV1/THAILAND/2005/00258/05,DENV1/THAILAND/2005/00306/05,DENV1/THAILAND/2005/00479/05,DENV1/THAILAND/2005/00617/05,DENV1/THAILAND/2005/00647/05,DENV1/THAILAND/2005/00667/05,DENV1/THAILAND/2005/00743/05,DENV1/THAILAND/2005/00744/05,DENV1/THAILAND/2005/01040/05,DENV1/THAILAND/2005/01147/05,DENV1/THAILAND/2005/01331/05,DENV1/THAILAND/2005/01383/05,DENV1/THAILAND/2005/01567/05,DENV1/THAILAND/2005/01578/05,DENV1/THAILAND/2005/01591/05,DENV1/THAILAND/2005/01616/05,DENV1/THAILAND/2005/01651/05,DENV1/THAILAND/2006/00002/06,DENV1/THAILAND/2006/00003/06,DENV1/THAILAND/2006/00004/06,DENV1/THAILAND/2006/00006/06,DENV1/THAILAND/2006/00007/06,DENV1/THAILAND/2006/00010/06,DENV1/THAILAND/2006/00030/06,DENV1/THAILAND/2006/00048/06,DENV1/THAILAND/2006/00068/06,DENV1/THAILAND/2006/00069/06,DENV1/THAILAND/2006/00074/06,DENV1/THAILAND/2006/00080/06,DENV1/THAILAND/2006/00113/06,DENV1/THAILAND/2006/00172/06,DENV1/THAILAND/2006/00188/06,DENV1/THAILAND/2006/00201/06,DENV1/THAILAND/2006/00209/06,DENV1/THAILAND/2006/00211/06,DENV1/THAILAND/2006/00213/06,DENV1/THAILAND/2006/00228/06,DENV1/THAILAND/2006/00231/06,DENV1/THAILAND/2006/00232/06,DENV1/THAILAND/2006/00248/06,DENV1/THAILAND/2006/00265/06,DENV1/THAILAND/2006/00287/06,DENV1/THAILAND/2006/00318/06,DENV1/THAILAND/2006/00326/06,DENV1/THAILAND/2006/00332/06,DENV1/THAILAND/2006/00334/06,DENV1/THAILAND/2006/00365/06,DENV1/THAILAND/2006/00369/06,DENV1/THAILAND/2006/00371/06,DENV1/THAILAND/2006/00392/06,DENV1/THAILAND/2006/00398/06,DENV1/THAILAND/2006/00411/06,DENV1/THAILAND/2006/00418/06,DENV1/THAILAND/2006/00437/06,DENV1/THAILAND/2006/00438/06,DENV1/THAILAND/2006/00443/06,DENV1/THAILAND/2006/00458/06,DENV1/THAILAND/2006/00462/06,DENV1/THAILAND/2006/00482/06,DENV1/THAILAND/2006/00490/06,DENV1/THAILAND/2006/00492/06,DENV1/THAILAND/2006/00498/06,DENV1/THAILAND/2006/00514/06,DENV1/THAILAND/2006/00527/06,DENV1/THAILAND/2006/00551/06,DENV1/THAILAND/2006/00555/06,DENV1/THAILAND/2006/00577/06,DENV1/THAILAND/2006/00616/06,DENV1/THAILAND/2006/00631/06,DENV1/THAILAND/2006/00674/06,DENV1/THAILAND/2006/00690/06,DENV1/THAILAND/2006/00698/06,DENV1/THAILAND/2006/00709/06,DENV1/THAILAND/2006/00713/06,DENV1/THAILAND/2006/00728/06,DENV1/THAILAND/2006/00761/06,DENV1/THAILAND/2006/00817/06,DENV1/THAILAND/2006/00825/06,DENV1/THAILAND/2006/00833/06,DENV1/THAILAND/2006/00841/06,DENV1/THAILAND/2006/00921/06,DENV1/THAILAND/2006/00966/06,DENV1/THAILAND/2006/01001/06,DENV1/THAILAND/2006/01014/06,DENV1/THAILAND/2006/01038/06,DENV1/THAILAND/2006/01057/06,DENV1/THAILAND/2006/01089/06,DENV1/THAILAND/2006/01093/06,DENV1/THAILAND/2006/01096/06,DENV1/THAILAND/2006/01104/06,DENV1/THAILAND/2006/01108/06,DENV1/THAILAND/2006/01140/06,DENV1/THAILAND/2006/01141/06,DENV1/THAILAND/2006/01143/06,DENV1/THAILAND/2006/01145/06,DENV1/THAILAND/2006/01170/06,DENV1/THAILAND/2006/01211/06,DENV1/THAILAND/2006/01214/06,DENV1/THAILAND/2006/01229/06,DENV1/THAILAND/2006/01241/06,DENV1/THAILAND/2006/01242/06,DENV1/THAILAND/2006/01273/06,DENV1/THAILAND/2006/01277/06,DENV1/THAILAND/2006/01330/06,DENV1/THAILAND/2006/01332/06,DENV1/THAILAND/2006/01334/06,DENV1/THAILAND/2006/01335/06,DENV1/THAILAND/2006/01376/06,DENV1/THAILAND/2006/01377/06,DENV1/THAILAND/2006/01380/06,DENV1/THAILAND/2006/01381/06,DENV1/THAILAND/2006/01383/06,DENV1/THAILAND/2006/01386/06,DENV1/THAILAND/2006/01402/06,DENV1/THAILAND/2006/01444/06,DENV1/THAILAND/2006/01448/06,DENV1/THAILAND/2006/01453/06,DENV1/THAILAND/2006/01483/06,DENV1/THAILAND/2006/01499/06,DENV1/THAILAND/2006/01505/06,DENV1/THAILAND/2006/01511/06,DENV1/THAILAND/2006/01512/06,DENV1/THAILAND/2006/01528/06,DENV1/THAILAND/2006/01529/06,DENV1/THAILAND/2006/01530/06,DENV1/THAILAND/2006/01535/06,DENV1/THAILAND/2006/01538/06,DENV1/THAILAND/2006/01561/06,DENV1/THAILAND/2006/01563/06,DENV1/THAILAND/2006/01573/06,DENV1/THAILAND/2006/01595/06,DENV1/THAILAND/2006/01635/06,DENV1/THAILAND/2006/01650/06,DENV1/THAILAND/2006/01678/06,DENV1/THAILAND/2006/01690/06,DENV1/THAILAND/2006/01710/06,DENV1/THAILAND/2006/01774/06,DENV1/THAILAND/2006/01820/06,DENV1/THAILAND/2006/01823/06,DENV1/THAILAND/2006/01830/06,DENV1/THAILAND/2006/01831/06,DENV1/THAILAND/2006/01858/06,DENV1/THAILAND/2006/01931/06,DENV1/THAILAND/2006/01932/06,DENV1/THAILAND/2006/01934/06,DENV1/THAILAND/2006/01936/06,DENV1/THAILAND/2006/01937/06,DENV1/THAILAND/2006/02000/06,DENV1/THAILAND/2006/02035/06,DENV1/THAILAND/2006/02046/06,DENV1/THAILAND/2006/02050/06,DENV1/THAILAND/2006/02076/06,DENV1/THAILAND/2006/02079/06,DENV1/THAILAND/2006/02080/06,DENV1/THAILAND/2006/02114/06,DENV1/THAILAND/2006/02116/06,DENV1/THAILAND/2006/02118/06,DENV1/THAILAND/2006/02122/06,DENV1/THAILAND/2006/02127/06,DENV1/THAILAND/2006/02129/06,DENV1/THAILAND/2006/02131/06,DENV1/THAILAND/2006/02193/06,DENV1/THAILAND/2006/02196/06,DENV1/THAILAND/2006/02239/06,DENV1/THAILAND/2006/02270/06,DENV1/THAILAND/2006/02296/06,DENV1/THAILAND/2006/02333/06,DENV1/THAILAND/2006/02340/06,DENV1/THAILAND/2006/02344/06,DENV1/THAILAND/2006/02356/06,DENV1/THAILAND/2006/02358/06,DENV1/THAILAND/2006/02361/06,DENV1/THAILAND/2006/02395/06,DENV1/THAILAND/2006/02424/06,DENV1/THAILAND/2006/02433/06,DENV1/THAILAND/2006/02454/06,DENV1/THAILAND/2006/02459/06,DENV1/THAILAND/2006/02499/06,DENV1/THAILAND/2006/02508/06,DENV1/THAILAND/2006/02509/06,DENV1/THAILAND/2006/02511/06,DENV1/THAILAND/2006/02539/06,DENV1/THAILAND/2006/02547/06,DENV1/THAILAND/2006/02548/06,DENV1/THAILAND/2006/02549/06,DENV1/THAILAND/2006/02553/06,DENV1/THAILAND/2006/02554/06,DENV1/THAILAND/2006/02583/06,DENV1/THAILAND/2006/02584/06,DENV1/THAILAND/2006/02585/06,DENV1/THAILAND/2006/02588/06,DENV1/THAILAND/2006/02592/06,DENV1/THAILAND/2006/02595/06,DENV1/THAILAND/2006/02615/06,DENV1/THAILAND/2006/02634/06,DENV1/THAILAND/2006/02648/06,DENV1/THAILAND/2006/02653/06,DENV1/THAILAND/2006/02657/06,DENV1/THAILAND/2006/02673/06,DENV1/THAILAND/2006/02676/06,DENV1/THAILAND/2006/02677/06,DENV1/THAILAND/2006/02679/06,DENV1/THAILAND/2006/02681/06,DENV1/THAILAND/2006/02717/06,DENV1/THAILAND/2006/02718/06,DENV1/THAILAND/2006/02719/06,DENV1/THAILAND/2006/02723/06,DENV1/THAILAND/2006/02725/06,DENV1/THAILAND/2006/02729/06,DENV1/THAILAND/2006/02730/06,DENV1/THAILAND/2006/02776/06,DENV1/THAILAND/2006/02789/06,DENV1/THAILAND/2006/02808/06,DENV1/THAILAND/2006/02815/06,DENV1/THAILAND/2006/02817/06,DENV1/THAILAND/2006/02834/06,DENV1/THAILAND/2006/02835/06,DENV1/THAILAND/2006/02847/06,DENV1/THAILAND/2006/02848/06,DENV1/THAILAND/2007/01479/07,DENV1/THAILAND/2010/00792/10,DENV1/THAILAND/2010/00887/10,DENV1/THAILAND/2010/01040/10,DENV1/THAILAND/2010/01044/10,DENV1/THAILAND/2010/01175/10,DENV1/THAILAND/2010/01302/10,DENV1/THAILAND/2010/01327/10,DENV1/THAILAND/2010/01381/10,DENV1/THAILAND/2010/01436/10,DENV1/THAILAND/2010/01446/10,DENV1/THAILAND/2010/01447/10,DENV1/THAILAND/2010/01510/10,DENV1/THAILAND/2010/01518/10,DENV1/THAILAND/2010/01521/10,DENV1/THAILAND/2010/01600/10,DENV1/THAILAND/2011/00002/11,DENV1/THAILAND/2011/00046/11,DENV1/THAILAND/2011/00055/11,DENV1/THAILAND/2011/00272/11,DENV1/THAILAND/2011/00330/11,DENV1/THAILAND/2011/00349/11,DENV1/THAILAND/2011/00358/11,DENV1/THAILAND/2011/00432/11,DENV1/THAILAND/2011/00493/11,DENV1/THAILAND/2011/00577/11,DENV1/THAILAND/2011/00626/11,DENV1/THAILAND/2011/00750/11,DENV1/THAILAND/2011/00757/11,DENV1/THAILAND/2011/00785/11,DENV1/THAILAND/2011/00938/11,DENV1/THAILAND/2011/01202/11,DENV1/THAILAND/2011/01259/11,DENV1/THAILAND/2011/01302/11,DENV1/THAILAND/2011/01392/11,DENV1/THAILAND/2011/01450/11,DENV1/THAILAND/2011/01453/11,DENV1/THAILAND/2012/00305/12,DENV1/THAILAND/2012/00346/12,DENV1/THAILAND/2012/00358/12,DENV1/THAILAND/2012/00511/12,DENV1/THAILAND/2012/00543/12,DENV1/THAILAND/2012/00580/12,DENV1/THAILAND/2012/00763/12,DENV1/THAILAND/2012/00777/12,DENV1/THAILAND/2012/00807/12,DENV1/THAILAND/2012/00809/12,DENV1/THAILAND/2012/00829/12,DENV1/THAILAND/2012/00840/12,DENV1/THAILAND/2012/00878/12,DENV1/THAILAND/2012/00943/12,DENV1/THAILAND/2012/01006/12,DENV1/THAILAND/2012/01133/12,DENV1/THAILAND/2013/00059/13,DENV1/THAILAND/2013/00062/13,DENV1/THAILAND/2013/00090/13,DENV1/THAILAND/2013/00192/13,DENV1/THAILAND/2013/00270/13,DENV1/THAILAND/2013/00297/13,DENV1/THAILAND/2013/00343/13,DENV1/THAILAND/2013/00456/13,DENV1/THAILAND/2013/00485/13,DENV1/THAILAND/2013/00607/13,DENV1/THAILAND/2013/01031/13,DENV1/THAILAND/2013/01060/13,DENV1/THAILAND/2013/01143/13,DENV1/THAILAND/2013/01152/13,DENV1/THAILAND/2013/01570/13,DENV1/THAILAND/2014/00213/14,DENV1/THAILAND/2014/00444/14,DENV1/THAILAND/2014/00485/14,DENV1/THAILAND/2014/00554/14,DENV1/THAILAND/2014/00559/14,DENV1/THAILAND/2014/00572/14,DENV1/THAILAND/2014/00624/14,DENV1/THAILAND/2014/00634/14,DENV1/THAILAND/2014/00725/14,DENV1/THAILAND/2014/00738/14,DENV1/THAILAND/2014/00758/14,DENV1/VENEZUELA/2000/OBT-1298,DENV1/VIETNAM/2008/BID-V1937,DENV2/BRAZIL/2004/BR-161,DENV2/CAMBODIA/2007/FJ639717,DENV2/CAMBODIA/2007/GU131927,DENV2/CAMBODIA/2008/GQ868638,DENV2/INDIA/1974/POONA-742295,DENV2/NEWGUINEA/1944/NEWGUINEAC,DENV2/PERU/1996/IQT2913,DENV2/THAILAND/1988/05470/88,DENV2/THAILAND/1994/00126/94,DENV2/THAILAND/1994/00327/94,DENV2/THAILAND/1994/00489/94,DENV2/THAILAND/1994/00523/94,DENV2/THAILAND/1994/00612/94,DENV2/THAILAND/1994/00637/94,DENV2/THAILAND/1994/00662/94,DENV2/THAILAND/1994/00706/94,DENV2/THAILAND/1994/00849/94,DENV2/THAILAND/1994/00921/94,DENV2/THAILAND/1994/00937/94,DENV2/THAILAND/1994/00997/94,DENV2/THAILAND/1994/01034/94,DENV2/THAILAND/1994/01414/94,DENV2/THAILAND/1994/01429/94,DENV2/THAILAND/1994/01430/94,DENV2/THAILAND/1994/01458/94,DENV2/THAILAND/1994/01488/94,DENV2/THAILAND/1994/01497/94,DENV2/THAILAND/1994/01536/94,DENV2/THAILAND/1995/00033/95,DENV2/THAILAND/1995/00233/95,DENV2/THAILAND/1995/00234/95,DENV2/THAILAND/1995/00298/95,DENV2/THAILAND/1995/00309/95,DENV2/THAILAND/1995/00436/95,DENV2/THAILAND/1995/00589/95,DENV2/THAILAND/1995/00656/95,DENV2/THAILAND/1995/00672/95,DENV2/THAILAND/1995/00759/95,DENV2/THAILAND/1995/00760/95,DENV2/THAILAND/1995/00773/95,DENV2/THAILAND/1995/00775/95,DENV2/THAILAND/1995/00777/95,DENV2/THAILAND/1995/00856/95,DENV2/THAILAND/1995/00895/95,DENV2/THAILAND/1995/00925/95,DENV2/THAILAND/1995/00976/95,DENV2/THAILAND/1995/00991/95,DENV2/THAILAND/1995/01001/95,DENV2/THAILAND/1995/01019/95,DENV2/THAILAND/1995/01082/95,DENV2/THAILAND/1995/01088/95,DENV2/THAILAND/1995/01241/95,DENV2/THAILAND/1995/01261/95,DENV2/THAILAND/1995/01281/95,DENV2/THAILAND/1995/01619/95,DENV2/THAILAND/1995/01636/95,DENV2/THAILAND/1995/01656/95,DENV2/THAILAND/1995/01800/95,DENV2/THAILAND/1996/00020/96,DENV2/THAILAND/1996/00024/96,DENV2/THAILAND/1996/00043/96,DENV2/THAILAND/1996/00742/96,DENV2/THAILAND/1996/00788/96,DENV2/THAILAND/1996/00945/96,DENV2/THAILAND/1996/00974/96,DENV2/THAILAND/1996/00996/96,DENV2/THAILAND/1996/01163/96,DENV2/THAILAND/1996/01175/96,DENV2/THAILAND/1996/01181/96,DENV2/THAILAND/1996/01182/96,DENV2/THAILAND/1996/01309/96,DENV2/THAILAND/1996/01315/96,DENV2/THAILAND/1996/01431/96,DENV2/THAILAND/1996/01816/96,DENV2/THAILAND/1996/01865/96,DENV2/THAILAND/1996/01940/96,DENV2/THAILAND/1996/02118/96,DENV2/THAILAND/1996/02119/96,DENV2/THAILAND/1996/02126/96,DENV2/THAILAND/1996/02136/96,DENV2/THAILAND/1996/02199/96,DENV2/THAILAND/1996/02234/96,DENV2/THAILAND/1996/02561/96,DENV2/THAILAND/1997/00084/97,DENV2/THAILAND/1997/00112/97,DENV2/THAILAND/1997/00494/97,DENV2/THAILAND/1997/00760/97,DENV2/THAILAND/1997/00774/97,DENV2/THAILAND/1997/00809/97,DENV2/THAILAND/1997/02158/97,DENV2/THAILAND/1997/02174/97,DENV2/THAILAND/1997/02206/97,DENV2/THAILAND/1997/03060/97,DENV2/THAILAND/1997/03064/97,DENV2/THAILAND/1997/03066/97,DENV2/THAILAND/1997/03412/97,DENV2/THAILAND/1997/04732/97,DENV2/THAILAND/1997/04952/97,DENV2/THAILAND/1997/05107/97,DENV2/THAILAND/1997/05157/97,DENV2/THAILAND/1997/05493/97,DENV2/THAILAND/1997/05925/97,DENV2/THAILAND/1997/06036/97,DENV2/THAILAND/1997/07130/97,DENV2/THAILAND/1997/07161/97,DENV2/THAILAND/1997/07537/97,DENV2/THAILAND/1997/07718/97,DENV2/THAILAND/1997/07854/97,DENV2/THAILAND/1998/00295/98,DENV2/THAILAND/1998/00309/98,DENV2/THAILAND/1998/00425/98,DENV2/THAILAND/1998/00441/98,DENV2/THAILAND/1998/00443/98,DENV2/THAILAND/1998/00458/98,DENV2/THAILAND/1998/00554/98,DENV2/THAILAND/1998/00672/98,DENV2/THAILAND/1998/00800/98,DENV2/THAILAND/1998/01199/98,DENV2/THAILAND/1998/01344/98,DENV2/THAILAND/1998/01376/98,DENV2/THAILAND/1998/01550/98,DENV2/THAILAND/1998/01565/98,DENV2/THAILAND/1998/01718/98,DENV2/THAILAND/1998/01787/98,DENV2/THAILAND/1998/02459/98,DENV2/THAILAND/1998/02918/98,DENV2/THAILAND/1998/03042/98,DENV2/THAILAND/1998/04334/98,DENV2/THAILAND/1998/04648/98,DENV2/THAILAND/1998/04726/98,DENV2/THAILAND/1998/06160/98,DENV2/THAILAND/1998/06328/98,DENV2/THAILAND/1998/06341/98,DENV2/THAILAND/1998/06650/98,DENV2/THAILAND/1998/06668/98,DENV2/THAILAND/1998/06771/98,DENV2/THAILAND/1998/06814/98,DENV2/THAILAND/1998/06895/98,DENV2/THAILAND/1998/06902/98,DENV2/THAILAND/1998/06903/98,DENV2/THAILAND/1998/07035/98,DENV2/THAILAND/1999/00015/99,DENV2/THAILAND/1999/00364/99,DENV2/THAILAND/1999/02816/99,DENV2/THAILAND/1999/02866/99,DENV2/THAILAND/1999/02947/99,DENV2/THAILAND/1999/03093/99,DENV2/THAILAND/1999/03333/99,DENV2/THAILAND/1999/03510/99,DENV2/THAILAND/1999/03579/99,DENV2/THAILAND/1999/03657/99,DENV2/THAILAND/1999/03658/99,DENV2/THAILAND/1999/03680/99,DENV2/THAILAND/1999/03684/99,DENV2/THAILAND/1999/03844/99,DENV2/THAILAND/1999/04031/99,DENV2/THAILAND/1999/04056/99,DENV2/THAILAND/1999/04156/99,DENV2/THAILAND/1999/04177/99,DENV2/THAILAND/1999/04373/99,DENV2/THAILAND/1999/04539/99,DENV2/THAILAND/1999/04790/99,DENV2/THAILAND/1999/05342/99,DENV2/THAILAND/1999/05512/99,DENV2/THAILAND/1999/05539/99,DENV2/THAILAND/2000/00077/00,DENV2/THAILAND/2000/00188/00,DENV2/THAILAND/2000/00333/00,DENV2/THAILAND/2000/00342/00,DENV2/THAILAND/2000/00380/00,DENV2/THAILAND/2000/00430/00,DENV2/THAILAND/2000/01249/00,DENV2/THAILAND/2000/01326/00,DENV2/THAILAND/2000/01368/00,DENV2/THAILAND/2000/01559/00,DENV2/THAILAND/2000/01636/00,DENV2/THAILAND/2000/01667/00,DENV2/THAILAND/2000/01695/00,DENV2/THAILAND/2000/01754/00,DENV2/THAILAND/2000/01899/00,DENV2/THAILAND/2000/02022/00,DENV2/THAILAND/2000/02113/00,DENV2/THAILAND/2000/02164/00,DENV2/THAILAND/2000/02180/00,DENV2/THAILAND/2000/02212/00,DENV2/THAILAND/2000/02247/00,DENV2/THAILAND/2000/04842/00,DENV2/THAILAND/2000/05492/00,DENV2/THAILAND/2000/05493/00,DENV2/THAILAND/2000/05511/00,DENV2/THAILAND/2000/05512/00,DENV2/THAILAND/2000/05529/00,DENV2/THAILAND/2000/05692/00,DENV2/THAILAND/2000/05855/00,DENV2/THAILAND/2000/05882/00,DENV2/THAILAND/2000/05888/00,DENV2/THAILAND/2000/05894/00,DENV2/THAILAND/2000/06009/00,DENV2/THAILAND/2000/06013/00,DENV2/THAILAND/2000/06060/00,DENV2/THAILAND/2000/06109/00,DENV2/THAILAND/2001/00017/01,DENV2/THAILAND/2001/00135/01,DENV2/THAILAND/2001/00193/01,DENV2/THAILAND/2001/00285/01,DENV2/THAILAND/2001/00345/01,DENV2/THAILAND/2001/00615/01,DENV2/THAILAND/2001/00721/01,DENV2/THAILAND/2001/01026/01,DENV2/THAILAND/2001/02860/01,DENV2/THAILAND/2001/02900/01,DENV2/THAILAND/2001/02913/01,DENV2/THAILAND/2001/03244/01,DENV2/THAILAND/2001/03564/01,DENV2/THAILAND/2001/03600/01,DENV2/THAILAND/2001/03693/01,DENV2/THAILAND/2001/03876/01,DENV2/THAILAND/2001/03921/01,DENV2/THAILAND/2001/03993/01,DENV2/THAILAND/2001/04089/01,DENV2/THAILAND/2001/04221/01,DENV2/THAILAND/2001/04225/01,DENV2/THAILAND/2001/04451/01,DENV2/THAILAND/2001/04493/01,DENV2/THAILAND/2001/04759/01,DENV2/THAILAND/2001/04834/01,DENV2/THAILAND/2001/04839/01,DENV2/THAILAND/2001/04897/01,DENV2/THAILAND/2001/04957/01,DENV2/THAILAND/2001/05012/01,DENV2/THAILAND/2001/05015/01,DENV2/THAILAND/2001/05042/01,DENV2/THAILAND/2001/05353/01,DENV2/THAILAND/2001/05695/01,DENV2/THAILAND/2001/05819/01,DENV2/THAILAND/2001/05885/01,DENV2/THAILAND/2001/06096/01,DENV2/THAILAND/2001/06281/01,DENV2/THAILAND/2001/06383/01,DENV2/THAILAND/2001/06627/01,DENV2/THAILAND/2001/06793/01,DENV2/THAILAND/2001/06834/01,DENV2/THAILAND/2002/00035/02,DENV2/THAILAND/2002/00060/02,DENV2/THAILAND/2002/00074/02,DENV2/THAILAND/2002/00118/02,DENV2/THAILAND/2002/00444/02,DENV2/THAILAND/2002/00569/02,DENV2/THAILAND/2002/00590/02,DENV2/THAILAND/2002/00675/02,DENV2/THAILAND/2002/00750/02,DENV2/THAILAND/2002/00786/02,DENV2/THAILAND/2002/01005/02,DENV2/THAILAND/2002/01009/02,DENV2/THAILAND/2002/01024/02,DENV2/THAILAND/2002/01050/02,DENV2/THAILAND/2002/01209/02,DENV2/THAILAND/2002/01314/02,DENV2/THAILAND/2002/01318/02,DENV2/THAILAND/2002/01468/02,DENV2/THAILAND/2002/01636/02,DENV2/THAILAND/2002/01770/02,DENV2/THAILAND/2002/01899/02,DENV2/THAILAND/2002/02094/02,DENV2/THAILAND/2002/02321/02,DENV2/THAILAND/2002/02461/02,DENV2/THAILAND/2002/02484/02,DENV2/THAILAND/2002/02667/02,DENV2/THAILAND/2002/02678/02,DENV2/THAILAND/2002/02933/02,DENV2/THAILAND/2002/02934/02,DENV2/THAILAND/2002/02935/02,DENV2/THAILAND/2002/02971/02,DENV2/THAILAND/2002/03090/02,DENV2/THAILAND/2002/03130/02,DENV2/THAILAND/2002/03165/02,DENV2/THAILAND/2003/00035/03,DENV2/THAILAND/2003/00050/03,DENV2/THAILAND/2003/00070/03,DENV2/THAILAND/2003/00139/03,DENV2/THAILAND/2003/00207/03,DENV2/THAILAND/2003/00227/03,DENV2/THAILAND/2003/00270/03,DENV2/THAILAND/2003/00449/03,DENV2/THAILAND/2003/00499/03,DENV2/THAILAND/2003/00605/03,DENV2/THAILAND/2003/00977/03,DENV2/THAILAND/2003/01082/03,DENV2/THAILAND/2003/01268/03,DENV2/THAILAND/2003/01549/03,DENV2/THAILAND/2003/01693/03,DENV2/THAILAND/2003/01707/03,DENV2/THAILAND/2003/01888/03,DENV2/THAILAND/2003/01968/03,DENV2/THAILAND/2003/02148/03,DENV2/THAILAND/2003/02322/03,DENV2/THAILAND/2003/02339/03,DENV2/THAILAND/2003/02365/03,DENV2/THAILAND/2003/02455/03,DENV2/THAILAND/2004/00004/04,DENV2/THAILAND/2004/00037/04,DENV2/THAILAND/2004/00098/04,DENV2/THAILAND/2004/00159/04,DENV2/THAILAND/2004/00205/04,DENV2/THAILAND/2004/00213/04,DENV2/THAILAND/2004/00242/04,DENV2/THAILAND/2004/00248/04,DENV2/THAILAND/2004/00290/04,DENV2/THAILAND/2004/00560/04,DENV2/THAILAND/2004/00617/04,DENV2/THAILAND/2004/00630/04,DENV2/THAILAND/2004/00664/04,DENV2/THAILAND/2004/00673/04,DENV2/THAILAND/2004/00709/04,DENV2/THAILAND/2004/00740/04,DENV2/THAILAND/2004/01006/04,DENV2/THAILAND/2004/01007/04,DENV2/THAILAND/2004/01084/04,DENV2/THAILAND/2004/01109/04,DENV2/THAILAND/2004/01145/04,DENV2/THAILAND/2004/01177/04,DENV2/THAILAND/2004/01185/04,DENV2/THAILAND/2004/01218/04,DENV2/THAILAND/2004/01224/04,DENV2/THAILAND/2004/01256/04,DENV2/THAILAND/2004/01316/04,DENV2/THAILAND/2004/01462/04,DENV2/THAILAND/2004/01646/04,DENV2/THAILAND/2004/01666/04,DENV2/THAILAND/2005/00420/05,DENV2/THAILAND/2005/00901/05,DENV2/THAILAND/2005/00903/05,DENV2/THAILAND/2005/00953/05,DENV2/THAILAND/2005/01171/05,DENV2/THAILAND/2005/01291/05,DENV2/THAILAND/2005/01334/05,DENV2/THAILAND/2005/01381/05,DENV2/THAILAND/2005/01441/05,DENV2/THAILAND/2005/01465/05,DENV2/THAILAND/2005/01495/05,DENV2/THAILAND/2005/01534/05,DENV2/THAILAND/2005/01574/05,DENV2/THAILAND/2005/01594/05,DENV2/THAILAND/2006/00016/06,DENV2/THAILAND/2006/00036/06,DENV2/THAILAND/2006/00051/06,DENV2/THAILAND/2006/00111/06,DENV2/THAILAND/2006/00127/06,DENV2/THAILAND/2006/00289/06,DENV2/THAILAND/2006/00291/06,DENV2/THAILAND/2006/00390/06,DENV2/THAILAND/2006/00444/06,DENV2/THAILAND/2006/00495/06,DENV2/THAILAND/2006/00525/06,DENV2/THAILAND/2006/00586/06,DENV2/THAILAND/2006/00647/06,DENV2/THAILAND/2006/00678/06,DENV2/THAILAND/2006/00695/06,DENV2/THAILAND/2006/00697/06,DENV2/THAILAND/2006/00720/06,DENV2/THAILAND/2006/01212/06,DENV2/THAILAND/2006/01597/06,DENV2/THAILAND/2006/01625/06,DENV2/THAILAND/2006/01644/06,DENV2/THAILAND/2006/01841/06,DENV2/THAILAND/2006/01929/06,DENV2/THAILAND/2006/02182/06,DENV2/THAILAND/2006/02337/06,DENV2/THAILAND/2006/02391/06,DENV2/THAILAND/2006/02393/06,DENV2/THAILAND/2006/02398/06,DENV2/THAILAND/2006/02518/06,DENV2/THAILAND/2006/02617/06,DENV2/THAILAND/2006/02660/06,DENV2/THAILAND/2007/00045/07,DENV2/THAILAND/2007/00335/07,DENV2/THAILAND/2007/00496/07,DENV2/THAILAND/2007/00511/07,DENV2/THAILAND/2007/00538/07,DENV2/THAILAND/2007/00569/07,DENV2/THAILAND/2007/00576/07,DENV2/THAILAND/2007/00938/07,DENV2/THAILAND/2007/01496/07,DENV2/THAILAND/2007/01726/07,DENV2/THAILAND/2007/01836/07,DENV2/THAILAND/2007/01849/07,DENV2/THAILAND/2007/02071/07,DENV2/THAILAND/2007/02108/07,DENV2/THAILAND/2007/02195/07,DENV2/THAILAND/2010/00791/10,DENV2/THAILAND/2010/00911/10,DENV2/THAILAND/2010/01066/10,DENV2/THAILAND/2010/01109/10,DENV2/THAILAND/2010/01206/10,DENV2/THAILAND/2010/01340/10,DENV2/THAILAND/2010/01363/10,DENV2/THAILAND/2010/01384/10,DENV2/THAILAND/2010/01449/10,DENV2/THAILAND/2010/01549/10,DENV2/THAILAND/2010/01624/10,DENV2/THAILAND/2011/00045/11,DENV2/THAILAND/2011/00206/11,DENV2/THAILAND/2011/00220/11,DENV2/THAILAND/2011/00322/11,DENV2/THAILAND/2011/00331/11,DENV2/THAILAND/2011/00381/11,DENV2/THAILAND/2011/00556/11,DENV2/THAILAND/2011/00606/11,DENV2/THAILAND/2011/00647/11,DENV2/THAILAND/2011/00753/11,DENV2/THAILAND/2011/00825/11,DENV2/THAILAND/2011/00828/11,DENV2/THAILAND/2011/01220/11,DENV2/THAILAND/2011/01298/11,DENV2/THAILAND/2011/01429/11,DENV2/THAILAND/2011/01454/11,DENV2/THAILAND/2012/00009/12,DENV2/THAILAND/2012/00118/12,DENV2/THAILAND/2012/00144/12,DENV2/THAILAND/2012/00258/12,DENV2/THAILAND/2012/00273/12,DENV2/THAILAND/2012/00334/12,DENV2/THAILAND/2012/00342/12,DENV2/THAILAND/2012/00376/12,DENV2/THAILAND/2012/00478/12,DENV2/THAILAND/2012/00669/12,DENV2/THAILAND/2012/00741/12,DENV2/THAILAND/2012/00795/12,DENV2/THAILAND/2012/00826/12,DENV2/THAILAND/2012/00907/12,DENV2/THAILAND/2012/01090/12,DENV2/THAILAND/2012/01092/12,DENV2/THAILAND/2012/01113/12,DENV2/THAILAND/2013/00058/13,DENV2/THAILAND/2013/00078/13,DENV2/THAILAND/2013/00225/13,DENV2/THAILAND/2013/00269/13,DENV2/THAILAND/2013/00280/13,DENV2/THAILAND/2013/00662/13,DENV2/THAILAND/2013/00696/13,DENV2/THAILAND/2013/00838/13,DENV2/THAILAND/2013/01726/13,DENV2/THAILAND/2014/00016/14,DENV2/THAILAND/2014/00740/14,DENV3/CAMBODIA/2000/FJ639719,DENV3/CAMBODIA/2001/FJ639720,DENV3/CAMBODIA/2002/FJ639721,DENV3/CAMBODIA/2002/GQ868627,DENV3/CAMBODIA/2007/FJ639713,DENV3/CAMBODIA/2007/FJ639714,DENV3/CAMBODIA/2007/FJ639731,DENV3/CAMBODIA/2008/FJ639716,DENV3/CAMBODIA/2008/GU131905,DENV3/CAMBODIA/2008/HM631854,DENV3/FIJI/1992/29472-L11422-I,DENV3/INDONESIA/1978/SLEMAN-1280-AC25,DENV3/MYANMAR/2008/80931,DENV3/NICARAGUA/2009/BID-V4753,DENV3/PUERTO-RICO/1963/PRS-228762-AC27,DENV3/PUERTORICO/2006/429965,DENV3/THAILAND/1994/00092/94,DENV3/THAILAND/1994/00098/94,DENV3/THAILAND/1994/00125/94,DENV3/THAILAND/1994/00128/94,DENV3/THAILAND/1994/00130/94,DENV3/THAILAND/1994/00255/94,DENV3/THAILAND/1994/00515/94,DENV3/THAILAND/1994/00705/94,DENV3/THAILAND/1994/00715/94,DENV3/THAILAND/1994/00800/94,DENV3/THAILAND/1994/00831/94,DENV3/THAILAND/1994/00907/94,DENV3/THAILAND/1994/00913/94,DENV3/THAILAND/1994/00950/94,DENV3/THAILAND/1994/01096/94,DENV3/THAILAND/1994/01146/94,DENV3/THAILAND/1994/01311/94,DENV3/THAILAND/1994/01388/94,DENV3/THAILAND/1994/01494/94,DENV3/THAILAND/1994/01530/94,DENV3/THAILAND/1994/30017/94,DENV3/THAILAND/1994/30055/94,DENV3/THAILAND/1994/30060/94,DENV3/THAILAND/1994/30301/94,DENV3/THAILAND/1994/30334/94,DENV3/THAILAND/1994/30362/94,DENV3/THAILAND/1994/30520/94,DENV3/THAILAND/1994/30551/94,DENV3/THAILAND/1994/30590/94,DENV3/THAILAND/1994/30621/94,DENV3/THAILAND/1994/30677/94,DENV3/THAILAND/1995/00031/95,DENV3/THAILAND/1995/00081/95,DENV3/THAILAND/1995/00247/95,DENV3/THAILAND/1995/00344/95,DENV3/THAILAND/1995/00422/95,DENV3/THAILAND/1995/00520/95,DENV3/THAILAND/1995/00530/95,DENV3/THAILAND/1995/00541/95,DENV3/THAILAND/1995/00617/95,DENV3/THAILAND/1995/00631/95,DENV3/THAILAND/1995/00657/95,DENV3/THAILAND/1995/00772/95,DENV3/THAILAND/1995/00780/95,DENV3/THAILAND/1995/00965/95,DENV3/THAILAND/1995/01042/95,DENV3/THAILAND/1995/01179/95,DENV3/THAILAND/1995/01260/95,DENV3/THAILAND/1995/01296/95,DENV3/THAILAND/1995/01317/95,DENV3/THAILAND/1995/01367/95,DENV3/THAILAND/1995/01486/95,DENV3/THAILAND/1995/01509/95,DENV3/THAILAND/1995/01658/95,DENV3/THAILAND/1995/01753/95,DENV3/THAILAND/1995/30071/95,DENV3/THAILAND/1995/30110/95,DENV3/THAILAND/1995/30125/95,DENV3/THAILAND/1995/30175/95,DENV3/THAILAND/1995/30195/95,DENV3/THAILAND/1995/30246/95,DENV3/THAILAND/1995/30317/95,DENV3/THAILAND/1995/30457/95,DENV3/THAILAND/1995/30460/95,DENV3/THAILAND/1996/00011/96,DENV3/THAILAND/1996/00037/96,DENV3/THAILAND/1996/00753/96,DENV3/THAILAND/1996/00833/96,DENV3/THAILAND/1996/00975/96,DENV3/THAILAND/1996/01037/96,DENV3/THAILAND/1996/01171/96,DENV3/THAILAND/1996/01245/96,DENV3/THAILAND/1996/01249/96,DENV3/THAILAND/1996/01318/96,DENV3/THAILAND/1996/01421/96,DENV3/THAILAND/1996/01487/96,DENV3/THAILAND/1996/01505/96,DENV3/THAILAND/1996/01528/96,DENV3/THAILAND/1996/01552/96,DENV3/THAILAND/1996/01655/96,DENV3/THAILAND/1996/01697/96,DENV3/THAILAND/1996/01720/96,DENV3/THAILAND/1996/01781/96,DENV3/THAILAND/1996/01828/96,DENV3/THAILAND/1996/01908/96,DENV3/THAILAND/1996/01941/96,DENV3/THAILAND/1996/02161/96,DENV3/THAILAND/1996/02171/96,DENV3/THAILAND/1996/02222/96,DENV3/THAILAND/1997/00495/97,DENV3/THAILAND/1997/01425/97,DENV3/THAILAND/1997/01956/97,DENV3/THAILAND/1997/01976/97,DENV3/THAILAND/1997/02580/97,DENV3/THAILAND/1997/02673/97,DENV3/THAILAND/1997/02906/97,DENV3/THAILAND/1997/03058/97,DENV3/THAILAND/1997/03080/97,DENV3/THAILAND/1997/03353/97,DENV3/THAILAND/1997/04710/97,DENV3/THAILAND/1997/04945/97,DENV3/THAILAND/1997/05100/97,DENV3/THAILAND/1997/05578/97,DENV3/THAILAND/1997/05718/97,DENV3/THAILAND/1997/05746/97,DENV3/THAILAND/1997/06406/97,DENV3/THAILAND/1997/06541/97,DENV3/THAILAND/1997/07176/97,DENV3/THAILAND/1997/07180/97,DENV3/THAILAND/1997/07225/97,DENV3/THAILAND/1997/07234/97,DENV3/THAILAND/1997/07597/97,DENV3/THAILAND/1997/07887/97,DENV3/THAILAND/1998/00190/98,DENV3/THAILAND/1998/00317/98,DENV3/THAILAND/1998/00596/98,DENV3/THAILAND/1998/00637/98,DENV3/THAILAND/1998/00688/98,DENV3/THAILAND/1998/01250/98,DENV3/THAILAND/1998/01293/98,DENV3/THAILAND/1998/01335/98,DENV3/THAILAND/1998/01700/98,DENV3/THAILAND/1998/01716/98,DENV3/THAILAND/1998/01868/98,DENV3/THAILAND/1998/02000/98,DENV3/THAILAND/1998/02016/98,DENV3/THAILAND/1998/02224/98,DENV3/THAILAND/1998/02283/98,DENV3/THAILAND/1998/02434/98,DENV3/THAILAND/1998/02506/98,DENV3/THAILAND/1998/02519/98,DENV3/THAILAND/1998/02551/98,DENV3/THAILAND/1998/02553/98,DENV3/THAILAND/1998/02993/98,DENV3/THAILAND/1998/04187/98,DENV3/THAILAND/1998/04298/98,DENV3/THAILAND/1998/04331/98,DENV3/THAILAND/1998/04378/98,DENV3/THAILAND/1998/04763/98,DENV3/THAILAND/1998/04946/98,DENV3/THAILAND/1998/04996/98,DENV3/THAILAND/1998/06012/98,DENV3/THAILAND/1998/06068/98,DENV3/THAILAND/1998/06070/98,DENV3/THAILAND/1998/06343/98,DENV3/THAILAND/1998/06912/98,DENV3/THAILAND/1998/07042/98,DENV3/THAILAND/1999/00165/99,DENV3/THAILAND/1999/00342/99,DENV3/THAILAND/1999/00557/99,DENV3/THAILAND/1999/01187/99,DENV3/THAILAND/1999/01909/99,DENV3/THAILAND/1999/01982/99,DENV3/THAILAND/1999/02864/99,DENV3/THAILAND/1999/02902/99,DENV3/THAILAND/1999/02972/99,DENV3/THAILAND/1999/02983/99,DENV3/THAILAND/1999/03417/99,DENV3/THAILAND/1999/03565/99,DENV3/THAILAND/1999/03567/99,DENV3/THAILAND/1999/03749/99,DENV3/THAILAND/1999/03767/99,DENV3/THAILAND/1999/03818/99,DENV3/THAILAND/1999/04514/99,DENV3/THAILAND/1999/04557/99,DENV3/THAILAND/1999/05364/99,DENV3/THAILAND/1999/05379/99,DENV3/THAILAND/1999/05480/99,DENV3/THAILAND/1999/05951/99,DENV3/THAILAND/1999/05956/99,DENV3/THAILAND/1999/06047/99,DENV3/THAILAND/1999/06060/99,DENV3/THAILAND/2000/00245/00,DENV3/THAILAND/2000/00246/00,DENV3/THAILAND/2000/00329/00,DENV3/THAILAND/2000/00334/00,DENV3/THAILAND/2000/01330/00,DENV3/THAILAND/2000/01442/00,DENV3/THAILAND/2000/01455/00,DENV3/THAILAND/2000/01654/00,DENV3/THAILAND/2000/01671/00,DENV3/THAILAND/2000/01672/00,DENV3/THAILAND/2000/01720/00,DENV3/THAILAND/2000/01906/00,DENV3/THAILAND/2000/01996/00,DENV3/THAILAND/2000/02029/00,DENV3/THAILAND/2000/02080/00,DENV3/THAILAND/2000/02242/00,DENV3/THAILAND/2000/05420/00,DENV3/THAILAND/2000/05421/00,DENV3/THAILAND/2000/05443/00,DENV3/THAILAND/2000/05456/00,DENV3/THAILAND/2000/05499/00,DENV3/THAILAND/2000/05571/00,DENV3/THAILAND/2000/05632/00,DENV3/THAILAND/2000/05772/00,DENV3/THAILAND/2000/05815/00,DENV3/THAILAND/2000/05884/00,DENV3/THAILAND/2000/05969/00,DENV3/THAILAND/2000/06028/00,DENV3/THAILAND/2000/06135/00,DENV3/THAILAND/2001/00005/01,DENV3/THAILAND/2001/00009/01,DENV3/THAILAND/2001/00023/01,DENV3/THAILAND/2001/00152/01,DENV3/THAILAND/2001/00273/01,DENV3/THAILAND/2001/00679/01,DENV3/THAILAND/2001/00779/01,DENV3/THAILAND/2001/00929/01,DENV3/THAILAND/2001/00936/01,DENV3/THAILAND/2001/00975/01,DENV3/THAILAND/2001/00984/01,DENV3/THAILAND/2001/01022/01,DENV3/THAILAND/2001/02916/01,DENV3/THAILAND/2001/03240/01,DENV3/THAILAND/2001/03291/01,DENV3/THAILAND/2001/03640/01,DENV3/THAILAND/2001/03879/01,DENV3/THAILAND/2001/04045/01,DENV3/THAILAND/2001/04236/01,DENV3/THAILAND/2001/04502/01,DENV3/THAILAND/2001/04526/01,DENV3/THAILAND/2001/04540/01,DENV3/THAILAND/2001/04635/01,DENV3/THAILAND/2001/04680/01,DENV3/THAILAND/2001/04945/01,DENV3/THAILAND/2001/05308/01,DENV3/THAILAND/2001/05611/01,DENV3/THAILAND/2001/05838/01,DENV3/THAILAND/2001/06117/01,DENV3/THAILAND/2001/06123/01,DENV3/THAILAND/2001/06198/01,DENV3/THAILAND/2001/06419/01,DENV3/THAILAND/2001/06503/01,DENV3/THAILAND/2001/06757/01,DENV3/THAILAND/2002/00059/02,DENV3/THAILAND/2002/00073/02,DENV3/THAILAND/2002/00104/02,DENV3/THAILAND/2002/00142/02,DENV3/THAILAND/2002/00145/02,DENV3/THAILAND/2002/00430/02,DENV3/THAILAND/2002/00452/02,DENV3/THAILAND/2002/00501/02,DENV3/THAILAND/2002/00503/02,DENV3/THAILAND/2002/00536/02,DENV3/THAILAND/2002/00669/02,DENV3/THAILAND/2002/00706/02,DENV3/THAILAND/2002/00748/02,DENV3/THAILAND/2002/00767/02,DENV3/THAILAND/2002/01166/02,DENV3/THAILAND/2002/01182/02,DENV3/THAILAND/2002/01262/02,DENV3/THAILAND/2002/01263/02,DENV3/THAILAND/2002/01300/02,DENV3/THAILAND/2002/01313/02,DENV3/THAILAND/2002/01472/02,DENV3/THAILAND/2002/01537/02,DENV3/THAILAND/2002/01802/02,DENV3/THAILAND/2002/02006/02,DENV3/THAILAND/2002/02173/02,DENV3/THAILAND/2002/02251/02,DENV3/THAILAND/2002/03135/02,DENV3/THAILAND/2003/00072/03,DENV3/THAILAND/2003/00317/03,DENV3/THAILAND/2003/00466/03,DENV3/THAILAND/2003/00523/03,DENV3/THAILAND/2003/00566/03,DENV3/THAILAND/2003/00567/03,DENV3/THAILAND/2003/00576/03,DENV3/THAILAND/2003/00664/03,DENV3/THAILAND/2003/00708/03,DENV3/THAILAND/2003/00873/03,DENV3/THAILAND/2003/01085/03,DENV3/THAILAND/2003/01393/03,DENV3/THAILAND/2003/01468/03,DENV3/THAILAND/2003/01619/03,DENV3/THAILAND/2003/01651/03,DENV3/THAILAND/2003/01837/03,DENV3/THAILAND/2003/01847/03,DENV3/THAILAND/2003/01967/03,DENV3/THAILAND/2003/01979/03,DENV3/THAILAND/2003/02035/03,DENV3/THAILAND/2003/02141/03,DENV3/THAILAND/2003/02208/03,DENV3/THAILAND/2003/02213/03,DENV3/THAILAND/2003/02234/03,DENV3/THAILAND/2004/00055/04,DENV3/THAILAND/2004/00317/04,DENV3/THAILAND/2004/00441/04,DENV3/THAILAND/2004/00602/04,DENV3/THAILAND/2004/00979/04,DENV3/THAILAND/2004/00991/04,DENV3/THAILAND/2004/01144/04,DENV3/THAILAND/2004/01184/04,DENV3/THAILAND/2004/01393/04,DENV3/THAILAND/2005/00159/05,DENV3/THAILAND/2005/00654/05,DENV3/THAILAND/2005/00739/05,DENV3/THAILAND/2005/00806/05,DENV3/THAILAND/2005/00846/05,DENV3/THAILAND/2005/00852/05,DENV3/THAILAND/2005/00872/05,DENV3/THAILAND/2005/00980/05,DENV3/THAILAND/2005/01387/05,DENV3/THAILAND/2005/01400/05,DENV3/THAILAND/2005/01404/05,DENV3/THAILAND/2005/01491/05,DENV3/THAILAND/2005/01530/05,DENV3/THAILAND/2005/01565/05,DENV3/THAILAND/2005/01569/05,DENV3/THAILAND/2006/00008/06,DENV3/THAILAND/2006/00018/06,DENV3/THAILAND/2006/00112/06,DENV3/THAILAND/2006/00156/06,DENV3/THAILAND/2006/00253/06,DENV3/THAILAND/2006/00288/06,DENV3/THAILAND/2006/00293/06,DENV3/THAILAND/2006/00295/06,DENV3/THAILAND/2006/00372/06,DENV3/THAILAND/2006/00460/06,DENV3/THAILAND/2006/00557/06,DENV3/THAILAND/2006/00583/06,DENV3/THAILAND/2006/00588/06,DENV3/THAILAND/2006/00618/06,DENV3/THAILAND/2006/00633/06,DENV3/THAILAND/2006/00651/06,DENV3/THAILAND/2006/00676/06,DENV3/THAILAND/2006/00708/06,DENV3/THAILAND/2006/00710/06,DENV3/THAILAND/2006/00717/06,DENV3/THAILAND/2006/00778/06,DENV3/THAILAND/2006/00819/06,DENV3/THAILAND/2006/00831/06,DENV3/THAILAND/2006/00997/06,DENV3/THAILAND/2006/01041/06,DENV3/THAILAND/2006/01045/06,DENV3/THAILAND/2006/01062/06,DENV3/THAILAND/2006/01067/06,DENV3/THAILAND/2006/01128/06,DENV3/THAILAND/2006/01177/06,DENV3/THAILAND/2006/01251/06,DENV3/THAILAND/2006/01253/06,DENV3/THAILAND/2006/01257/06,DENV3/THAILAND/2006/01262/06,DENV3/THAILAND/2006/01276/06,DENV3/THAILAND/2006/01284/06,DENV3/THAILAND/2006/01285/06,DENV3/THAILAND/2006/01333/06,DENV3/THAILAND/2006/01369/06,DENV3/THAILAND/2006/01372/06,DENV3/THAILAND/2006/01373/06,DENV3/THAILAND/2006/01375/06,DENV3/THAILAND/2006/01379/06,DENV3/THAILAND/2006/01423/06,DENV3/THAILAND/2006/01536/06,DENV3/THAILAND/2006/01559/06,DENV3/THAILAND/2006/01651/06,DENV3/THAILAND/2006/01691/06,DENV3/THAILAND/2006/01781/06,DENV3/THAILAND/2006/01933/06,DENV3/THAILAND/2006/01935/06,DENV3/THAILAND/2006/02038/06,DENV3/THAILAND/2006/02042/06,DENV3/THAILAND/2006/02051/06,DENV3/THAILAND/2006/02111/06,DENV3/THAILAND/2006/02117/06,DENV3/THAILAND/2006/02121/06,DENV3/THAILAND/2006/02174/06,DENV3/THAILAND/2006/02185/06,DENV3/THAILAND/2006/02202/06,DENV3/THAILAND/2006/02277/06,DENV3/THAILAND/2006/02292/06,DENV3/THAILAND/2006/02341/06,DENV3/THAILAND/2006/02380/06,DENV3/THAILAND/2006/02384/06,DENV3/THAILAND/2006/02485/06,DENV3/THAILAND/2006/02490/06,DENV3/THAILAND/2006/02515/06,DENV3/THAILAND/2006/02632/06,DENV3/THAILAND/2006/02678/06,DENV3/THAILAND/2006/02701/06,DENV3/THAILAND/2006/02704/06,DENV3/THAILAND/2006/02763/06,DENV3/THAILAND/2006/02784/06,DENV3/THAILAND/2006/02812/06,DENV3/THAILAND/2006/02814/06,DENV3/THAILAND/2008/01398/08,DENV3/THAILAND/2009/00702/09,DENV3/THAILAND/2009/01231/09,DENV3/THAILAND/2010/00075/10,DENV3/THAILAND/2010/01029/10,DENV3/THAILAND/2010/01378/10,DENV3/THAILAND/2010/01385/10,DENV3/THAILAND/2010/01434/10,DENV3/THAILAND/2010/01467/10,DENV3/THAILAND/2010/01508/10,DENV3/THAILAND/2010/01575/10,DENV3/THAILAND/2010/01601/10,DENV3/THAILAND/2011/00007/11,DENV3/THAILAND/2011/00106/11,DENV3/THAILAND/2011/00209/11,DENV3/THAILAND/2011/00323/11,DENV3/THAILAND/2011/00497/11,DENV3/THAILAND/2011/00507/11,DENV3/THAILAND/2011/00509/11,DENV3/THAILAND/2011/00541/11,DENV3/THAILAND/2011/00544/11,DENV3/THAILAND/2011/00838/11,DENV3/THAILAND/2011/00842/11,DENV3/THAILAND/2011/00923/11,DENV3/THAILAND/2011/01035/11,DENV3/THAILAND/2011/01278/11,DENV3/THAILAND/2011/01363/11,DENV3/THAILAND/2011/01445/11,DENV3/THAILAND/2012/00008/12,DENV3/THAILAND/2012/00088/12,DENV3/THAILAND/2012/00266/12,DENV3/THAILAND/2012/00368/12,DENV3/THAILAND/2012/00519/12,DENV3/THAILAND/2012/00608/12,DENV3/THAILAND/2012/00638/12,DENV3/THAILAND/2012/00639/12,DENV3/THAILAND/2012/00749/12,DENV3/THAILAND/2012/00798/12,DENV3/THAILAND/2012/00817/12,DENV3/THAILAND/2012/00833/12,DENV3/THAILAND/2012/00999/12,DENV3/THAILAND/2012/01094/12,DENV3/THAILAND/2012/01106/12,DENV3/THAILAND/2012/01131/12,DENV3/THAILAND/2013/00065/13,DENV3/THAILAND/2013/00693/13,DENV3/THAILAND/2013/00695/13,DENV3/THAILAND/2013/00709/13,DENV3/THAILAND/2013/00715/13,DENV3/THAILAND/2013/00731/13,DENV3/THAILAND/2013/00807/13,DENV3/THAILAND/2013/00910/13,DENV3/THAILAND/2013/00912/13,DENV3/THAILAND/2013/00957/13,DENV3/THAILAND/2013/01401/13,DENV3/THAILAND/2014/00146/14,DENV3/THAILAND/2014/00432/14,DENV3/THAILAND/2014/00507/14,DENV3/THAILAND/2014/00521/14,DENV3/THAILAND/2014/00542/14,DENV3/THAILAND/2014/00560/14,DENV3/THAILAND/2014/00654/14,DENV3/THAILAND/2014/00688/14,DENV3/THAILAND/2014/00705/14,DENV3/THAILAND/2014/00710/14,DENV3/THAILAND/2014/00739/14,DENV3/THAILAND/2014/00749/14,DENV3/THAILAND/2014/00759/14,DENV3/VIETNAM/2006/BID-V1329,DENV3/VIETNAM/2007/BID-V1817,DENV4/DOMINICA/1981/42A,DENV4/INDONESIA/1973/M30153-AC36,DENV4/MALAYSIA/1973/P73-1120,DENV4/MYANMAR/2008/81087,DENV4/NICARAGUA/1999/703,DENV4/THAILAND/1985/D85-052,DENV4/THAILAND/1993/02838/93,DENV4/THAILAND/1994/00095/94,DENV4/THAILAND/1994/00101/94,DENV4/THAILAND/1994/00190/94,DENV4/THAILAND/1994/00307/94,DENV4/THAILAND/1994/00329/94,DENV4/THAILAND/1994/00500/94,DENV4/THAILAND/1994/00506/94,DENV4/THAILAND/1994/00615/94,DENV4/THAILAND/1994/00690/94,DENV4/THAILAND/1994/00719/94,DENV4/THAILAND/1994/00737/94,DENV4/THAILAND/1994/00794/94,DENV4/THAILAND/1994/00846/94,DENV4/THAILAND/1994/00867/94,DENV4/THAILAND/1994/00890/94,DENV4/THAILAND/1994/00900/94,DENV4/THAILAND/1994/01073/94,DENV4/THAILAND/1994/01074/94,DENV4/THAILAND/1994/01124/94,DENV4/THAILAND/1994/01201/94,DENV4/THAILAND/1994/01534/94,DENV4/THAILAND/1994/30071/94,DENV4/THAILAND/1994/30091/94,DENV4/THAILAND/1994/30127/94,DENV4/THAILAND/1994/30158/94,DENV4/THAILAND/1994/30292/94,DENV4/THAILAND/1994/30302/94,DENV4/THAILAND/1994/30324/94,DENV4/THAILAND/1994/30341/94,DENV4/THAILAND/1994/30343/94,DENV4/THAILAND/1994/30344/94,DENV4/THAILAND/1994/30446/94,DENV4/THAILAND/1994/30479/94,DENV4/THAILAND/1994/30540/94,DENV4/THAILAND/1994/30610/94,DENV4/THAILAND/1995/00036/95,DENV4/THAILAND/1995/00241/95,DENV4/THAILAND/1995/00269/95,DENV4/THAILAND/1995/00425/95,DENV4/THAILAND/1995/00458/95,DENV4/THAILAND/1995/00533/95,DENV4/THAILAND/1995/00687/95,DENV4/THAILAND/1995/00877/95,DENV4/THAILAND/1995/01569/95,DENV4/THAILAND/1995/01832/95,DENV4/THAILAND/1995/30035/95,DENV4/THAILAND/1995/30056/95,DENV4/THAILAND/1996/00756/96,DENV4/THAILAND/1996/01129/96,DENV4/THAILAND/1996/01626/96,DENV4/THAILAND/1997/00049/97,DENV4/THAILAND/1997/02739/97,DENV4/THAILAND/1998/04444/98,DENV4/THAILAND/1998/04634/98,DENV4/THAILAND/1998/04786/98,DENV4/THAILAND/1998/06075/98,DENV4/THAILAND/1998/06181/98,DENV4/THAILAND/1998/06523/98,DENV4/THAILAND/1998/06564/98,DENV4/THAILAND/1999/00003/99,DENV4/THAILAND/1999/00027/99,DENV4/THAILAND/1999/00259/99,DENV4/THAILAND/1999/00261/99,DENV4/THAILAND/1999/00362/99,DENV4/THAILAND/1999/00508/99,DENV4/THAILAND/1999/00984/99,DENV4/THAILAND/1999/02821/99,DENV4/THAILAND/1999/02897/99,DENV4/THAILAND/1999/02966/99,DENV4/THAILAND/1999/03401/99,DENV4/THAILAND/1999/03471/99,DENV4/THAILAND/1999/03494/99,DENV4/THAILAND/1999/03541/99,DENV4/THAILAND/1999/04058/99,DENV4/THAILAND/1999/04390/99,DENV4/THAILAND/1999/04425/99,DENV4/THAILAND/1999/05341/99,DENV4/THAILAND/1999/05475/99,DENV4/THAILAND/2000/00010/00,DENV4/THAILAND/2000/00235/00,DENV4/THAILAND/2000/00303/00,DENV4/THAILAND/2000/00414/00,DENV4/THAILAND/2000/01232/00,DENV4/THAILAND/2000/01278/00,DENV4/THAILAND/2000/01394/00,DENV4/THAILAND/2000/01441/00,DENV4/THAILAND/2000/01477/00,DENV4/THAILAND/2000/01645/00,DENV4/THAILAND/2000/01702/00,DENV4/THAILAND/2000/01757/00,DENV4/THAILAND/2000/02021/00,DENV4/THAILAND/2000/02098/00,DENV4/THAILAND/2000/02111/00,DENV4/THAILAND/2000/02143/00,DENV4/THAILAND/2000/04784/00,DENV4/THAILAND/2000/04854/00,DENV4/THAILAND/2000/05548/00,DENV4/THAILAND/2000/05771/00,DENV4/THAILAND/2000/05782/00,DENV4/THAILAND/2000/05984/00,DENV4/THAILAND/2000/05997/00,DENV4/THAILAND/2001/00044/01,DENV4/THAILAND/2001/00103/01,DENV4/THAILAND/2001/00114/01,DENV4/THAILAND/2001/00534/01,DENV4/THAILAND/2001/00565/01,DENV4/THAILAND/2001/00575/01,DENV4/THAILAND/2001/00887/01,DENV4/THAILAND/2001/02623/01,DENV4/THAILAND/2001/02765/01,DENV4/THAILAND/2001/03081/01,DENV4/THAILAND/2001/03348/01,DENV4/THAILAND/2001/03531/01,DENV4/THAILAND/2001/03643/01,DENV4/THAILAND/2001/03843/01,DENV4/THAILAND/2001/04134/01,DENV4/THAILAND/2001/05386/01,DENV4/THAILAND/2001/05429/01,DENV4/THAILAND/2001/05432/01,DENV4/THAILAND/2001/05908/01,DENV4/THAILAND/2001/06019/01,DENV4/THAILAND/2001/06122/01,DENV4/THAILAND/2001/06575/01,DENV4/THAILAND/2001/06712/01,DENV4/THAILAND/2001/06949/01,DENV4/THAILAND/2001/06951/01,DENV4/THAILAND/2002/01222/02,DENV4/THAILAND/2002/01227/02,DENV4/THAILAND/2002/01480/02,DENV4/THAILAND/2002/01606/02,DENV4/THAILAND/2002/01648/02,DENV4/THAILAND/2002/02020/02,DENV4/THAILAND/2002/02131/02,DENV4/THAILAND/2002/02269/02,DENV4/THAILAND/2002/02412/02,DENV4/THAILAND/2002/02414/02,DENV4/THAILAND/2002/02572/02,DENV4/THAILAND/2002/02705/02,DENV4/THAILAND/2002/02862/02,DENV4/THAILAND/2002/02899/02,DENV4/THAILAND/2002/03060/02,DENV4/THAILAND/2002/03096/02,DENV4/THAILAND/2002/03113/02,DENV4/THAILAND/2002/03169/02,DENV4/THAILAND/2003/00187/03,DENV4/THAILAND/2003/00205/03,DENV4/THAILAND/2003/00225/03,DENV4/THAILAND/2003/00286/03,DENV4/THAILAND/2003/00498/03,DENV4/THAILAND/2003/00641/03,DENV4/THAILAND/2003/00823/03,DENV4/THAILAND/2003/00875/03,DENV4/THAILAND/2003/00964/03,DENV4/THAILAND/2003/00987/03,DENV4/THAILAND/2003/01216/03,DENV4/THAILAND/2003/01710/03,DENV4/THAILAND/2003/01743/03,DENV4/THAILAND/2003/01798/03,DENV4/THAILAND/2003/01947/03,DENV4/THAILAND/2003/02012/03,DENV4/THAILAND/2003/02090/03,DENV4/THAILAND/2003/02168/03,DENV4/THAILAND/2003/02197/03,DENV4/THAILAND/2003/02198/03,DENV4/THAILAND/2003/02201/03,DENV4/THAILAND/2003/02207/03,DENV4/THAILAND/2003/02373/03,DENV4/THAILAND/2003/02377/03,DENV4/THAILAND/2003/02452/03,DENV4/THAILAND/2004/00097/04,DENV4/THAILAND/2004/00217/04,DENV4/THAILAND/2004/00278/04,DENV4/THAILAND/2004/00395/04,DENV4/THAILAND/2004/00455/04,DENV4/THAILAND/2004/00535/04,DENV4/THAILAND/2004/00564/04,DENV4/THAILAND/2004/00567/04,DENV4/THAILAND/2004/00624/04,DENV4/THAILAND/2004/00641/04,DENV4/THAILAND/2004/00674/04,DENV4/THAILAND/2004/00680/04,DENV4/THAILAND/2004/00717/04,DENV4/THAILAND/2004/00746/04,DENV4/THAILAND/2004/00950/04,DENV4/THAILAND/2004/00965/04,DENV4/THAILAND/2004/00994/04,DENV4/THAILAND/2004/01170/04,DENV4/THAILAND/2004/01234/04,DENV4/THAILAND/2004/01258/04,DENV4/THAILAND/2004/01306/04,DENV4/THAILAND/2004/01315/04,DENV4/THAILAND/2004/01369/04,DENV4/THAILAND/2004/01388/04,DENV4/THAILAND/2004/01515/04,DENV4/THAILAND/2004/01544/04,DENV4/THAILAND/2004/01622/04,DENV4/THAILAND/2004/01639/04,DENV4/THAILAND/2004/01645/04,DENV4/THAILAND/2004/01660/04,DENV4/THAILAND/2004/01719/04,DENV4/THAILAND/2004/01769/04,DENV4/THAILAND/2005/00201/05,DENV4/THAILAND/2005/00460/05,DENV4/THAILAND/2005/00523/05,DENV4/THAILAND/2005/00558/05,DENV4/THAILAND/2005/00581/05,DENV4/THAILAND/2005/00588/05,DENV4/THAILAND/2005/00618/05,DENV4/THAILAND/2005/00653/05,DENV4/THAILAND/2005/00700/05,DENV4/THAILAND/2005/00714/05,DENV4/THAILAND/2005/00762/05,DENV4/THAILAND/2005/00775/05,DENV4/THAILAND/2005/00820/05,DENV4/THAILAND/2005/00854/05,DENV4/THAILAND/2005/00882/05,DENV4/THAILAND/2005/00943/05,DENV4/THAILAND/2005/00993/05,DENV4/THAILAND/2005/01009/05,DENV4/THAILAND/2005/01055/05,DENV4/THAILAND/2005/01320/05,DENV4/THAILAND/2005/01494/05,DENV4/THAILAND/2006/00047/06,DENV4/THAILAND/2006/00109/06,DENV4/THAILAND/2006/00171/06,DENV4/THAILAND/2006/00176/06,DENV4/THAILAND/2006/00189/06,DENV4/THAILAND/2006/00225/06,DENV4/THAILAND/2006/00234/06,DENV4/THAILAND/2006/00270/06,DENV4/THAILAND/2006/00311/06,DENV4/THAILAND/2006/00356/06,DENV4/THAILAND/2006/00367/06,DENV4/THAILAND/2006/00370/06,DENV4/THAILAND/2006/00394/06,DENV4/THAILAND/2006/00395/06,DENV4/THAILAND/2006/00409/06,DENV4/THAILAND/2006/00410/06,DENV4/THAILAND/2006/00420/06,DENV4/THAILAND/2006/00426/06,DENV4/THAILAND/2006/00464/06,DENV4/THAILAND/2006/00512/06,DENV4/THAILAND/2006/00524/06,DENV4/THAILAND/2006/00532/06,DENV4/THAILAND/2006/00533/06,DENV4/THAILAND/2006/00559/06,DENV4/THAILAND/2006/00578/06,DENV4/THAILAND/2006/00584/06,DENV4/THAILAND/2006/00585/06,DENV4/THAILAND/2006/00599/06,DENV4/THAILAND/2006/00617/06,DENV4/THAILAND/2006/00619/06,DENV4/THAILAND/2006/00632/06,DENV4/THAILAND/2006/00650/06,DENV4/THAILAND/2006/00705/06,DENV4/THAILAND/2006/00759/06,DENV4/THAILAND/2006/00779/06,DENV4/THAILAND/2006/00810/06,DENV4/THAILAND/2006/00837/06,DENV4/THAILAND/2006/00842/06,DENV4/THAILAND/2006/01107/06,DENV4/THAILAND/2006/01174/06,DENV4/THAILAND/2006/01244/06,DENV4/THAILAND/2006/01258/06,DENV4/THAILAND/2006/01261/06,DENV4/THAILAND/2006/01270/06,DENV4/THAILAND/2006/01271/06,DENV4/THAILAND/2006/01278/06,DENV4/THAILAND/2006/01295/06,DENV4/THAILAND/2006/01374/06,DENV4/THAILAND/2006/01382/06,DENV4/THAILAND/2006/01405/06,DENV4/THAILAND/2006/01479/06,DENV4/THAILAND/2006/01579/06,DENV4/THAILAND/2006/01594/06,DENV4/THAILAND/2006/01647/06,DENV4/THAILAND/2006/01711/06,DENV4/THAILAND/2006/01782/06,DENV4/THAILAND/2006/01837/06,DENV4/THAILAND/2006/01862/06,DENV4/THAILAND/2006/01881/06,DENV4/THAILAND/2006/01928/06,DENV4/THAILAND/2006/01938/06,DENV4/THAILAND/2006/01944/06,DENV4/THAILAND/2006/02183/06,DENV4/THAILAND/2006/02187/06,DENV4/THAILAND/2006/02190/06,DENV4/THAILAND/2006/02192/06,DENV4/THAILAND/2006/02194/06,DENV4/THAILAND/2006/02197/06,DENV4/THAILAND/2006/02198/06,DENV4/THAILAND/2006/02286/06,DENV4/THAILAND/2006/02383/06,DENV4/THAILAND/2006/02385/06,DENV4/THAILAND/2006/02456/06,DENV4/THAILAND/2006/02498/06,DENV4/THAILAND/2006/02540/06,DENV4/THAILAND/2006/02586/06,DENV4/THAILAND/2006/02606/06,DENV4/THAILAND/2006/02674/06,DENV4/THAILAND/2006/02700/06,DENV4/THAILAND/2006/02720/06,DENV4/THAILAND/2006/02749/06,DENV4/THAILAND/2006/02852/06,DENV4/THAILAND/2007/00119/07,DENV4/THAILAND/2007/00307/07,DENV4/THAILAND/2007/00348/07,DENV4/THAILAND/2007/00433/07,DENV4/THAILAND/2007/00504/07,DENV4/THAILAND/2007/00694/07,DENV4/THAILAND/2007/01101/07,DENV4/THAILAND/2007/01118/07,DENV4/THAILAND/2007/01130/07,DENV4/THAILAND/2007/01391/07,DENV4/THAILAND/2007/01402/07,DENV4/THAILAND/2007/01458/07,DENV4/THAILAND/2007/01570/07,DENV4/THAILAND/2007/01840/07,DENV4/THAILAND/2007/01923/07,DENV4/THAILAND/2007/01991/07,DENV4/THAILAND/2007/01993/07,DENV4/THAILAND/2007/02204/07,DENV4/THAILAND/2007/02392/07,DENV4/THAILAND/2008/00274/08,DENV4/THAILAND/2008/00447/08,DENV4/THAILAND/2008/00471/08,DENV4/THAILAND/2008/00744/08,DENV4/THAILAND/2008/01268/08,DENV4/THAILAND/2008/01284/08,DENV4/THAILAND/2008/01380/08,DENV4/THAILAND/2008/01387/08,DENV4/THAILAND/2008/01810/08,DENV4/THAILAND/2008/02023/08,DENV4/THAILAND/2009/00781/09,DENV4/THAILAND/2009/01432/09,DENV4/THAILAND/2009/01559/09,DENV4/THAILAND/2010/00249/10,DENV4/THAILAND/2010/00283/10,DENV4/THAILAND/2010/00780/10,DENV4/THAILAND/2010/01270/10,DENV4/THAILAND/2010/01344/10,DENV4/THAILAND/2010/01386/10,DENV4/THAILAND/2010/01513/10,DENV4/THAILAND/2010/01677/10,DENV4/THAILAND/2011/00116/11,DENV4/THAILAND/2011/00251/11,DENV4/THAILAND/2011/00257/11,DENV4/THAILAND/2011/00369/11,DENV4/THAILAND/2011/00477/11,DENV4/THAILAND/2011/00630/11,DENV4/THAILAND/2011/00697/11,DENV4/THAILAND/2012/00112/12,DENV4/THAILAND/2012/00637/12,DENV4/THAILAND/2012/01104/12,DENV4/THAILAND/2013/00152/13,DENV4/THAILAND/2013/00300/13,DENV4/THAILAND/2013/00691/13,DENV4/THAILAND/2013/00789/13,DENV4/THAILAND/2013/00801/13,DENV4/THAILAND/2013/00835/13,DENV4/THAILAND/2013/01012/13,DENV4/THAILAND/2013/01211/13,DENV4/THAILAND/2013/01389/13,DENV4/THAILAND/2014/00214/14,DENV4/THAILAND/2014/00365/14,DENV4/THAILAND/2014/00385/14,DENV4/THAILAND/2014/00514/14,DENV4/THAILAND/2014/00555/14,DENV4/THAILAND/2014/00575/14,DENV4/THAILAND/2014/00595/14,DENV4/THAILAND/2014/00615/14,DENV4/THAILAND/2014/00685/14,DENV4/THAILAND/2014/00728/14,DENV4/THAILAND/2014/00752/14,DENV4/THAILAND/2014/00777/14,DENV4/THAILAND/2014/00789/14
hDenV4/Colombia/ANT-UDS-0179595/2013,3080.0,3058.0,3058.0,3058.0,3058.0,3058.0,3058.0,3079.0,3058.0,3127.0,3111.0,3193.0,3080.0,3044.0,3046.0,3046.0,3046.0,3084.0,3046.0,3084.0,3084.0,3050.0,3050.0,3050.0,3050.0,3070.0,3070.0,3084.0,3058.0,3084.0,3050.0,3058.0,3050.0,3084.0,3104.0,3070.0,3050.0,3055.0,3050.0,3050.0,3050.0,3050.0,3050.0,3084.0,3050.0,3050.0,3036.0,3084.0,3058.0,3058.0,3058.0,3058.0,3094.0,3094.0,3094.0,3142.0,3050.0,3058.0,3116.0,3050.0,3058.0,3050.0,3050.0,3050.0,3058.0,3058.0,3084.0,3050.0,3058.0,3084.0,3084.0,3050.0,3050.0,3084.0,3050.0,3050.0,3058.0,3058.0,3058.0,3058.0,3063.0,3058.0,3058.0,3058.0,3058.0,3063.0,3058.0,3036.0,3084.0,3058.0,3058.0,3058.0,3058.0,3058.0,3050.0,3058.0,3050.0,3050.0,3050.0,3058.0,3050.0,3058.0,3058.0,3050.0,3058.0,3058.0,3058.0,3050.0,3050.0,3058.0,3050.0,3044.0,3058.0,3058.0,3046.0,3058.0,3058.0,3058.0,3058.0,3058.0,3058.0,3050.0,3058.0,3084.0,3058.0,3058.0,3058.0,3058.0,2994.0,3058.0,3058.0,3058.0,3044.0,3058.0,3058.0,3058.0,3058.0,3116.0,3058.0,3058.0,3058.0,3058.0,3116.0,3044.0,3058.0,3050.0,3058.0,3044.0,3058.0,3058.0,3058.0,3058.0,3050.0,3058.0,3058.0,3058.0,3058.0,3050.0,3058.0,3058.0,3058.0,3058.0,3058.0,3058.0,3043.0,3058.0,3058.0,3058.0,3095.0,3058.0,3058.0,3058.0,3058.0,3058.0,3058.0,3058.0,3058.0,3058.0,3037.0,3058.0,3058.0,3058.0,3031.0,3058.0,3058.0,3165.0,3058.0,3058.0,3045.0,3058.0,3098.0,3058.0,3058.0,3058.0,3058.0,3058.0,3058.0,3039.0,3058.0,3058.0,3058.0,3058.0,3046.0,3116.0,3058.0,3058.0,3058.0,3058.0,3058.0,3058.0,3058.0,3058.0,3058.0,3058.0,3165.0,3058.0,3058.0,3058.0,3058.0,3058.0,3050.0,3058.0,3127.0,3058.0,3058.0,3058.0,3058.0,3058.0,3058.0,3058.0,3050.0,3058.0,3050.0,3050.0,3058.0,3050.0,3058.0,3058.0,3058.0,3058.0,3116.0,3058.0,3058.0,3050.0,3050.0,3050.0,3058.0,3058.0,3050.0,3058.0,3116.0,3058.0,3058.0,3050.0,3058.0,3058.0,3058.0,3058.0,3058.0,3058.0,3058.0,3058.0,3058.0,3058.0,3058.0,3122.0,3058.0,3058.0,3058.0,3058.0,3058.0,3058.0,3058.0,3058.0,3079.0,3058.0,3058.0,3058.0,3058.0,3058.0,3058.0,3058.0,3058.0,3044.0,3134.0,3050.0,3058.0,3058.0,3058.0,3058.0,3058.0,3058.0,3058.0,3068.0,3058.0,3058.0,3058.0,3058.0,3058.0,3044.0,3058.0,3058.0,3058.0,3058.0,3079.0,3058.0,3058.0,3058.0,3058.0,3044.0,3058.0,3058.0,3058.0,3044.0,3058.0,3058.0,3058.0,3058.0,3058.0,3058.0,3058.0,3058.0,3058.0,3058.0,3058.0,3058.0,3058.0,3058.0,3058.0,3058.0,3058.0,3058.0,3146.0,3058.0,3058.0,3058.0,3058.0,3058.0,3116.0,3058.0,3022.0,3058.0,3058.0,3079.0,3058.0,3058.0,3006.0,3040.0,3058.0,3058.0,3058.0,3046.0,3058.0,3058.0,3058.0,3043.0,3116.0,3058.0,3045.0,3058.0,3058.0,3058.0,3058.0,3058.0,3058.0,3058.0,3058.0,3058.0,3116.0,3058.0,3058.0,3058.0,3058.0,3058.0,3058.0,3058.0,3116.0,3058.0,2969.0,3058.0,3058.0,3058.0,3058.0,3058.0,3058.0,3082.0,3058.0,3058.0,3058.0,3046.0,3058.0,3058.0,3058.0,3058.0,3058.0,3058.0,3058.0,3058.0,3058.0,3058.0,3058.0,3058.0,3058.0,3116.0,3058.0,3058.0,3058.0,3058.0,3058.0,3058.0,3058.0,3116.0,3085.0,3058.0,3116.0,3058.0,3058.0,3058.0,3058.0,3058.0,3058.0,3058.0,3058.0,3058.0,3121.0,3058.0,3058.0,3121.0,3046.0,3130.0,3058.0,3046.0,3058.0,3040.0,3058.0,3116.0,3058.0,3058.0,3058.0,3096.0,3058.0,3058.0,3058.0,3022.0,3058.0,3180.0,3058.0,3058.0,3058.0,3121.0,3046.0,3058.0,3058.0,3090.0,3058.0,3116.0,3058.0,3058.0,3046.0,3050.0,3058.0,3058.0,3058.0,3058.0,3058.0,3058.0,3058.0,3058.0,3058.0,2994.0,3058.0,3058.0,3044.0,3058.0,3116.0,3058.0,3058.0,3058.0,3058.0,3058.0,3058.0,3058.0,3058.0,3040.0,3058.0,3116.0,3058.0,3116.0,3058.0,3058.0,3085.0,3058.0,3058.0,3046.0,3058.0,3058.0,3058.0,3058.0,3116.0,3058.0,3058.0,3058.0,3058.0,3046.0,3116.0,3058.0,3116.0,3058.0,3058.0,3116.0,3058.0,3058.0,3058.0,3044.0,3058.0,3058.0,3058.0,3058.0,3058.0,3058.0,3090.0,3046.0,3058.0,3058.0,2994.0,2994.0,2994.0,3116.0,3078.0,3058.0,3058.0,3058.0,3139.0,3058.0,3058.0,2994.0,3090.0,3058.0,3068.0,3058.0,2994.0,3116.0,3046.0,3058.0,3058.0,3058.0,2994.0,3058.0,3058.0,3058.0,3046.0,3088.0,2994.0,3058.0,3058.0,2994.0,2994.0,2994.0,3058.0,3090.0,3058.0,3058.0,3058.0,2994.0,3058.0,2994.0,3058.0,3058.0,3058.0,2994.0,3058.0,3116.0,3058.0,3046.0,3058.0,2994.0,3058.0,2994.0,3058.0,3131.0,2994.0,3116.0,3058.0,3058.0,3058.0,3058.0,3058.0,3116.0,3116.0,3058.0,3058.0,3058.0,3058.0,3058.0,2994.0,3052.0,2994.0,3058.0,3058.0,3058.0,2994.0,2994.0,3058.0,3058.0,3058.0,3096.0,3116.0,3058.0,3058.0,3058.0,3090.0,3058.0,3058.0,3058.0,3058.0,3058.0,3058.0,3058.0,3058.0,3058.0,3058.0,3058.0,3058.0,3090.0,3090.0,3058.0,3058.0,3080.0,3058.0,3058.0,3058.0,3058.0,3058.0,3058.0,3058.0,3058.0,3058.0,3058.0,3058.0,3139.0,3058.0,3058.0,3067.0,2959.0,3058.0,3058.0,3058.0,3058.0,3058.0,3058.0,3079.0,3058.0,3058.0,3058.0,3058.0,3096.0,3058.0,3058.0,3087.0,3058.0,3058.0,3058.0,3058.0,3058.0,3058.0,2994.0,3117.0,3058.0,3058.0,3046.0,3058.0,3058.0,3139.0,3139.0,3058.0,3116.0,2994.0,2994.0,2994.0,3058.0,3058.0,3135.0,3018.0,2429.0,2502.0,2502.0,2534.0,2470.0,2449.0,2497.0,2420.0,2502.0,2502.0,2502.0,2502.0,2502.0,2548.0,2502.0,2502.0,2502.0,2548.0,2473.0,2502.0,2502.0,2502.0,2473.0,2502.0,2473.0,2540.0,2502.0,2531.0,2502.0,2473.0,2473.0,2502.0,2502.0,2502.0,2502.0,2502.0,2502.0,2502.0,2502.0,2502.0,2473.0,2473.0,2502.0,2502.0,2502.0,2502.0,2473.0,2502.0,2502.0,2502.0,2502.0,2473.0,2502.0,2502.0,2502.0,2502.0,2502.0,2502.0,2502.0,2473.0,2502.0,2502.0,2513.0,2502.0,2502.0,2502.0,2444.0,2473.0,2502.0,2502.0,2473.0,2502.0,2502.0,2502.0,2502.0,2502.0,2502.0,2473.0,2473.0,2502.0,2566.0,2502.0,2502.0,2473.0,2502.0,2502.0,2502.0,2502.0,2502.0,2502.0,2502.0,2473.0,2502.0,2502.0,2473.0,2502.0,2502.0,2502.0,2502.0,2502.0,2473.0,2473.0,2502.0,2502.0,2502.0,2502.0,2502.0,2502.0,2473.0,2502.0,2502.0,2502.0,2502.0,2502.0,2502.0,2502.0,2502.0,2473.0,2502.0,2502.0,2502.0,2502.0,2502.0,2502.0,2502.0,2502.0,2502.0,2596.0,2502.0,2473.0,2502.0,2502.0,2502.0,2502.0,2502.0,2502.0,2502.0,2502.0,2502.0,2502.0,2502.0,2502.0,2502.0,2502.0,2502.0,2502.0,2502.0,2502.0,2502.0,2502.0,2502.0,2502.0,2502.0,2502.0,2504.0,2502.0,2502.0,2502.0,2502.0,2502.0,2502.0,2502.0,2502.0,2502.0,2502.0,2502.0,2502.0,2502.0,2502.0,2502.0,2502.0,2502.0,2502.0,2502.0,2502.0,2502.0,2502.0,2502.0,2502.0,2502.0,2502.0,2502.0,2502.0,2502.0,2502.0,2502.0,2502.0,2502.0,2502.0,2502.0,2502.0,2502.0,2502.0,2502.0,2502.0,2502.0,2502.0,2502.0,2502.0,2502.0,2502.0,2502.0,2502.0,2502.0,2548.0,2502.0,2502.0,2502.0,2502.0,2502.0,2502.0,2502.0,2502.0,2502.0,2502.0,2502.0,2502.0,2502.0,2502.0,2502.0,2502.0,2502.0,2502.0,2502.0,2502.0,2502.0,2502.0,2502.0,2502.0,2502.0,2502.0,2502.0,2502.0,2502.0,2502.0,2502.0,2502.0,2502.0,2502.0,2502.0,2502.0,2502.0,2502.0,2502.0,2502.0,2502.0,2548.0,2502.0,2502.0,2502.0,2502.0,2502.0,2502.0,2502.0,2502.0,2502.0,2502.0,2502.0,2502.0,2502.0,2502.0,2502.0,2502.0,2502.0,2502.0,2502.0,2502.0,2502.0,2502.0,2502.0,2502.0,2502.0,2571.0,2502.0,2502.0,2502.0,2502.0,2502.0,2502.0,2502.0,2502.0,2502.0,2502.0,2502.0,2547.0,2502.0,2502.0,2476.0,2502.0,2502.0,2502.0,2502.0,2502.0,2502.0,2502.0,2502.0,2522.0,2502.0,2555.0,2502.0,2502.0,2502.0,2502.0,2502.0,2502.0,2502.0,2502.0,2502.0,2502.0,2502.0,2502.0,2548.0,2502.0,2502.0,2502.0,2548.0,2502.0,2502.0,2502.0,2502.0,2502.0,2548.0,2502.0,2502.0,2502.0,2502.0,2502.0,2502.0,2502.0,2502.0,2502.0,2502.0,2502.0,2502.0,2502.0,2502.0,2502.0,2502.0,2502.0,2502.0,2502.0,2502.0,2502.0,2502.0,2502.0,2502.0,2502.0,2502.0,2531.0,2502.0,2502.0,2502.0,2502.0,2502.0,2540.0,2502.0,2502.0,2502.0,2540.0,2502.0,2502.0,2502.0,2502.0,2502.0,2502.0,2531.0,2531.0,2502.0,2502.0,2502.0,2502.0,2502.0,2502.0,2531.0,2502.0,2404.0,2502.0,2502.0,2502.0,2502.0,2502.0,2502.0,2516.0,2502.0,2502.0,2502.0,2502.0,2502.0,2438.0,2502.0,2502.0,2502.0,2502.0,2502.0,2502.0,2502.0,2502.0,2502.0,2502.0,2502.0,2502.0,2502.0,2502.0,2502.0,2502.0,2502.0,2502.0,2502.0,2476.0,2502.0,2502.0,2502.0,2502.0,2531.0,2502.0,2502.0,2502.0,2502.0,2502.0,2502.0,2502.0,2502.0,2502.0,2502.0,2502.0,2502.0,2502.0,2502.0,2502.0,2502.0,2502.0,2502.0,2502.0,2502.0,2502.0,2502.0,2531.0,2502.0,2502.0,2502.0,2502.0,2502.0,2502.0,2502.0,8245.0,8251.0,8245.0,8234.0,8245.0,8245.0,8219.0,8263.0,8245.0,8245.0,8306.0,8286.0,8245.0,8328.0,8480.0,8264.0,8245.0,8245.0,8245.0,8245.0,8245.0,8245.0,8245.0,8245.0,8245.0,8245.0,8245.0,8245.0,8245.0,8245.0,8245.0,8245.0,8245.0,8245.0,8245.0,8245.0,8240.0,8245.0,8245.0,8245.0,8245.0,8245.0,8245.0,8245.0,8245.0,8245.0,8245.0,8245.0,8245.0,8245.0,8245.0,8245.0,8245.0,8245.0,8286.0,8245.0,8245.0,8245.0,8245.0,8245.0,8245.0,8245.0,8245.0,8245.0,8245.0,8245.0,8245.0,8245.0,8286.0,8245.0,8245.0,8245.0,8245.0,8245.0,8245.0,8245.0,8245.0,8245.0,8245.0,8245.0,8245.0,8245.0,8245.0,8245.0,8245.0,8245.0,8245.0,8245.0,8245.0,8245.0,8245.0,8245.0,8274.0,8242.0,8245.0,8334.0,8245.0,8245.0,8245.0,8245.0,8245.0,8245.0,8245.0,8334.0,8245.0,8245.0,8245.0,8245.0,8245.0,8263.0,8263.0,8334.0,8245.0,8245.0,8245.0,8226.0,8245.0,8265.0,8245.0,8245.0,8245.0,8245.0,8245.0,8245.0,8251.0,8245.0,8245.0,8245.0,8245.0,8245.0,8156.0,8245.0,8245.0,8245.0,8245.0,8245.0,8245.0,8245.0,8245.0,8245.0,8245.0,8245.0,8245.0,8245.0,8245.0,8245.0,8245.0,8245.0,8245.0,8245.0,8245.0,8334.0,8257.0,8245.0,8245.0,8245.0,8245.0,8245.0,8245.0,8245.0,8245.0,8245.0,8245.0,8274.0,8263.0,8263.0,8245.0,8251.0,8245.0,8251.0,8245.0,8245.0,8245.0,8394.0,8334.0,8245.0,8245.0,8245.0,8244.0,8245.0,8245.0,8245.0,8334.0,8245.0,8245.0,8245.0,8245.0,8245.0,8245.0,8245.0,8245.0,8245.0,8245.0,8245.0,8245.0,8245.0,8245.0,8245.0,8245.0,8200.0,8245.0,8245.0,8245.0,8245.0,8200.0,8245.0,8245.0,8245.0,8245.0,8158.0,8245.0,8245.0,8245.0,8245.0,8245.0,8245.0,8156.0,8245.0,8245.0,8263.0,8263.0,8334.0,8245.0,8245.0,8473.0,8245.0,8263.0,8245.0,8334.0,8245.0,8245.0,8245.0,8245.0,8263.0,8245.0,8245.0,8245.0,8245.0,8245.0,8245.0,8245.0,8245.0,8245.0,8245.0,8245.0,8245.0,8245.0,8245.0,8245.0,8334.0,8245.0,8264.0,8245.0,8263.0,8245.0,8245.0,8245.0,8263.0,8334.0,8245.0,8245.0,8334.0,8245.0,8245.0,8245.0,8245.0,8245.0,8245.0,8245.0,8245.0,8245.0,8245.0,8245.0,8245.0,8245.0,8245.0,8245.0,8245.0,8245.0,8245.0,8245.0,8245.0,8245.0,8334.0,8245.0,8245.0,8263.0,8245.0,8245.0,8245.0,8334.0,8245.0,8334.0,8245.0,8334.0,8263.0,8245.0,8245.0,8245.0,8245.0,8245.0,8245.0,8263.0,8245.0,8263.0,8245.0,8245.0,8245.0,8334.0,8245.0,8245.0,8245.0,8245.0,8245.0,8245.0,8245.0,8245.0,8245.0,8245.0,8245.0,8245.0,8245.0,8245.0,8245.0,8245.0,8245.0,8245.0,8245.0,8334.0,8245.0,8334.0,8334.0,8245.0,8245.0,8245.0,8245.0,8245.0,8245.0,8264.0,8245.0,8245.0,8245.0,8245.0,8245.0,8245.0,8245.0,8245.0,8245.0,8245.0,8245.0,8245.0,8245.0,8245.0,8245.0,8334.0,8245.0,8274.0,8245.0,8245.0,8245.0,8334.0,8245.0,8245.0,8334.0,8245.0,8245.0,8245.0,8245.0,8245.0,8245.0,8245.0,8245.0,8334.0,8245.0,8245.0,8245.0,8334.0,8245.0,8245.0,8245.0,8245.0,8245.0,8245.0,8245.0,8245.0,8245.0,8245.0,8245.0,8334.0,8245.0,8334.0,8216.0,8245.0,8245.0,8245.0,8264.0,8245.0,8245.0,8334.0,8245.0,8334.0,8245.0,8245.0,8334.0,8334.0,8334.0,8245.0,8245.0,8264.0,8305.0,8245.0,8245.0,8334.0,8334.0,8264.0,8264.0,8334.0,8245.0,8334.0,8334.0,8334.0,8334.0,8346.0,8245.0,8334.0,8334.0,8264.0,8334.0,8334.0,8245.0,8334.0,8245.0,8334.0,8334.0,8334.0,8264.0,8334.0,8264.0,8334.0,8334.0,8264.0,8264.0,8264.0,8264.0,8264.0,8334.0,8334.0,8221.0,8264.0,8270.0,8264.0,8264.0,8264.0,8264.0,8245.0,8264.0,8264.0,8264.0,8264.0,8264.0,8264.0,8193.0,8264.0,8348.0,8264.0,8348.0,8264.0,8264.0,8346.0,8264.0,8245.0,8245.0,128.0,173.0,489.0,250.0,99.0,231.0,231.0,231.0,231.0,231.0,231.0,231.0,231.0,231.0,231.0,231.0,231.0,231.0,231.0,231.0,231.0,231.0,231.0,231.0,231.0,231.0,231.0,231.0,231.0,231.0,231.0,231.0,231.0,231.0,231.0,231.0,231.0,231.0,231.0,231.0,231.0,260.0,231.0,231.0,231.0,320.0,231.0,231.0,320.0,231.0,231.0,260.0,231.0,231.0,260.0,287.0,257.0,303.0,257.0,250.0,257.0,257.0,250.0,231.0,277.0,250.0,250.0,231.0,231.0,250.0,231.0,231.0,231.0,231.0,231.0,231.0,231.0,231.0,231.0,231.0,231.0,257.0,250.0,231.0,231.0,231.0,231.0,231.0,231.0,231.0,231.0,231.0,231.0,231.0,231.0,277.0,231.0,231.0,231.0,231.0,231.0,231.0,231.0,231.0,231.0,231.0,231.0,231.0,231.0,231.0,231.0,231.0,231.0,231.0,231.0,231.0,231.0,231.0,231.0,231.0,231.0,231.0,231.0,231.0,231.0,231.0,231.0,231.0,231.0,231.0,231.0,231.0,231.0,231.0,231.0,231.0,208.0,231.0,231.0,231.0,231.0,250.0,231.0,231.0,231.0,231.0,231.0,231.0,252.0,231.0,250.0,231.0,231.0,231.0,231.0,231.0,231.0,231.0,231.0,231.0,231.0,231.0,250.0,231.0,231.0,231.0,231.0,231.0,250.0,231.0,231.0,250.0,250.0,231.0,231.0,231.0,250.0,231.0,231.0,231.0,231.0,231.0,231.0,231.0,231.0,231.0,231.0,231.0,231.0,231.0,231.0,277.0,231.0,231.0,231.0,231.0,231.0,231.0,231.0,231.0,277.0,231.0,231.0,321.0,231.0,231.0,231.0,231.0,287.0,231.0,231.0,231.0,231.0,231.0,231.0,231.0,231.0,231.0,231.0,173.0,231.0,231.0,231.0,231.0,250.0,231.0,231.0,279.0,231.0,231.0,231.0,231.0,231.0,231.0,231.0,231.0,231.0,231.0,231.0,231.0,231.0,231.0,231.0,231.0,231.0,254.0,231.0,231.0,231.0,287.0,231.0,231.0,231.0,231.0,231.0,231.0,231.0,231.0,231.0,231.0,231.0,250.0,231.0,231.0,231.0,231.0,231.0,231.0,231.0,231.0,231.0,241.0,231.0,231.0,231.0,287.0,231.0,231.0,231.0,231.0,231.0,231.0,231.0,231.0,231.0,231.0,231.0,295.0,231.0,231.0,231.0,287.0,231.0,231.0,231.0,209.0,231.0,287.0,231.0,231.0,231.0,231.0,231.0,231.0,231.0,231.0,231.0,231.0,231.0,231.0,231.0,231.0,260.0,231.0,231.0,231.0,287.0,231.0,231.0,231.0,231.0,231.0,231.0,231.0,231.0,231.0,231.0,277.0,231.0,287.0,231.0,231.0,231.0,231.0,231.0,231.0,287.0,231.0,231.0,231.0,231.0,287.0,231.0,257.0,295.0,250.0,231.0,250.0,250.0,250.0,250.0,250.0,250.0,250.0,250.0,250.0,250.0,250.0,250.0,250.0,231.0,250.0,296.0,221.0,250.0,231.0,250.0,250.0,250.0,250.0,250.0,250.0,250.0,250.0,250.0,250.0,250.0,250.0,314.0,250.0,250.0,250.0,250.0
hDenV4/Colombia/ANT-UDS-0676596/2013,3080.0,3058.0,3058.0,3058.0,3058.0,3058.0,3058.0,3079.0,3058.0,3127.0,3111.0,3193.0,3080.0,3044.0,3046.0,3046.0,3046.0,3084.0,3046.0,3084.0,3084.0,3050.0,3050.0,3050.0,3050.0,3070.0,3070.0,3084.0,3058.0,3084.0,3050.0,3058.0,3050.0,3084.0,3104.0,3070.0,3050.0,3055.0,3050.0,3050.0,3050.0,3050.0,3050.0,3084.0,3050.0,3050.0,3036.0,3084.0,3058.0,3058.0,3058.0,3058.0,3094.0,3094.0,3094.0,3142.0,3050.0,3058.0,3116.0,3050.0,3058.0,3050.0,3050.0,3050.0,3058.0,3058.0,3084.0,3050.0,3058.0,3084.0,3084.0,3050.0,3050.0,3084.0,3050.0,3050.0,3058.0,3058.0,3058.0,3058.0,3063.0,3058.0,3058.0,3058.0,3058.0,3063.0,3058.0,3036.0,3084.0,3058.0,3058.0,3058.0,3058.0,3058.0,3050.0,3058.0,3050.0,3050.0,3050.0,3058.0,3050.0,3058.0,3058.0,3050.0,3058.0,3058.0,3058.0,3050.0,3050.0,3058.0,3050.0,3044.0,3058.0,3058.0,3046.0,3058.0,3058.0,3058.0,3058.0,3058.0,3058.0,3050.0,3058.0,3084.0,3058.0,3058.0,3058.0,3058.0,2994.0,3058.0,3058.0,3058.0,3044.0,3058.0,3058.0,3058.0,3058.0,3116.0,3058.0,3058.0,3058.0,3058.0,3116.0,3044.0,3058.0,3050.0,3058.0,3044.0,3058.0,3058.0,3058.0,3058.0,3050.0,3058.0,3058.0,3058.0,3058.0,3050.0,3058.0,3058.0,3058.0,3058.0,3058.0,3058.0,3043.0,3058.0,3058.0,3058.0,3095.0,3058.0,3058.0,3058.0,3058.0,3058.0,3058.0,3058.0,3058.0,3058.0,3037.0,3058.0,3058.0,3058.0,3031.0,3058.0,3058.0,3165.0,3058.0,3058.0,3045.0,3058.0,3098.0,3058.0,3058.0,3058.0,3058.0,3058.0,3058.0,3039.0,3058.0,3058.0,3058.0,3058.0,3046.0,3116.0,3058.0,3058.0,3058.0,3058.0,3058.0,3058.0,3058.0,3058.0,3058.0,3058.0,3165.0,3058.0,3058.0,3058.0,3058.0,3058.0,3050.0,3058.0,3127.0,3058.0,3058.0,3058.0,3058.0,3058.0,3058.0,3058.0,3050.0,3058.0,3050.0,3050.0,3058.0,3050.0,3058.0,3058.0,3058.0,3058.0,3116.0,3058.0,3058.0,3050.0,3050.0,3050.0,3058.0,3058.0,3050.0,3058.0,3116.0,3058.0,3058.0,3050.0,3058.0,3058.0,3058.0,3058.0,3058.0,3058.0,3058.0,3058.0,3058.0,3058.0,3058.0,3122.0,3058.0,3058.0,3058.0,3058.0,3058.0,3058.0,3058.0,3058.0,3079.0,3058.0,3058.0,3058.0,3058.0,3058.0,3058.0,3058.0,3058.0,3044.0,3134.0,3050.0,3058.0,3058.0,3058.0,3058.0,3058.0,3058.0,3058.0,3068.0,3058.0,3058.0,3058.0,3058.0,3058.0,3044.0,3058.0,3058.0,3058.0,3058.0,3079.0,3058.0,3058.0,3058.0,3058.0,3044.0,3058.0,3058.0,3058.0,3044.0,3058.0,3058.0,3058.0,3058.0,3058.0,3058.0,3058.0,3058.0,3058.0,3058.0,3058.0,3058.0,3058.0,3058.0,3058.0,3058.0,3058.0,3058.0,3146.0,3058.0,3058.0,3058.0,3058.0,3058.0,3116.0,3058.0,3022.0,3058.0,3058.0,3079.0,3058.0,3058.0,3006.0,3040.0,3058.0,3058.0,3058.0,3046.0,3058.0,3058.0,3058.0,3043.0,3116.0,3058.0,3045.0,3058.0,3058.0,3058.0,3058.0,3058.0,3058.0,3058.0,3058.0,3058.0,3116.0,3058.0,3058.0,3058.0,3058.0,3058.0,3058.0,3058.0,3116.0,3058.0,2969.0,3058.0,3058.0,3058.0,3058.0,3058.0,3058.0,3082.0,3058.0,3058.0,3058.0,3046.0,3058.0,3058.0,3058.0,3058.0,3058.0,3058.0,3058.0,3058.0,3058.0,3058.0,3058.0,3058.0,3058.0,3116.0,3058.0,3058.0,3058.0,3058.0,3058.0,3058.0,3058.0,3116.0,3085.0,3058.0,3116.0,3058.0,3058.0,3058.0,3058.0,3058.0,3058.0,3058.0,3058.0,3058.0,3121.0,3058.0,3058.0,3121.0,3046.0,3130.0,3058.0,3046.0,3058.0,3040.0,3058.0,3116.0,3058.0,3058.0,3058.0,3096.0,3058.0,3058.0,3058.0,3022.0,3058.0,3180.0,3058.0,3058.0,3058.0,3121.0,3046.0,3058.0,3058.0,3090.0,3058.0,3116.0,3058.0,3058.0,3046.0,3050.0,3058.0,3058.0,3058.0,3058.0,3058.0,3058.0,3058.0,3058.0,3058.0,2994.0,3058.0,3058.0,3044.0,3058.0,3116.0,3058.0,3058.0,3058.0,3058.0,3058.0,3058.0,3058.0,3058.0,3040.0,3058.0,3116.0,3058.0,3116.0,3058.0,3058.0,3085.0,3058.0,3058.0,3046.0,3058.0,3058.0,3058.0,3058.0,3116.0,3058.0,3058.0,3058.0,3058.0,3046.0,3116.0,3058.0,3116.0,3058.0,3058.0,3116.0,3058.0,3058.0,3058.0,3044.0,3058.0,3058.0,3058.0,3058.0,3058.0,3058.0,3090.0,3046.0,3058.0,3058.0,2994.0,2994.0,2994.0,3116.0,3078.0,3058.0,3058.0,3058.0,3139.0,3058.0,3058.0,2994.0,3090.0,3058.0,3068.0,3058.0,2994.0,3116.0,3046.0,3058.0,3058.0,3058.0,2994.0,3058.0,3058.0,3058.0,3046.0,3088.0,2994.0,3058.0,3058.0,2994.0,2994.0,2994.0,3058.0,3090.0,3058.0,3058.0,3058.0,2994.0,3058.0,2994.0,3058.0,3058.0,3058.0,2994.0,3058.0,3116.0,3058.0,3046.0,3058.0,2994.0,3058.0,2994.0,3058.0,3131.0,2994.0,3116.0,3058.0,3058.0,3058.0,3058.0,3058.0,3116.0,3116.0,3058.0,3058.0,3058.0,3058.0,3058.0,2994.0,3052.0,2994.0,3058.0,3058.0,3058.0,2994.0,2994.0,3058.0,3058.0,3058.0,3096.0,3116.0,3058.0,3058.0,3058.0,3090.0,3058.0,3058.0,3058.0,3058.0,3058.0,3058.0,3058.0,3058.0,3058.0,3058.0,3058.0,3058.0,3090.0,3090.0,3058.0,3058.0,3080.0,3058.0,3058.0,3058.0,3058.0,3058.0,3058.0,3058.0,3058.0,3058.0,3058.0,3058.0,3139.0,3058.0,3058.0,3067.0,2959.0,3058.0,3058.0,3058.0,3058.0,3058.0,3058.0,3079.0,3058.0,3058.0,3058.0,3058.0,3096.0,3058.0,3058.0,3087.0,3058.0,3058.0,3058.0,3058.0,3058.0,3058.0,2994.0,3117.0,3058.0,3058.0,3046.0,3058.0,3058.0,3139.0,3139.0,3058.0,3116.0,2994.0,2994.0,2994.0,3058.0,3058.0,3135.0,3018.0,2429.0,2502.0,2502.0,2534.0,2470.0,2449.0,2497.0,2420.0,2502.0,2502.0,2502.0,2502.0,2502.0,2548.0,2502.0,2502.0,2502.0,2548.0,2473.0,2502.0,2502.0,2502.0,2473.0,2502.0,2473.0,2540.0,2502.0,2531.0,2502.0,2473.0,2473.0,2502.0,2502.0,2502.0,2502.0,2502.0,2502.0,2502.0,2502.0,2502.0,2473.0,2473.0,2502.0,2502.0,2502.0,2502.0,2473.0,2502.0,2502.0,2502.0,2502.0,2473.0,2502.0,2502.0,2502.0,2502.0,2502.0,2502.0,2502.0,2473.0,2502.0,2502.0,2513.0,2502.0,2502.0,2502.0,2444.0,2473.0,2502.0,2502.0,2473.0,2502.0,2502.0,2502.0,2502.0,2502.0,2502.0,2473.0,2473.0,2502.0,2566.0,2502.0,2502.0,2473.0,2502.0,2502.0,2502.0,2502.0,2502.0,2502.0,2502.0,2473.0,2502.0,2502.0,2473.0,2502.0,2502.0,2502.0,2502.0,2502.0,2473.0,2473.0,2502.0,2502.0,2502.0,2502.0,2502.0,2502.0,2473.0,2502.0,2502.0,2502.0,2502.0,2502.0,2502.0,2502.0,2502.0,2473.0,2502.0,2502.0,2502.0,2502.0,2502.0,2502.0,2502.0,2502.0,2502.0,2596.0,2502.0,2473.0,2502.0,2502.0,2502.0,2502.0,2502.0,2502.0,2502.0,2502.0,2502.0,2502.0,2502.0,2502.0,2502.0,2502.0,2502.0,2502.0,2502.0,2502.0,2502.0,2502.0,2502.0,2502.0,2502.0,2502.0,2504.0,2502.0,2502.0,2502.0,2502.0,2502.0,2502.0,2502.0,2502.0,2502.0,2502.0,2502.0,2502.0,2502.0,2502.0,2502.0,2502.0,2502.0,2502.0,2502.0,2502.0,2502.0,2502.0,2502.0,2502.0,2502.0,2502.0,2502.0,2502.0,2502.0,2502.0,2502.0,2502.0,2502.0,2502.0,2502.0,2502.0,2502.0,2502.0,2502.0,2502.0,2502.0,2502.0,2502.0,2502.0,2502.0,2502.0,2502.0,2502.0,2502.0,2548.0,2502.0,2502.0,2502.0,2502.0,2502.0,2502.0,2502.0,2502.0,2502.0,2502.0,2502.0,2502.0,2502.0,2502.0,2502.0,2502.0,2502.0,2502.0,2502.0,2502.0,2502.0,2502.0,2502.0,2502.0,2502.0,2502.0,2502.0,2502.0,2502.0,2502.0,2502.0,2502.0,2502.0,2502.0,2502.0,2502.0,2502.0,2502.0,2502.0,2502.0,2502.0,2548.0,2502.0,2502.0,2502.0,2502.0,2502.0,2502.0,2502.0,2502.0,2502.0,2502.0,2502.0,2502.0,2502.0,2502.0,2502.0,2502.0,2502.0,2502.0,2502.0,2502.0,2502.0,2502.0,2502.0,2502.0,2502.0,2571.0,2502.0,2502.0,2502.0,2502.0,2502.0,2502.0,2502.0,2502.0,2502.0,2502.0,2502.0,2547.0,2502.0,2502.0,2476.0,2502.0,2502.0,2502.0,2502.0,2502.0,2502.0,2502.0,2502.0,2522.0,2502.0,2555.0,2502.0,2502.0,2502.0,2502.0,2502.0,2502.0,2502.0,2502.0,2502.0,2502.0,2502.0,2502.0,2548.0,2502.0,2502.0,2502.0,2548.0,2502.0,2502.0,2502.0,2502.0,2502.0,2548.0,2502.0,2502.0,2502.0,2502.0,2502.0,2502.0,2502.0,2502.0,2502.0,2502.0,2502.0,2502.0,2502.0,2502.0,2502.0,2502.0,2502.0,2502.0,2502.0,2502.0,2502.0,2502.0,2502.0,2502.0,2502.0,2502.0,2531.0,2502.0,2502.0,2502.0,2502.0,2502.0,2540.0,2502.0,2502.0,2502.0,2540.0,2502.0,2502.0,2502.0,2502.0,2502.0,2502.0,2531.0,2531.0,2502.0,2502.0,2502.0,2502.0,2502.0,2502.0,2531.0,2502.0,2404.0,2502.0,2502.0,2502.0,2502.0,2502.0,2502.0,2516.0,2502.0,2502.0,2502.0,2502.0,2502.0,2438.0,2502.0,2502.0,2502.0,2502.0,2502.0,2502.0,2502.0,2502.0,2502.0,2502.0,2502.0,2502.0,2502.0,2502.0,2502.0,2502.0,2502.0,2502.0,2502.0,2476.0,2502.0,2502.0,2502.0,2502.0,2531.0,2502.0,2502.0,2502.0,2502.0,2502.0,2502.0,2502.0,2502.0,2502.0,2502.0,2502.0,2502.0,2502.0,2502.0,2502.0,2502.0,2502.0,2502.0,2502.0,2502.0,2502.0,2502.0,2531.0,2502.0,2502.0,2502.0,2502.0,2502.0,2502.0,2502.0,8245.0,8251.0,8245.0,8234.0,8245.0,8245.0,8219.0,8263.0,8245.0,8245.0,8306.0,8286.0,8245.0,8328.0,8480.0,8264.0,8245.0,8245.0,8245.0,8245.0,8245.0,8245.0,8245.0,8245.0,8245.0,8245.0,8245.0,8245.0,8245.0,8245.0,8245.0,8245.0,8245.0,8245.0,8245.0,8245.0,8240.0,8245.0,8245.0,8245.0,8245.0,8245.0,8245.0,8245.0,8245.0,8245.0,8245.0,8245.0,8245.0,8245.0,8245.0,8245.0,8245.0,8245.0,8286.0,8245.0,8245.0,8245.0,8245.0,8245.0,8245.0,8245.0,8245.0,8245.0,8245.0,8245.0,8245.0,8245.0,8286.0,8245.0,8245.0,8245.0,8245.0,8245.0,8245.0,8245.0,8245.0,8245.0,8245.0,8245.0,8245.0,8245.0,8245.0,8245.0,8245.0,8245.0,8245.0,8245.0,8245.0,8245.0,8245.0,8245.0,8274.0,8242.0,8245.0,8334.0,8245.0,8245.0,8245.0,8245.0,8245.0,8245.0,8245.0,8334.0,8245.0,8245.0,8245.0,8245.0,8245.0,8263.0,8263.0,8334.0,8245.0,8245.0,8245.0,8226.0,8245.0,8265.0,8245.0,8245.0,8245.0,8245.0,8245.0,8245.0,8251.0,8245.0,8245.0,8245.0,8245.0,8245.0,8156.0,8245.0,8245.0,8245.0,8245.0,8245.0,8245.0,8245.0,8245.0,8245.0,8245.0,8245.0,8245.0,8245.0,8245.0,8245.0,8245.0,8245.0,8245.0,8245.0,8245.0,8334.0,8257.0,8245.0,8245.0,8245.0,8245.0,8245.0,8245.0,8245.0,8245.0,8245.0,8245.0,8274.0,8263.0,8263.0,8245.0,8251.0,8245.0,8251.0,8245.0,8245.0,8245.0,8394.0,8334.0,8245.0,8245.0,8245.0,8244.0,8245.0,8245.0,8245.0,8334.0,8245.0,8245.0,8245.0,8245.0,8245.0,8245.0,8245.0,8245.0,8245.0,8245.0,8245.0,8245.0,8245.0,8245.0,8245.0,8245.0,8200.0,8245.0,8245.0,8245.0,8245.0,8200.0,8245.0,8245.0,8245.0,8245.0,8158.0,8245.0,8245.0,8245.0,8245.0,8245.0,8245.0,8156.0,8245.0,8245.0,8263.0,8263.0,8334.0,8245.0,8245.0,8473.0,8245.0,8263.0,8245.0,8334.0,8245.0,8245.0,8245.0,8245.0,8263.0,8245.0,8245.0,8245.0,8245.0,8245.0,8245.0,8245.0,8245.0,8245.0,8245.0,8245.0,8245.0,8245.0,8245.0,8245.0,8334.0,8245.0,8264.0,8245.0,8263.0,8245.0,8245.0,8245.0,8263.0,8334.0,8245.0,8245.0,8334.0,8245.0,8245.0,8245.0,8245.0,8245.0,8245.0,8245.0,8245.0,8245.0,8245.0,8245.0,8245.0,8245.0,8245.0,8245.0,8245.0,8245.0,8245.0,8245.0,8245.0,8245.0,8334.0,8245.0,8245.0,8263.0,8245.0,8245.0,8245.0,8334.0,8245.0,8334.0,8245.0,8334.0,8263.0,8245.0,8245.0,8245.0,8245.0,8245.0,8245.0,8263.0,8245.0,8263.0,8245.0,8245.0,8245.0,8334.0,8245.0,8245.0,8245.0,8245.0,8245.0,8245.0,8245.0,8245.0,8245.0,8245.0,8245.0,8245.0,8245.0,8245.0,8245.0,8245.0,8245.0,8245.0,8245.0,8334.0,8245.0,8334.0,8334.0,8245.0,8245.0,8245.0,8245.0,8245.0,8245.0,8264.0,8245.0,8245.0,8245.0,8245.0,8245.0,8245.0,8245.0,8245.0,8245.0,8245.0,8245.0,8245.0,8245.0,8245.0,8245.0,8334.0,8245.0,8274.0,8245.0,8245.0,8245.0,8334.0,8245.0,8245.0,8334.0,8245.0,8245.0,8245.0,8245.0,8245.0,8245.0,8245.0,8245.0,8334.0,8245.0,8245.0,8245.0,8334.0,8245.0,8245.0,8245.0,8245.0,8245.0,8245.0,8245.0,8245.0,8245.0,8245.0,8245.0,8334.0,8245.0,8334.0,8216.0,8245.0,8245.0,8245.0,8264.0,8245.0,8245.0,8334.0,8245.0,8334.0,8245.0,8245.0,8334.0,8334.0,8334.0,8245.0,8245.0,8264.0,8305.0,8245.0,8245.0,8334.0,8334.0,8264.0,8264.0,8334.0,8245.0,8334.0,8334.0,8334.0,8334.0,8346.0,8245.0,8334.0,8334.0,8264.0,8334.0,8334.0,8245.0,8334.0,8245.0,8334.0,8334.0,8334.0,8264.0,8334.0,8264.0,8334.0,8334.0,8264.0,8264.0,8264.0,8264.0,8264.0,8334.0,8334.0,8221.0,8264.0,8270.0,8264.0,8264.0,8264.0,8264.0,8245.0,8264.0,8264.0,8264.0,8264.0,8264.0,8264.0,8193.0,8264.0,8348.0,8264.0,8348.0,8264.0,8264.0,8346.0,8264.0,8245.0,8245.0,128.0,173.0,489.0,250.0,99.0,231.0,231.0,231.0,231.0,231.0,231.0,231.0,231.0,231.0,231.0,231.0,231.0,231.0,231.0,231.0,231.0,231.0,231.0,231.0,231.0,231.0,231.0,231.0,231.0,231.0,231.0,231.0,231.0,231.0,231.0,231.0,231.0,231.0,231.0,231.0,231.0,260.0,231.0,231.0,231.0,320.0,231.0,231.0,320.0,231.0,231.0,260.0,231.0,231.0,260.0,287.0,257.0,303.0,257.0,250.0,257.0,257.0,250.0,231.0,277.0,250.0,250.0,231.0,231.0,250.0,231.0,231.0,231.0,231.0,231.0,231.0,231.0,231.0,231.0,231.0,231.0,257.0,250.0,231.0,231.0,231.0,231.0,231.0,231.0,231.0,231.0,231.0,231.0,231.0,231.0,277.0,231.0,231.0,231.0,231.0,231.0,231.0,231.0,231.0,231.0,231.0,231.0,231.0,231.0,231.0,231.0,231.0,231.0,231.0,231.0,231.0,231.0,231.0,231.0,231.0,231.0,231.0,231.0,231.0,231.0,231.0,231.0,231.0,231.0,231.0,231.0,231.0,231.0,231.0,231.0,231.0,208.0,231.0,231.0,231.0,231.0,250.0,231.0,231.0,231.0,231.0,231.0,231.0,252.0,231.0,250.0,231.0,231.0,231.0,231.0,231.0,231.0,231.0,231.0,231.0,231.0,231.0,250.0,231.0,231.0,231.0,231.0,231.0,250.0,231.0,231.0,250.0,250.0,231.0,231.0,231.0,250.0,231.0,231.0,231.0,231.0,231.0,231.0,231.0,231.0,231.0,231.0,231.0,231.0,231.0,231.0,277.0,231.0,231.0,231.0,231.0,231.0,231.0,231.0,231.0,277.0,231.0,231.0,321.0,231.0,231.0,231.0,231.0,287.0,231.0,231.0,231.0,231.0,231.0,231.0,231.0,231.0,231.0,231.0,173.0,231.0,231.0,231.0,231.0,250.0,231.0,231.0,279.0,231.0,231.0,231.0,231.0,231.0,231.0,231.0,231.0,231.0,231.0,231.0,231.0,231.0,231.0,231.0,231.0,231.0,254.0,231.0,231.0,231.0,287.0,231.0,231.0,231.0,231.0,231.0,231.0,231.0,231.0,231.0,231.0,231.0,250.0,231.0,231.0,231.0,231.0,231.0,231.0,231.0,231.0,231.0,241.0,231.0,231.0,231.0,287.0,231.0,231.0,231.0,231.0,231.0,231.0,231.0,231.0,231.0,231.0,231.0,295.0,231.0,231.0,231.0,287.0,231.0,231.0,231.0,209.0,231.0,287.0,231.0,231.0,231.0,231.0,231.0,231.0,231.0,231.0,231.0,231.0,231.0,231.0,231.0,231.0,260.0,231.0,231.0,231.0,287.0,231.0,231.0,231.0,231.0,231.0,231.0,231.0,231.0,231.0,231.0,277.0,231.0,287.0,231.0,231.0,231.0,231.0,231.0,231.0,287.0,231.0,231.0,231.0,231.0,287.0,231.0,257.0,295.0,250.0,231.0,250.0,250.0,250.0,250.0,250.0,250.0,250.0,250.0,250.0,250.0,250.0,250.0,250.0,231.0,250.0,296.0,221.0,250.0,231.0,250.0,250.0,250.0,250.0,250.0,250.0,250.0,250.0,250.0,250.0,250.0,250.0,314.0,250.0,250.0,250.0,250.0
hDenV4/Colombia/ANT-UDS-0678597/2013,3080.0,3058.0,3058.0,3058.0,3058.0,3058.0,3058.0,3079.0,3058.0,3127.0,3111.0,3193.0,3080.0,3044.0,3046.0,3046.0,3046.0,3084.0,3046.0,3084.0,3084.0,3050.0,3050.0,3050.0,3050.0,3070.0,3070.0,3084.0,3058.0,3084.0,3050.0,3058.0,3050.0,3084.0,3104.0,3070.0,3050.0,3055.0,3050.0,3050.0,3050.0,3050.0,3050.0,3084.0,3050.0,3050.0,3036.0,3084.0,3058.0,3058.0,3058.0,3058.0,3094.0,3094.0,3094.0,3142.0,3050.0,3058.0,3116.0,3050.0,3058.0,3050.0,3050.0,3050.0,3058.0,3058.0,3084.0,3050.0,3058.0,3084.0,3084.0,3050.0,3050.0,3084.0,3050.0,3050.0,3058.0,3058.0,3058.0,3058.0,3063.0,3058.0,3058.0,3058.0,3058.0,3063.0,3058.0,3036.0,3084.0,3058.0,3058.0,3058.0,3058.0,3058.0,3050.0,3058.0,3050.0,3050.0,3050.0,3058.0,3050.0,3058.0,3058.0,3050.0,3058.0,3058.0,3058.0,3050.0,3050.0,3058.0,3050.0,3044.0,3058.0,3058.0,3046.0,3058.0,3058.0,3058.0,3058.0,3058.0,3058.0,3050.0,3058.0,3084.0,3058.0,3058.0,3058.0,3058.0,2994.0,3058.0,3058.0,3058.0,3044.0,3058.0,3058.0,3058.0,3058.0,3116.0,3058.0,3058.0,3058.0,3058.0,3116.0,3044.0,3058.0,3050.0,3058.0,3044.0,3058.0,3058.0,3058.0,3058.0,3050.0,3058.0,3058.0,3058.0,3058.0,3050.0,3058.0,3058.0,3058.0,3058.0,3058.0,3058.0,3043.0,3058.0,3058.0,3058.0,3095.0,3058.0,3058.0,3058.0,3058.0,3058.0,3058.0,3058.0,3058.0,3058.0,3037.0,3058.0,3058.0,3058.0,3031.0,3058.0,3058.0,3165.0,3058.0,3058.0,3045.0,3058.0,3098.0,3058.0,3058.0,3058.0,3058.0,3058.0,3058.0,3039.0,3058.0,3058.0,3058.0,3058.0,3046.0,3116.0,3058.0,3058.0,3058.0,3058.0,3058.0,3058.0,3058.0,3058.0,3058.0,3058.0,3165.0,3058.0,3058.0,3058.0,3058.0,3058.0,3050.0,3058.0,3127.0,3058.0,3058.0,3058.0,3058.0,3058.0,3058.0,3058.0,3050.0,3058.0,3050.0,3050.0,3058.0,3050.0,3058.0,3058.0,3058.0,3058.0,3116.0,3058.0,3058.0,3050.0,3050.0,3050.0,3058.0,3058.0,3050.0,3058.0,3116.0,3058.0,3058.0,3050.0,3058.0,3058.0,3058.0,3058.0,3058.0,3058.0,3058.0,3058.0,3058.0,3058.0,3058.0,3122.0,3058.0,3058.0,3058.0,3058.0,3058.0,3058.0,3058.0,3058.0,3079.0,3058.0,3058.0,3058.0,3058.0,3058.0,3058.0,3058.0,3058.0,3044.0,3134.0,3050.0,3058.0,3058.0,3058.0,3058.0,3058.0,3058.0,3058.0,3068.0,3058.0,3058.0,3058.0,3058.0,3058.0,3044.0,3058.0,3058.0,3058.0,3058.0,3079.0,3058.0,3058.0,3058.0,3058.0,3044.0,3058.0,3058.0,3058.0,3044.0,3058.0,3058.0,3058.0,3058.0,3058.0,3058.0,3058.0,3058.0,3058.0,3058.0,3058.0,3058.0,3058.0,3058.0,3058.0,3058.0,3058.0,3058.0,3146.0,3058.0,3058.0,3058.0,3058.0,3058.0,3116.0,3058.0,3022.0,3058.0,3058.0,3079.0,3058.0,3058.0,3006.0,3040.0,3058.0,3058.0,3058.0,3046.0,3058.0,3058.0,3058.0,3043.0,3116.0,3058.0,3045.0,3058.0,3058.0,3058.0,3058.0,3058.0,3058.0,3058.0,3058.0,3058.0,3116.0,3058.0,3058.0,3058.0,3058.0,3058.0,3058.0,3058.0,3116.0,3058.0,2969.0,3058.0,3058.0,3058.0,3058.0,3058.0,3058.0,3082.0,3058.0,3058.0,3058.0,3046.0,3058.0,3058.0,3058.0,3058.0,3058.0,3058.0,3058.0,3058.0,3058.0,3058.0,3058.0,3058.0,3058.0,3116.0,3058.0,3058.0,3058.0,3058.0,3058.0,3058.0,3058.0,3116.0,3085.0,3058.0,3116.0,3058.0,3058.0,3058.0,3058.0,3058.0,3058.0,3058.0,3058.0,3058.0,3121.0,3058.0,3058.0,3121.0,3046.0,3130.0,3058.0,3046.0,3058.0,3040.0,3058.0,3116.0,3058.0,3058.0,3058.0,3096.0,3058.0,3058.0,3058.0,3022.0,3058.0,3180.0,3058.0,3058.0,3058.0,3121.0,3046.0,3058.0,3058.0,3090.0,3058.0,3116.0,3058.0,3058.0,3046.0,3050.0,3058.0,3058.0,3058.0,3058.0,3058.0,3058.0,3058.0,3058.0,3058.0,2994.0,3058.0,3058.0,3044.0,3058.0,3116.0,3058.0,3058.0,3058.0,3058.0,3058.0,3058.0,3058.0,3058.0,3040.0,3058.0,3116.0,3058.0,3116.0,3058.0,3058.0,3085.0,3058.0,3058.0,3046.0,3058.0,3058.0,3058.0,3058.0,3116.0,3058.0,3058.0,3058.0,3058.0,3046.0,3116.0,3058.0,3116.0,3058.0,3058.0,3116.0,3058.0,3058.0,3058.0,3044.0,3058.0,3058.0,3058.0,3058.0,3058.0,3058.0,3090.0,3046.0,3058.0,3058.0,2994.0,2994.0,2994.0,3116.0,3078.0,3058.0,3058.0,3058.0,3139.0,3058.0,3058.0,2994.0,3090.0,3058.0,3068.0,3058.0,2994.0,3116.0,3046.0,3058.0,3058.0,3058.0,2994.0,3058.0,3058.0,3058.0,3046.0,3088.0,2994.0,3058.0,3058.0,2994.0,2994.0,2994.0,3058.0,3090.0,3058.0,3058.0,3058.0,2994.0,3058.0,2994.0,3058.0,3058.0,3058.0,2994.0,3058.0,3116.0,3058.0,3046.0,3058.0,2994.0,3058.0,2994.0,3058.0,3131.0,2994.0,3116.0,3058.0,3058.0,3058.0,3058.0,3058.0,3116.0,3116.0,3058.0,3058.0,3058.0,3058.0,3058.0,2994.0,3052.0,2994.0,3058.0,3058.0,3058.0,2994.0,2994.0,3058.0,3058.0,3058.0,3096.0,3116.0,3058.0,3058.0,3058.0,3090.0,3058.0,3058.0,3058.0,3058.0,3058.0,3058.0,3058.0,3058.0,3058.0,3058.0,3058.0,3058.0,3090.0,3090.0,3058.0,3058.0,3080.0,3058.0,3058.0,3058.0,3058.0,3058.0,3058.0,3058.0,3058.0,3058.0,3058.0,3058.0,3139.0,3058.0,3058.0,3067.0,2959.0,3058.0,3058.0,3058.0,3058.0,3058.0,3058.0,3079.0,3058.0,3058.0,3058.0,3058.0,3096.0,3058.0,3058.0,3087.0,3058.0,3058.0,3058.0,3058.0,3058.0,3058.0,2994.0,3117.0,3058.0,3058.0,3046.0,3058.0,3058.0,3139.0,3139.0,3058.0,3116.0,2994.0,2994.0,2994.0,3058.0,3058.0,3135.0,3018.0,2429.0,2502.0,2502.0,2534.0,2470.0,2449.0,2497.0,2420.0,2502.0,2502.0,2502.0,2502.0,2502.0,2548.0,2502.0,2502.0,2502.0,2548.0,2473.0,2502.0,2502.0,2502.0,2473.0,2502.0,2473.0,2540.0,2502.0,2531.0,2502.0,2473.0,2473.0,2502.0,2502.0,2502.0,2502.0,2502.0,2502.0,2502.0,2502.0,2502.0,2473.0,2473.0,2502.0,2502.0,2502.0,2502.0,2473.0,2502.0,2502.0,2502.0,2502.0,2473.0,2502.0,2502.0,2502.0,2502.0,2502.0,2502.0,2502.0,2473.0,2502.0,2502.0,2513.0,2502.0,2502.0,2502.0,2444.0,2473.0,2502.0,2502.0,2473.0,2502.0,2502.0,2502.0,2502.0,2502.0,2502.0,2473.0,2473.0,2502.0,2566.0,2502.0,2502.0,2473.0,2502.0,2502.0,2502.0,2502.0,2502.0,2502.0,2502.0,2473.0,2502.0,2502.0,2473.0,2502.0,2502.0,2502.0,2502.0,2502.0,2473.0,2473.0,2502.0,2502.0,2502.0,2502.0,2502.0,2502.0,2473.0,2502.0,2502.0,2502.0,2502.0,2502.0,2502.0,2502.0,2502.0,2473.0,2502.0,2502.0,2502.0,2502.0,2502.0,2502.0,2502.0,2502.0,2502.0,2596.0,2502.0,2473.0,2502.0,2502.0,2502.0,2502.0,2502.0,2502.0,2502.0,2502.0,2502.0,2502.0,2502.0,2502.0,2502.0,2502.0,2502.0,2502.0,2502.0,2502.0,2502.0,2502.0,2502.0,2502.0,2502.0,2502.0,2504.0,2502.0,2502.0,2502.0,2502.0,2502.0,2502.0,2502.0,2502.0,2502.0,2502.0,2502.0,2502.0,2502.0,2502.0,2502.0,2502.0,2502.0,2502.0,2502.0,2502.0,2502.0,2502.0,2502.0,2502.0,2502.0,2502.0,2502.0,2502.0,2502.0,2502.0,2502.0,2502.0,2502.0,2502.0,2502.0,2502.0,2502.0,2502.0,2502.0,2502.0,2502.0,2502.0,2502.0,2502.0,2502.0,2502.0,2502.0,2502.0,2502.0,2548.0,2502.0,2502.0,2502.0,2502.0,2502.0,2502.0,2502.0,2502.0,2502.0,2502.0,2502.0,2502.0,2502.0,2502.0,2502.0,2502.0,2502.0,2502.0,2502.0,2502.0,2502.0,2502.0,2502.0,2502.0,2502.0,2502.0,2502.0,2502.0,2502.0,2502.0,2502.0,2502.0,2502.0,2502.0,2502.0,2502.0,2502.0,2502.0,2502.0,2502.0,2502.0,2548.0,2502.0,2502.0,2502.0,2502.0,2502.0,2502.0,2502.0,2502.0,2502.0,2502.0,2502.0,2502.0,2502.0,2502.0,2502.0,2502.0,2502.0,2502.0,2502.0,2502.0,2502.0,2502.0,2502.0,2502.0,2502.0,2571.0,2502.0,2502.0,2502.0,2502.0,2502.0,2502.0,2502.0,2502.0,2502.0,2502.0,2502.0,2547.0,2502.0,2502.0,2476.0,2502.0,2502.0,2502.0,2502.0,2502.0,2502.0,2502.0,2502.0,2522.0,2502.0,2555.0,2502.0,2502.0,2502.0,2502.0,2502.0,2502.0,2502.0,2502.0,2502.0,2502.0,2502.0,2502.0,2548.0,2502.0,2502.0,2502.0,2548.0,2502.0,2502.0,2502.0,2502.0,2502.0,2548.0,2502.0,2502.0,2502.0,2502.0,2502.0,2502.0,2502.0,2502.0,2502.0,2502.0,2502.0,2502.0,2502.0,2502.0,2502.0,2502.0,2502.0,2502.0,2502.0,2502.0,2502.0,2502.0,2502.0,2502.0,2502.0,2502.0,2531.0,2502.0,2502.0,2502.0,2502.0,2502.0,2540.0,2502.0,2502.0,2502.0,2540.0,2502.0,2502.0,2502.0,2502.0,2502.0,2502.0,2531.0,2531.0,2502.0,2502.0,2502.0,2502.0,2502.0,2502.0,2531.0,2502.0,2404.0,2502.0,2502.0,2502.0,2502.0,2502.0,2502.0,2516.0,2502.0,2502.0,2502.0,2502.0,2502.0,2438.0,2502.0,2502.0,2502.0,2502.0,2502.0,2502.0,2502.0,2502.0,2502.0,2502.0,2502.0,2502.0,2502.0,2502.0,2502.0,2502.0,2502.0,2502.0,2502.0,2476.0,2502.0,2502.0,2502.0,2502.0,2531.0,2502.0,2502.0,2502.0,2502.0,2502.0,2502.0,2502.0,2502.0,2502.0,2502.0,2502.0,2502.0,2502.0,2502.0,2502.0,2502.0,2502.0,2502.0,2502.0,2502.0,2502.0,2502.0,2531.0,2502.0,2502.0,2502.0,2502.0,2502.0,2502.0,2502.0,8245.0,8251.0,8245.0,8234.0,8245.0,8245.0,8219.0,8263.0,8245.0,8245.0,8306.0,8286.0,8245.0,8328.0,8480.0,8264.0,8245.0,8245.0,8245.0,8245.0,8245.0,8245.0,8245.0,8245.0,8245.0,8245.0,8245.0,8245.0,8245.0,8245.0,8245.0,8245.0,8245.0,8245.0,8245.0,8245.0,8240.0,8245.0,8245.0,8245.0,8245.0,8245.0,8245.0,8245.0,8245.0,8245.0,8245.0,8245.0,8245.0,8245.0,8245.0,8245.0,8245.0,8245.0,8286.0,8245.0,8245.0,8245.0,8245.0,8245.0,8245.0,8245.0,8245.0,8245.0,8245.0,8245.0,8245.0,8245.0,8286.0,8245.0,8245.0,8245.0,8245.0,8245.0,8245.0,8245.0,8245.0,8245.0,8245.0,8245.0,8245.0,8245.0,8245.0,8245.0,8245.0,8245.0,8245.0,8245.0,8245.0,8245.0,8245.0,8245.0,8274.0,8242.0,8245.0,8334.0,8245.0,8245.0,8245.0,8245.0,8245.0,8245.0,8245.0,8334.0,8245.0,8245.0,8245.0,8245.0,8245.0,8263.0,8263.0,8334.0,8245.0,8245.0,8245.0,8226.0,8245.0,8265.0,8245.0,8245.0,8245.0,8245.0,8245.0,8245.0,8251.0,8245.0,8245.0,8245.0,8245.0,8245.0,8156.0,8245.0,8245.0,8245.0,8245.0,8245.0,8245.0,8245.0,8245.0,8245.0,8245.0,8245.0,8245.0,8245.0,8245.0,8245.0,8245.0,8245.0,8245.0,8245.0,8245.0,8334.0,8257.0,8245.0,8245.0,8245.0,8245.0,8245.0,8245.0,8245.0,8245.0,8245.0,8245.0,8274.0,8263.0,8263.0,8245.0,8251.0,8245.0,8251.0,8245.0,8245.0,8245.0,8394.0,8334.0,8245.0,8245.0,8245.0,8244.0,8245.0,8245.0,8245.0,8334.0,8245.0,8245.0,8245.0,8245.0,8245.0,8245.0,8245.0,8245.0,8245.0,8245.0,8245.0,8245.0,8245.0,8245.0,8245.0,8245.0,8200.0,8245.0,8245.0,8245.0,8245.0,8200.0,8245.0,8245.0,8245.0,8245.0,8158.0,8245.0,8245.0,8245.0,8245.0,8245.0,8245.0,8156.0,8245.0,8245.0,8263.0,8263.0,8334.0,8245.0,8245.0,8473.0,8245.0,8263.0,8245.0,8334.0,8245.0,8245.0,8245.0,8245.0,8263.0,8245.0,8245.0,8245.0,8245.0,8245.0,8245.0,8245.0,8245.0,8245.0,8245.0,8245.0,8245.0,8245.0,8245.0,8245.0,8334.0,8245.0,8264.0,8245.0,8263.0,8245.0,8245.0,8245.0,8263.0,8334.0,8245.0,8245.0,8334.0,8245.0,8245.0,8245.0,8245.0,8245.0,8245.0,8245.0,8245.0,8245.0,8245.0,8245.0,8245.0,8245.0,8245.0,8245.0,8245.0,8245.0,8245.0,8245.0,8245.0,8245.0,8334.0,8245.0,8245.0,8263.0,8245.0,8245.0,8245.0,8334.0,8245.0,8334.0,8245.0,8334.0,8263.0,8245.0,8245.0,8245.0,8245.0,8245.0,8245.0,8263.0,8245.0,8263.0,8245.0,8245.0,8245.0,8334.0,8245.0,8245.0,8245.0,8245.0,8245.0,8245.0,8245.0,8245.0,8245.0,8245.0,8245.0,8245.0,8245.0,8245.0,8245.0,8245.0,8245.0,8245.0,8245.0,8334.0,8245.0,8334.0,8334.0,8245.0,8245.0,8245.0,8245.0,8245.0,8245.0,8264.0,8245.0,8245.0,8245.0,8245.0,8245.0,8245.0,8245.0,8245.0,8245.0,8245.0,8245.0,8245.0,8245.0,8245.0,8245.0,8334.0,8245.0,8274.0,8245.0,8245.0,8245.0,8334.0,8245.0,8245.0,8334.0,8245.0,8245.0,8245.0,8245.0,8245.0,8245.0,8245.0,8245.0,8334.0,8245.0,8245.0,8245.0,8334.0,8245.0,8245.0,8245.0,8245.0,8245.0,8245.0,8245.0,8245.0,8245.0,8245.0,8245.0,8334.0,8245.0,8334.0,8216.0,8245.0,8245.0,8245.0,8264.0,8245.0,8245.0,8334.0,8245.0,8334.0,8245.0,8245.0,8334.0,8334.0,8334.0,8245.0,8245.0,8264.0,8305.0,8245.0,8245.0,8334.0,8334.0,8264.0,8264.0,8334.0,8245.0,8334.0,8334.0,8334.0,8334.0,8346.0,8245.0,8334.0,8334.0,8264.0,8334.0,8334.0,8245.0,8334.0,8245.0,8334.0,8334.0,8334.0,8264.0,8334.0,8264.0,8334.0,8334.0,8264.0,8264.0,8264.0,8264.0,8264.0,8334.0,8334.0,8221.0,8264.0,8270.0,8264.0,8264.0,8264.0,8264.0,8245.0,8264.0,8264.0,8264.0,8264.0,8264.0,8264.0,8193.0,8264.0,8348.0,8264.0,8348.0,8264.0,8264.0,8346.0,8264.0,8245.0,8245.0,128.0,173.0,489.0,250.0,99.0,231.0,231.0,231.0,231.0,231.0,231.0,231.0,231.0,231.0,231.0,231.0,231.0,231.0,231.0,231.0,231.0,231.0,231.0,231.0,231.0,231.0,231.0,231.0,231.0,231.0,231.0,231.0,231.0,231.0,231.0,231.0,231.0,231.0,231.0,231.0,231.0,260.0,231.0,231.0,231.0,320.0,231.0,231.0,320.0,231.0,231.0,260.0,231.0,231.0,260.0,287.0,257.0,303.0,257.0,250.0,257.0,257.0,250.0,231.0,277.0,250.0,250.0,231.0,231.0,250.0,231.0,231.0,231.0,231.0,231.0,231.0,231.0,231.0,231.0,231.0,231.0,257.0,250.0,231.0,231.0,231.0,231.0,231.0,231.0,231.0,231.0,231.0,231.0,231.0,231.0,277.0,231.0,231.0,231.0,231.0,231.0,231.0,231.0,231.0,231.0,231.0,231.0,231.0,231.0,231.0,231.0,231.0,231.0,231.0,231.0,231.0,231.0,231.0,231.0,231.0,231.0,231.0,231.0,231.0,231.0,231.0,231.0,231.0,231.0,231.0,231.0,231.0,231.0,231.0,231.0,231.0,208.0,231.0,231.0,231.0,231.0,250.0,231.0,231.0,231.0,231.0,231.0,231.0,252.0,231.0,250.0,231.0,231.0,231.0,231.0,231.0,231.0,231.0,231.0,231.0,231.0,231.0,250.0,231.0,231.0,231.0,231.0,231.0,250.0,231.0,231.0,250.0,250.0,231.0,231.0,231.0,250.0,231.0,231.0,231.0,231.0,231.0,231.0,231.0,231.0,231.0,231.0,231.0,231.0,231.0,231.0,277.0,231.0,231.0,231.0,231.0,231.0,231.0,231.0,231.0,277.0,231.0,231.0,321.0,231.0,231.0,231.0,231.0,287.0,231.0,231.0,231.0,231.0,231.0,231.0,231.0,231.0,231.0,231.0,173.0,231.0,231.0,231.0,231.0,250.0,231.0,231.0,279.0,231.0,231.0,231.0,231.0,231.0,231.0,231.0,231.0,231.0,231.0,231.0,231.0,231.0,231.0,231.0,231.0,231.0,254.0,231.0,231.0,231.0,287.0,231.0,231.0,231.0,231.0,231.0,231.0,231.0,231.0,231.0,231.0,231.0,250.0,231.0,231.0,231.0,231.0,231.0,231.0,231.0,231.0,231.0,241.0,231.0,231.0,231.0,287.0,231.0,231.0,231.0,231.0,231.0,231.0,231.0,231.0,231.0,231.0,231.0,295.0,231.0,231.0,231.0,287.0,231.0,231.0,231.0,209.0,231.0,287.0,231.0,231.0,231.0,231.0,231.0,231.0,231.0,231.0,231.0,231.0,231.0,231.0,231.0,231.0,260.0,231.0,231.0,231.0,287.0,231.0,231.0,231.0,231.0,231.0,231.0,231.0,231.0,231.0,231.0,277.0,231.0,287.0,231.0,231.0,231.0,231.0,231.0,231.0,287.0,231.0,231.0,231.0,231.0,287.0,231.0,257.0,295.0,250.0,231.0,250.0,250.0,250.0,250.0,250.0,250.0,250.0,250.0,250.0,250.0,250.0,250.0,250.0,231.0,250.0,296.0,221.0,250.0,231.0,250.0,250.0,250.0,250.0,250.0,250.0,250.0,250.0,250.0,250.0,250.0,250.0,314.0,250.0,250.0,250.0,250.0
hDenV4/Colombia/ANT-UDS-0681598/2013,3080.0,3058.0,3058.0,3058.0,3058.0,3058.0,3058.0,3079.0,3058.0,3127.0,3111.0,3193.0,3080.0,3044.0,3046.0,3046.0,3046.0,3084.0,3046.0,3084.0,3084.0,3050.0,3050.0,3050.0,3050.0,3070.0,3070.0,3084.0,3058.0,3084.0,3050.0,3058.0,3050.0,3084.0,3104.0,3070.0,3050.0,3055.0,3050.0,3050.0,3050.0,3050.0,3050.0,3084.0,3050.0,3050.0,3036.0,3084.0,3058.0,3058.0,3058.0,3058.0,3094.0,3094.0,3094.0,3142.0,3050.0,3058.0,3116.0,3050.0,3058.0,3050.0,3050.0,3050.0,3058.0,3058.0,3084.0,3050.0,3058.0,3084.0,3084.0,3050.0,3050.0,3084.0,3050.0,3050.0,3058.0,3058.0,3058.0,3058.0,3063.0,3058.0,3058.0,3058.0,3058.0,3063.0,3058.0,3036.0,3084.0,3058.0,3058.0,3058.0,3058.0,3058.0,3050.0,3058.0,3050.0,3050.0,3050.0,3058.0,3050.0,3058.0,3058.0,3050.0,3058.0,3058.0,3058.0,3050.0,3050.0,3058.0,3050.0,3044.0,3058.0,3058.0,3046.0,3058.0,3058.0,3058.0,3058.0,3058.0,3058.0,3050.0,3058.0,3084.0,3058.0,3058.0,3058.0,3058.0,2994.0,3058.0,3058.0,3058.0,3044.0,3058.0,3058.0,3058.0,3058.0,3116.0,3058.0,3058.0,3058.0,3058.0,3116.0,3044.0,3058.0,3050.0,3058.0,3044.0,3058.0,3058.0,3058.0,3058.0,3050.0,3058.0,3058.0,3058.0,3058.0,3050.0,3058.0,3058.0,3058.0,3058.0,3058.0,3058.0,3043.0,3058.0,3058.0,3058.0,3095.0,3058.0,3058.0,3058.0,3058.0,3058.0,3058.0,3058.0,3058.0,3058.0,3037.0,3058.0,3058.0,3058.0,3031.0,3058.0,3058.0,3165.0,3058.0,3058.0,3045.0,3058.0,3098.0,3058.0,3058.0,3058.0,3058.0,3058.0,3058.0,3039.0,3058.0,3058.0,3058.0,3058.0,3046.0,3116.0,3058.0,3058.0,3058.0,3058.0,3058.0,3058.0,3058.0,3058.0,3058.0,3058.0,3165.0,3058.0,3058.0,3058.0,3058.0,3058.0,3050.0,3058.0,3127.0,3058.0,3058.0,3058.0,3058.0,3058.0,3058.0,3058.0,3050.0,3058.0,3050.0,3050.0,3058.0,3050.0,3058.0,3058.0,3058.0,3058.0,3116.0,3058.0,3058.0,3050.0,3050.0,3050.0,3058.0,3058.0,3050.0,3058.0,3116.0,3058.0,3058.0,3050.0,3058.0,3058.0,3058.0,3058.0,3058.0,3058.0,3058.0,3058.0,3058.0,3058.0,3058.0,3122.0,3058.0,3058.0,3058.0,3058.0,3058.0,3058.0,3058.0,3058.0,3079.0,3058.0,3058.0,3058.0,3058.0,3058.0,3058.0,3058.0,3058.0,3044.0,3134.0,3050.0,3058.0,3058.0,3058.0,3058.0,3058.0,3058.0,3058.0,3068.0,3058.0,3058.0,3058.0,3058.0,3058.0,3044.0,3058.0,3058.0,3058.0,3058.0,3079.0,3058.0,3058.0,3058.0,3058.0,3044.0,3058.0,3058.0,3058.0,3044.0,3058.0,3058.0,3058.0,3058.0,3058.0,3058.0,3058.0,3058.0,3058.0,3058.0,3058.0,3058.0,3058.0,3058.0,3058.0,3058.0,3058.0,3058.0,3146.0,3058.0,3058.0,3058.0,3058.0,3058.0,3116.0,3058.0,3022.0,3058.0,3058.0,3079.0,3058.0,3058.0,3006.0,3040.0,3058.0,3058.0,3058.0,3046.0,3058.0,3058.0,3058.0,3043.0,3116.0,3058.0,3045.0,3058.0,3058.0,3058.0,3058.0,3058.0,3058.0,3058.0,3058.0,3058.0,3116.0,3058.0,3058.0,3058.0,3058.0,3058.0,3058.0,3058.0,3116.0,3058.0,2969.0,3058.0,3058.0,3058.0,3058.0,3058.0,3058.0,3082.0,3058.0,3058.0,3058.0,3046.0,3058.0,3058.0,3058.0,3058.0,3058.0,3058.0,3058.0,3058.0,3058.0,3058.0,3058.0,3058.0,3058.0,3116.0,3058.0,3058.0,3058.0,3058.0,3058.0,3058.0,3058.0,3116.0,3085.0,3058.0,3116.0,3058.0,3058.0,3058.0,3058.0,3058.0,3058.0,3058.0,3058.0,3058.0,3121.0,3058.0,3058.0,3121.0,3046.0,3130.0,3058.0,3046.0,3058.0,3040.0,3058.0,3116.0,3058.0,3058.0,3058.0,3096.0,3058.0,3058.0,3058.0,3022.0,3058.0,3180.0,3058.0,3058.0,3058.0,3121.0,3046.0,3058.0,3058.0,3090.0,3058.0,3116.0,3058.0,3058.0,3046.0,3050.0,3058.0,3058.0,3058.0,3058.0,3058.0,3058.0,3058.0,3058.0,3058.0,2994.0,3058.0,3058.0,3044.0,3058.0,3116.0,3058.0,3058.0,3058.0,3058.0,3058.0,3058.0,3058.0,3058.0,3040.0,3058.0,3116.0,3058.0,3116.0,3058.0,3058.0,3085.0,3058.0,3058.0,3046.0,3058.0,3058.0,3058.0,3058.0,3116.0,3058.0,3058.0,3058.0,3058.0,3046.0,3116.0,3058.0,3116.0,3058.0,3058.0,3116.0,3058.0,3058.0,3058.0,3044.0,3058.0,3058.0,3058.0,3058.0,3058.0,3058.0,3090.0,3046.0,3058.0,3058.0,2994.0,2994.0,2994.0,3116.0,3078.0,3058.0,3058.0,3058.0,3139.0,3058.0,3058.0,2994.0,3090.0,3058.0,3068.0,3058.0,2994.0,3116.0,3046.0,3058.0,3058.0,3058.0,2994.0,3058.0,3058.0,3058.0,3046.0,3088.0,2994.0,3058.0,3058.0,2994.0,2994.0,2994.0,3058.0,3090.0,3058.0,3058.0,3058.0,2994.0,3058.0,2994.0,3058.0,3058.0,3058.0,2994.0,3058.0,3116.0,3058.0,3046.0,3058.0,2994.0,3058.0,2994.0,3058.0,3131.0,2994.0,3116.0,3058.0,3058.0,3058.0,3058.0,3058.0,3116.0,3116.0,3058.0,3058.0,3058.0,3058.0,3058.0,2994.0,3052.0,2994.0,3058.0,3058.0,3058.0,2994.0,2994.0,3058.0,3058.0,3058.0,3096.0,3116.0,3058.0,3058.0,3058.0,3090.0,3058.0,3058.0,3058.0,3058.0,3058.0,3058.0,3058.0,3058.0,3058.0,3058.0,3058.0,3058.0,3090.0,3090.0,3058.0,3058.0,3080.0,3058.0,3058.0,3058.0,3058.0,3058.0,3058.0,3058.0,3058.0,3058.0,3058.0,3058.0,3139.0,3058.0,3058.0,3067.0,2959.0,3058.0,3058.0,3058.0,3058.0,3058.0,3058.0,3079.0,3058.0,3058.0,3058.0,3058.0,3096.0,3058.0,3058.0,3087.0,3058.0,3058.0,3058.0,3058.0,3058.0,3058.0,2994.0,3117.0,3058.0,3058.0,3046.0,3058.0,3058.0,3139.0,3139.0,3058.0,3116.0,2994.0,2994.0,2994.0,3058.0,3058.0,3135.0,3018.0,2429.0,2502.0,2502.0,2534.0,2470.0,2449.0,2497.0,2420.0,2502.0,2502.0,2502.0,2502.0,2502.0,2548.0,2502.0,2502.0,2502.0,2548.0,2473.0,2502.0,2502.0,2502.0,2473.0,2502.0,2473.0,2540.0,2502.0,2531.0,2502.0,2473.0,2473.0,2502.0,2502.0,2502.0,2502.0,2502.0,2502.0,2502.0,2502.0,2502.0,2473.0,2473.0,2502.0,2502.0,2502.0,2502.0,2473.0,2502.0,2502.0,2502.0,2502.0,2473.0,2502.0,2502.0,2502.0,2502.0,2502.0,2502.0,2502.0,2473.0,2502.0,2502.0,2513.0,2502.0,2502.0,2502.0,2444.0,2473.0,2502.0,2502.0,2473.0,2502.0,2502.0,2502.0,2502.0,2502.0,2502.0,2473.0,2473.0,2502.0,2566.0,2502.0,2502.0,2473.0,2502.0,2502.0,2502.0,2502.0,2502.0,2502.0,2502.0,2473.0,2502.0,2502.0,2473.0,2502.0,2502.0,2502.0,2502.0,2502.0,2473.0,2473.0,2502.0,2502.0,2502.0,2502.0,2502.0,2502.0,2473.0,2502.0,2502.0,2502.0,2502.0,2502.0,2502.0,2502.0,2502.0,2473.0,2502.0,2502.0,2502.0,2502.0,2502.0,2502.0,2502.0,2502.0,2502.0,2596.0,2502.0,2473.0,2502.0,2502.0,2502.0,2502.0,2502.0,2502.0,2502.0,2502.0,2502.0,2502.0,2502.0,2502.0,2502.0,2502.0,2502.0,2502.0,2502.0,2502.0,2502.0,2502.0,2502.0,2502.0,2502.0,2502.0,2504.0,2502.0,2502.0,2502.0,2502.0,2502.0,2502.0,2502.0,2502.0,2502.0,2502.0,2502.0,2502.0,2502.0,2502.0,2502.0,2502.0,2502.0,2502.0,2502.0,2502.0,2502.0,2502.0,2502.0,2502.0,2502.0,2502.0,2502.0,2502.0,2502.0,2502.0,2502.0,2502.0,2502.0,2502.0,2502.0,2502.0,2502.0,2502.0,2502.0,2502.0,2502.0,2502.0,2502.0,2502.0,2502.0,2502.0,2502.0,2502.0,2502.0,2548.0,2502.0,2502.0,2502.0,2502.0,2502.0,2502.0,2502.0,2502.0,2502.0,2502.0,2502.0,2502.0,2502.0,2502.0,2502.0,2502.0,2502.0,2502.0,2502.0,2502.0,2502.0,2502.0,2502.0,2502.0,2502.0,2502.0,2502.0,2502.0,2502.0,2502.0,2502.0,2502.0,2502.0,2502.0,2502.0,2502.0,2502.0,2502.0,2502.0,2502.0,2502.0,2548.0,2502.0,2502.0,2502.0,2502.0,2502.0,2502.0,2502.0,2502.0,2502.0,2502.0,2502.0,2502.0,2502.0,2502.0,2502.0,2502.0,2502.0,2502.0,2502.0,2502.0,2502.0,2502.0,2502.0,2502.0,2502.0,2571.0,2502.0,2502.0,2502.0,2502.0,2502.0,2502.0,2502.0,2502.0,2502.0,2502.0,2502.0,2547.0,2502.0,2502.0,2476.0,2502.0,2502.0,2502.0,2502.0,2502.0,2502.0,2502.0,2502.0,2522.0,2502.0,2555.0,2502.0,2502.0,2502.0,2502.0,2502.0,2502.0,2502.0,2502.0,2502.0,2502.0,2502.0,2502.0,2548.0,2502.0,2502.0,2502.0,2548.0,2502.0,2502.0,2502.0,2502.0,2502.0,2548.0,2502.0,2502.0,2502.0,2502.0,2502.0,2502.0,2502.0,2502.0,2502.0,2502.0,2502.0,2502.0,2502.0,2502.0,2502.0,2502.0,2502.0,2502.0,2502.0,2502.0,2502.0,2502.0,2502.0,2502.0,2502.0,2502.0,2531.0,2502.0,2502.0,2502.0,2502.0,2502.0,2540.0,2502.0,2502.0,2502.0,2540.0,2502.0,2502.0,2502.0,2502.0,2502.0,2502.0,2531.0,2531.0,2502.0,2502.0,2502.0,2502.0,2502.0,2502.0,2531.0,2502.0,2404.0,2502.0,2502.0,2502.0,2502.0,2502.0,2502.0,2516.0,2502.0,2502.0,2502.0,2502.0,2502.0,2438.0,2502.0,2502.0,2502.0,2502.0,2502.0,2502.0,2502.0,2502.0,2502.0,2502.0,2502.0,2502.0,2502.0,2502.0,2502.0,2502.0,2502.0,2502.0,2502.0,2476.0,2502.0,2502.0,2502.0,2502.0,2531.0,2502.0,2502.0,2502.0,2502.0,2502.0,2502.0,2502.0,2502.0,2502.0,2502.0,2502.0,2502.0,2502.0,2502.0,2502.0,2502.0,2502.0,2502.0,2502.0,2502.0,2502.0,2502.0,2531.0,2502.0,2502.0,2502.0,2502.0,2502.0,2502.0,2502.0,8245.0,8251.0,8245.0,8234.0,8245.0,8245.0,8219.0,8263.0,8245.0,8245.0,8306.0,8286.0,8245.0,8328.0,8480.0,8264.0,8245.0,8245.0,8245.0,8245.0,8245.0,8245.0,8245.0,8245.0,8245.0,8245.0,8245.0,8245.0,8245.0,8245.0,8245.0,8245.0,8245.0,8245.0,8245.0,8245.0,8240.0,8245.0,8245.0,8245.0,8245.0,8245.0,8245.0,8245.0,8245.0,8245.0,8245.0,8245.0,8245.0,8245.0,8245.0,8245.0,8245.0,8245.0,8286.0,8245.0,8245.0,8245.0,8245.0,8245.0,8245.0,8245.0,8245.0,8245.0,8245.0,8245.0,8245.0,8245.0,8286.0,8245.0,8245.0,8245.0,8245.0,8245.0,8245.0,8245.0,8245.0,8245.0,8245.0,8245.0,8245.0,8245.0,8245.0,8245.0,8245.0,8245.0,8245.0,8245.0,8245.0,8245.0,8245.0,8245.0,8274.0,8242.0,8245.0,8334.0,8245.0,8245.0,8245.0,8245.0,8245.0,8245.0,8245.0,8334.0,8245.0,8245.0,8245.0,8245.0,8245.0,8263.0,8263.0,8334.0,8245.0,8245.0,8245.0,8226.0,8245.0,8265.0,8245.0,8245.0,8245.0,8245.0,8245.0,8245.0,8251.0,8245.0,8245.0,8245.0,8245.0,8245.0,8156.0,8245.0,8245.0,8245.0,8245.0,8245.0,8245.0,8245.0,8245.0,8245.0,8245.0,8245.0,8245.0,8245.0,8245.0,8245.0,8245.0,8245.0,8245.0,8245.0,8245.0,8334.0,8257.0,8245.0,8245.0,8245.0,8245.0,8245.0,8245.0,8245.0,8245.0,8245.0,8245.0,8274.0,8263.0,8263.0,8245.0,8251.0,8245.0,8251.0,8245.0,8245.0,8245.0,8394.0,8334.0,8245.0,8245.0,8245.0,8244.0,8245.0,8245.0,8245.0,8334.0,8245.0,8245.0,8245.0,8245.0,8245.0,8245.0,8245.0,8245.0,8245.0,8245.0,8245.0,8245.0,8245.0,8245.0,8245.0,8245.0,8200.0,8245.0,8245.0,8245.0,8245.0,8200.0,8245.0,8245.0,8245.0,8245.0,8158.0,8245.0,8245.0,8245.0,8245.0,8245.0,8245.0,8156.0,8245.0,8245.0,8263.0,8263.0,8334.0,8245.0,8245.0,8473.0,8245.0,8263.0,8245.0,8334.0,8245.0,8245.0,8245.0,8245.0,8263.0,8245.0,8245.0,8245.0,8245.0,8245.0,8245.0,8245.0,8245.0,8245.0,8245.0,8245.0,8245.0,8245.0,8245.0,8245.0,8334.0,8245.0,8264.0,8245.0,8263.0,8245.0,8245.0,8245.0,8263.0,8334.0,8245.0,8245.0,8334.0,8245.0,8245.0,8245.0,8245.0,8245.0,8245.0,8245.0,8245.0,8245.0,8245.0,8245.0,8245.0,8245.0,8245.0,8245.0,8245.0,8245.0,8245.0,8245.0,8245.0,8245.0,8334.0,8245.0,8245.0,8263.0,8245.0,8245.0,8245.0,8334.0,8245.0,8334.0,8245.0,8334.0,8263.0,8245.0,8245.0,8245.0,8245.0,8245.0,8245.0,8263.0,8245.0,8263.0,8245.0,8245.0,8245.0,8334.0,8245.0,8245.0,8245.0,8245.0,8245.0,8245.0,8245.0,8245.0,8245.0,8245.0,8245.0,8245.0,8245.0,8245.0,8245.0,8245.0,8245.0,8245.0,8245.0,8334.0,8245.0,8334.0,8334.0,8245.0,8245.0,8245.0,8245.0,8245.0,8245.0,8264.0,8245.0,8245.0,8245.0,8245.0,8245.0,8245.0,8245.0,8245.0,8245.0,8245.0,8245.0,8245.0,8245.0,8245.0,8245.0,8334.0,8245.0,8274.0,8245.0,8245.0,8245.0,8334.0,8245.0,8245.0,8334.0,8245.0,8245.0,8245.0,8245.0,8245.0,8245.0,8245.0,8245.0,8334.0,8245.0,8245.0,8245.0,8334.0,8245.0,8245.0,8245.0,8245.0,8245.0,8245.0,8245.0,8245.0,8245.0,8245.0,8245.0,8334.0,8245.0,8334.0,8216.0,8245.0,8245.0,8245.0,8264.0,8245.0,8245.0,8334.0,8245.0,8334.0,8245.0,8245.0,8334.0,8334.0,8334.0,8245.0,8245.0,8264.0,8305.0,8245.0,8245.0,8334.0,8334.0,8264.0,8264.0,8334.0,8245.0,8334.0,8334.0,8334.0,8334.0,8346.0,8245.0,8334.0,8334.0,8264.0,8334.0,8334.0,8245.0,8334.0,8245.0,8334.0,8334.0,8334.0,8264.0,8334.0,8264.0,8334.0,8334.0,8264.0,8264.0,8264.0,8264.0,8264.0,8334.0,8334.0,8221.0,8264.0,8270.0,8264.0,8264.0,8264.0,8264.0,8245.0,8264.0,8264.0,8264.0,8264.0,8264.0,8264.0,8193.0,8264.0,8348.0,8264.0,8348.0,8264.0,8264.0,8346.0,8264.0,8245.0,8245.0,128.0,173.0,489.0,250.0,99.0,231.0,231.0,231.0,231.0,231.0,231.0,231.0,231.0,231.0,231.0,231.0,231.0,231.0,231.0,231.0,231.0,231.0,231.0,231.0,231.0,231.0,231.0,231.0,231.0,231.0,231.0,231.0,231.0,231.0,231.0,231.0,231.0,231.0,231.0,231.0,231.0,260.0,231.0,231.0,231.0,320.0,231.0,231.0,320.0,231.0,231.0,260.0,231.0,231.0,260.0,287.0,257.0,303.0,257.0,250.0,257.0,257.0,250.0,231.0,277.0,250.0,250.0,231.0,231.0,250.0,231.0,231.0,231.0,231.0,231.0,231.0,231.0,231.0,231.0,231.0,231.0,257.0,250.0,231.0,231.0,231.0,231.0,231.0,231.0,231.0,231.0,231.0,231.0,231.0,231.0,277.0,231.0,231.0,231.0,231.0,231.0,231.0,231.0,231.0,231.0,231.0,231.0,231.0,231.0,231.0,231.0,231.0,231.0,231.0,231.0,231.0,231.0,231.0,231.0,231.0,231.0,231.0,231.0,231.0,231.0,231.0,231.0,231.0,231.0,231.0,231.0,231.0,231.0,231.0,231.0,231.0,208.0,231.0,231.0,231.0,231.0,250.0,231.0,231.0,231.0,231.0,231.0,231.0,252.0,231.0,250.0,231.0,231.0,231.0,231.0,231.0,231.0,231.0,231.0,231.0,231.0,231.0,250.0,231.0,231.0,231.0,231.0,231.0,250.0,231.0,231.0,250.0,250.0,231.0,231.0,231.0,250.0,231.0,231.0,231.0,231.0,231.0,231.0,231.0,231.0,231.0,231.0,231.0,231.0,231.0,231.0,277.0,231.0,231.0,231.0,231.0,231.0,231.0,231.0,231.0,277.0,231.0,231.0,321.0,231.0,231.0,231.0,231.0,287.0,231.0,231.0,231.0,231.0,231.0,231.0,231.0,231.0,231.0,231.0,173.0,231.0,231.0,231.0,231.0,250.0,231.0,231.0,279.0,231.0,231.0,231.0,231.0,231.0,231.0,231.0,231.0,231.0,231.0,231.0,231.0,231.0,231.0,231.0,231.0,231.0,254.0,231.0,231.0,231.0,287.0,231.0,231.0,231.0,231.0,231.0,231.0,231.0,231.0,231.0,231.0,231.0,250.0,231.0,231.0,231.0,231.0,231.0,231.0,231.0,231.0,231.0,241.0,231.0,231.0,231.0,287.0,231.0,231.0,231.0,231.0,231.0,231.0,231.0,231.0,231.0,231.0,231.0,295.0,231.0,231.0,231.0,287.0,231.0,231.0,231.0,209.0,231.0,287.0,231.0,231.0,231.0,231.0,231.0,231.0,231.0,231.0,231.0,231.0,231.0,231.0,231.0,231.0,260.0,231.0,231.0,231.0,287.0,231.0,231.0,231.0,231.0,231.0,231.0,231.0,231.0,231.0,231.0,277.0,231.0,287.0,231.0,231.0,231.0,231.0,231.0,231.0,287.0,231.0,231.0,231.0,231.0,287.0,231.0,257.0,295.0,250.0,231.0,250.0,250.0,250.0,250.0,250.0,250.0,250.0,250.0,250.0,250.0,250.0,250.0,250.0,231.0,250.0,296.0,221.0,250.0,231.0,250.0,250.0,250.0,250.0,250.0,250.0,250.0,250.0,250.0,250.0,250.0,250.0,314.0,250.0,250.0,250.0,250.0
hDenV4/Colombia/ANT-UDS-0728599/2013,3080.0,3058.0,3058.0,3058.0,3058.0,3058.0,3058.0,3079.0,3058.0,3127.0,3111.0,3193.0,3080.0,3044.0,3046.0,3046.0,3046.0,3084.0,3046.0,3084.0,3084.0,3050.0,3050.0,3050.0,3050.0,3070.0,3070.0,3084.0,3058.0,3084.0,3050.0,3058.0,3050.0,3084.0,3104.0,3070.0,3050.0,3055.0,3050.0,3050.0,3050.0,3050.0,3050.0,3084.0,3050.0,3050.0,3036.0,3084.0,3058.0,3058.0,3058.0,3058.0,3094.0,3094.0,3094.0,3142.0,3050.0,3058.0,3116.0,3050.0,3058.0,3050.0,3050.0,3050.0,3058.0,3058.0,3084.0,3050.0,3058.0,3084.0,3084.0,3050.0,3050.0,3084.0,3050.0,3050.0,3058.0,3058.0,3058.0,3058.0,3063.0,3058.0,3058.0,3058.0,3058.0,3063.0,3058.0,3036.0,3084.0,3058.0,3058.0,3058.0,3058.0,3058.0,3050.0,3058.0,3050.0,3050.0,3050.0,3058.0,3050.0,3058.0,3058.0,3050.0,3058.0,3058.0,3058.0,3050.0,3050.0,3058.0,3050.0,3044.0,3058.0,3058.0,3046.0,3058.0,3058.0,3058.0,3058.0,3058.0,3058.0,3050.0,3058.0,3084.0,3058.0,3058.0,3058.0,3058.0,2994.0,3058.0,3058.0,3058.0,3044.0,3058.0,3058.0,3058.0,3058.0,3116.0,3058.0,3058.0,3058.0,3058.0,3116.0,3044.0,3058.0,3050.0,3058.0,3044.0,3058.0,3058.0,3058.0,3058.0,3050.0,3058.0,3058.0,3058.0,3058.0,3050.0,3058.0,3058.0,3058.0,3058.0,3058.0,3058.0,3043.0,3058.0,3058.0,3058.0,3095.0,3058.0,3058.0,3058.0,3058.0,3058.0,3058.0,3058.0,3058.0,3058.0,3037.0,3058.0,3058.0,3058.0,3031.0,3058.0,3058.0,3165.0,3058.0,3058.0,3045.0,3058.0,3098.0,3058.0,3058.0,3058.0,3058.0,3058.0,3058.0,3039.0,3058.0,3058.0,3058.0,3058.0,3046.0,3116.0,3058.0,3058.0,3058.0,3058.0,3058.0,3058.0,3058.0,3058.0,3058.0,3058.0,3165.0,3058.0,3058.0,3058.0,3058.0,3058.0,3050.0,3058.0,3127.0,3058.0,3058.0,3058.0,3058.0,3058.0,3058.0,3058.0,3050.0,3058.0,3050.0,3050.0,3058.0,3050.0,3058.0,3058.0,3058.0,3058.0,3116.0,3058.0,3058.0,3050.0,3050.0,3050.0,3058.0,3058.0,3050.0,3058.0,3116.0,3058.0,3058.0,3050.0,3058.0,3058.0,3058.0,3058.0,3058.0,3058.0,3058.0,3058.0,3058.0,3058.0,3058.0,3122.0,3058.0,3058.0,3058.0,3058.0,3058.0,3058.0,3058.0,3058.0,3079.0,3058.0,3058.0,3058.0,3058.0,3058.0,3058.0,3058.0,3058.0,3044.0,3134.0,3050.0,3058.0,3058.0,3058.0,3058.0,3058.0,3058.0,3058.0,3068.0,3058.0,3058.0,3058.0,3058.0,3058.0,3044.0,3058.0,3058.0,3058.0,3058.0,3079.0,3058.0,3058.0,3058.0,3058.0,3044.0,3058.0,3058.0,3058.0,3044.0,3058.0,3058.0,3058.0,3058.0,3058.0,3058.0,3058.0,3058.0,3058.0,3058.0,3058.0,3058.0,3058.0,3058.0,3058.0,3058.0,3058.0,3058.0,3146.0,3058.0,3058.0,3058.0,3058.0,3058.0,3116.0,3058.0,3022.0,3058.0,3058.0,3079.0,3058.0,3058.0,3006.0,3040.0,3058.0,3058.0,3058.0,3046.0,3058.0,3058.0,3058.0,3043.0,3116.0,3058.0,3045.0,3058.0,3058.0,3058.0,3058.0,3058.0,3058.0,3058.0,3058.0,3058.0,3116.0,3058.0,3058.0,3058.0,3058.0,3058.0,3058.0,3058.0,3116.0,3058.0,2969.0,3058.0,3058.0,3058.0,3058.0,3058.0,3058.0,3082.0,3058.0,3058.0,3058.0,3046.0,3058.0,3058.0,3058.0,3058.0,3058.0,3058.0,3058.0,3058.0,3058.0,3058.0,3058.0,3058.0,3058.0,3116.0,3058.0,3058.0,3058.0,3058.0,3058.0,3058.0,3058.0,3116.0,3085.0,3058.0,3116.0,3058.0,3058.0,3058.0,3058.0,3058.0,3058.0,3058.0,3058.0,3058.0,3121.0,3058.0,3058.0,3121.0,3046.0,3130.0,3058.0,3046.0,3058.0,3040.0,3058.0,3116.0,3058.0,3058.0,3058.0,3096.0,3058.0,3058.0,3058.0,3022.0,3058.0,3180.0,3058.0,3058.0,3058.0,3121.0,3046.0,3058.0,3058.0,3090.0,3058.0,3116.0,3058.0,3058.0,3046.0,3050.0,3058.0,3058.0,3058.0,3058.0,3058.0,3058.0,3058.0,3058.0,3058.0,2994.0,3058.0,3058.0,3044.0,3058.0,3116.0,3058.0,3058.0,3058.0,3058.0,3058.0,3058.0,3058.0,3058.0,3040.0,3058.0,3116.0,3058.0,3116.0,3058.0,3058.0,3085.0,3058.0,3058.0,3046.0,3058.0,3058.0,3058.0,3058.0,3116.0,3058.0,3058.0,3058.0,3058.0,3046.0,3116.0,3058.0,3116.0,3058.0,3058.0,3116.0,3058.0,3058.0,3058.0,3044.0,3058.0,3058.0,3058.0,3058.0,3058.0,3058.0,3090.0,3046.0,3058.0,3058.0,2994.0,2994.0,2994.0,3116.0,3078.0,3058.0,3058.0,3058.0,3139.0,3058.0,3058.0,2994.0,3090.0,3058.0,3068.0,3058.0,2994.0,3116.0,3046.0,3058.0,3058.0,3058.0,2994.0,3058.0,3058.0,3058.0,3046.0,3088.0,2994.0,3058.0,3058.0,2994.0,2994.0,2994.0,3058.0,3090.0,3058.0,3058.0,3058.0,2994.0,3058.0,2994.0,3058.0,3058.0,3058.0,2994.0,3058.0,3116.0,3058.0,3046.0,3058.0,2994.0,3058.0,2994.0,3058.0,3131.0,2994.0,3116.0,3058.0,3058.0,3058.0,3058.0,3058.0,3116.0,3116.0,3058.0,3058.0,3058.0,3058.0,3058.0,2994.0,3052.0,2994.0,3058.0,3058.0,3058.0,2994.0,2994.0,3058.0,3058.0,3058.0,3096.0,3116.0,3058.0,3058.0,3058.0,3090.0,3058.0,3058.0,3058.0,3058.0,3058.0,3058.0,3058.0,3058.0,3058.0,3058.0,3058.0,3058.0,3090.0,3090.0,3058.0,3058.0,3080.0,3058.0,3058.0,3058.0,3058.0,3058.0,3058.0,3058.0,3058.0,3058.0,3058.0,3058.0,3139.0,3058.0,3058.0,3067.0,2959.0,3058.0,3058.0,3058.0,3058.0,3058.0,3058.0,3079.0,3058.0,3058.0,3058.0,3058.0,3096.0,3058.0,3058.0,3087.0,3058.0,3058.0,3058.0,3058.0,3058.0,3058.0,2994.0,3117.0,3058.0,3058.0,3046.0,3058.0,3058.0,3139.0,3139.0,3058.0,3116.0,2994.0,2994.0,2994.0,3058.0,3058.0,3135.0,3018.0,2429.0,2502.0,2502.0,2534.0,2470.0,2449.0,2497.0,2420.0,2502.0,2502.0,2502.0,2502.0,2502.0,2548.0,2502.0,2502.0,2502.0,2548.0,2473.0,2502.0,2502.0,2502.0,2473.0,2502.0,2473.0,2540.0,2502.0,2531.0,2502.0,2473.0,2473.0,2502.0,2502.0,2502.0,2502.0,2502.0,2502.0,2502.0,2502.0,2502.0,2473.0,2473.0,2502.0,2502.0,2502.0,2502.0,2473.0,2502.0,2502.0,2502.0,2502.0,2473.0,2502.0,2502.0,2502.0,2502.0,2502.0,2502.0,2502.0,2473.0,2502.0,2502.0,2513.0,2502.0,2502.0,2502.0,2444.0,2473.0,2502.0,2502.0,2473.0,2502.0,2502.0,2502.0,2502.0,2502.0,2502.0,2473.0,2473.0,2502.0,2566.0,2502.0,2502.0,2473.0,2502.0,2502.0,2502.0,2502.0,2502.0,2502.0,2502.0,2473.0,2502.0,2502.0,2473.0,2502.0,2502.0,2502.0,2502.0,2502.0,2473.0,2473.0,2502.0,2502.0,2502.0,2502.0,2502.0,2502.0,2473.0,2502.0,2502.0,2502.0,2502.0,2502.0,2502.0,2502.0,2502.0,2473.0,2502.0,2502.0,2502.0,2502.0,2502.0,2502.0,2502.0,2502.0,2502.0,2596.0,2502.0,2473.0,2502.0,2502.0,2502.0,2502.0,2502.0,2502.0,2502.0,2502.0,2502.0,2502.0,2502.0,2502.0,2502.0,2502.0,2502.0,2502.0,2502.0,2502.0,2502.0,2502.0,2502.0,2502.0,2502.0,2502.0,2504.0,2502.0,2502.0,2502.0,2502.0,2502.0,2502.0,2502.0,2502.0,2502.0,2502.0,2502.0,2502.0,2502.0,2502.0,2502.0,2502.0,2502.0,2502.0,2502.0,2502.0,2502.0,2502.0,2502.0,2502.0,2502.0,2502.0,2502.0,2502.0,2502.0,2502.0,2502.0,2502.0,2502.0,2502.0,2502.0,2502.0,2502.0,2502.0,2502.0,2502.0,2502.0,2502.0,2502.0,2502.0,2502.0,2502.0,2502.0,2502.0,2502.0,2548.0,2502.0,2502.0,2502.0,2502.0,2502.0,2502.0,2502.0,2502.0,2502.0,2502.0,2502.0,2502.0,2502.0,2502.0,2502.0,2502.0,2502.0,2502.0,2502.0,2502.0,2502.0,2502.0,2502.0,2502.0,2502.0,2502.0,2502.0,2502.0,2502.0,2502.0,2502.0,2502.0,2502.0,2502.0,2502.0,2502.0,2502.0,2502.0,2502.0,2502.0,2502.0,2548.0,2502.0,2502.0,2502.0,2502.0,2502.0,2502.0,2502.0,2502.0,2502.0,2502.0,2502.0,2502.0,2502.0,2502.0,2502.0,2502.0,2502.0,2502.0,2502.0,2502.0,2502.0,2502.0,2502.0,2502.0,2502.0,2571.0,2502.0,2502.0,2502.0,2502.0,2502.0,2502.0,2502.0,2502.0,2502.0,2502.0,2502.0,2547.0,2502.0,2502.0,2476.0,2502.0,2502.0,2502.0,2502.0,2502.0,2502.0,2502.0,2502.0,2522.0,2502.0,2555.0,2502.0,2502.0,2502.0,2502.0,2502.0,2502.0,2502.0,2502.0,2502.0,2502.0,2502.0,2502.0,2548.0,2502.0,2502.0,2502.0,2548.0,2502.0,2502.0,2502.0,2502.0,2502.0,2548.0,2502.0,2502.0,2502.0,2502.0,2502.0,2502.0,2502.0,2502.0,2502.0,2502.0,2502.0,2502.0,2502.0,2502.0,2502.0,2502.0,2502.0,2502.0,2502.0,2502.0,2502.0,2502.0,2502.0,2502.0,2502.0,2502.0,2531.0,2502.0,2502.0,2502.0,2502.0,2502.0,2540.0,2502.0,2502.0,2502.0,2540.0,2502.0,2502.0,2502.0,2502.0,2502.0,2502.0,2531.0,2531.0,2502.0,2502.0,2502.0,2502.0,2502.0,2502.0,2531.0,2502.0,2404.0,2502.0,2502.0,2502.0,2502.0,2502.0,2502.0,2516.0,2502.0,2502.0,2502.0,2502.0,2502.0,2438.0,2502.0,2502.0,2502.0,2502.0,2502.0,2502.0,2502.0,2502.0,2502.0,2502.0,2502.0,2502.0,2502.0,2502.0,2502.0,2502.0,2502.0,2502.0,2502.0,2476.0,2502.0,2502.0,2502.0,2502.0,2531.0,2502.0,2502.0,2502.0,2502.0,2502.0,2502.0,2502.0,2502.0,2502.0,2502.0,2502.0,2502.0,2502.0,2502.0,2502.0,2502.0,2502.0,2502.0,2502.0,2502.0,2502.0,2502.0,2531.0,2502.0,2502.0,2502.0,2502.0,2502.0,2502.0,2502.0,8245.0,8251.0,8245.0,8234.0,8245.0,8245.0,8219.0,8263.0,8245.0,8245.0,8306.0,8286.0,8245.0,8328.0,8480.0,8264.0,8245.0,8245.0,8245.0,8245.0,8245.0,8245.0,8245.0,8245.0,8245.0,8245.0,8245.0,8245.0,8245.0,8245.0,8245.0,8245.0,8245.0,8245.0,8245.0,8245.0,8240.0,8245.0,8245.0,8245.0,8245.0,8245.0,8245.0,8245.0,8245.0,8245.0,8245.0,8245.0,8245.0,8245.0,8245.0,8245.0,8245.0,8245.0,8286.0,8245.0,8245.0,8245.0,8245.0,8245.0,8245.0,8245.0,8245.0,8245.0,8245.0,8245.0,8245.0,8245.0,8286.0,8245.0,8245.0,8245.0,8245.0,8245.0,8245.0,8245.0,8245.0,8245.0,8245.0,8245.0,8245.0,8245.0,8245.0,8245.0,8245.0,8245.0,8245.0,8245.0,8245.0,8245.0,8245.0,8245.0,8274.0,8242.0,8245.0,8334.0,8245.0,8245.0,8245.0,8245.0,8245.0,8245.0,8245.0,8334.0,8245.0,8245.0,8245.0,8245.0,8245.0,8263.0,8263.0,8334.0,8245.0,8245.0,8245.0,8226.0,8245.0,8265.0,8245.0,8245.0,8245.0,8245.0,8245.0,8245.0,8251.0,8245.0,8245.0,8245.0,8245.0,8245.0,8156.0,8245.0,8245.0,8245.0,8245.0,8245.0,8245.0,8245.0,8245.0,8245.0,8245.0,8245.0,8245.0,8245.0,8245.0,8245.0,8245.0,8245.0,8245.0,8245.0,8245.0,8334.0,8257.0,8245.0,8245.0,8245.0,8245.0,8245.0,8245.0,8245.0,8245.0,8245.0,8245.0,8274.0,8263.0,8263.0,8245.0,8251.0,8245.0,8251.0,8245.0,8245.0,8245.0,8394.0,8334.0,8245.0,8245.0,8245.0,8244.0,8245.0,8245.0,8245.0,8334.0,8245.0,8245.0,8245.0,8245.0,8245.0,8245.0,8245.0,8245.0,8245.0,8245.0,8245.0,8245.0,8245.0,8245.0,8245.0,8245.0,8200.0,8245.0,8245.0,8245.0,8245.0,8200.0,8245.0,8245.0,8245.0,8245.0,8158.0,8245.0,8245.0,8245.0,8245.0,8245.0,8245.0,8156.0,8245.0,8245.0,8263.0,8263.0,8334.0,8245.0,8245.0,8473.0,8245.0,8263.0,8245.0,8334.0,8245.0,8245.0,8245.0,8245.0,8263.0,8245.0,8245.0,8245.0,8245.0,8245.0,8245.0,8245.0,8245.0,8245.0,8245.0,8245.0,8245.0,8245.0,8245.0,8245.0,8334.0,8245.0,8264.0,8245.0,8263.0,8245.0,8245.0,8245.0,8263.0,8334.0,8245.0,8245.0,8334.0,8245.0,8245.0,8245.0,8245.0,8245.0,8245.0,8245.0,8245.0,8245.0,8245.0,8245.0,8245.0,8245.0,8245.0,8245.0,8245.0,8245.0,8245.0,8245.0,8245.0,8245.0,8334.0,8245.0,8245.0,8263.0,8245.0,8245.0,8245.0,8334.0,8245.0,8334.0,8245.0,8334.0,8263.0,8245.0,8245.0,8245.0,8245.0,8245.0,8245.0,8263.0,8245.0,8263.0,8245.0,8245.0,8245.0,8334.0,8245.0,8245.0,8245.0,8245.0,8245.0,8245.0,8245.0,8245.0,8245.0,8245.0,8245.0,8245.0,8245.0,8245.0,8245.0,8245.0,8245.0,8245.0,8245.0,8334.0,8245.0,8334.0,8334.0,8245.0,8245.0,8245.0,8245.0,8245.0,8245.0,8264.0,8245.0,8245.0,8245.0,8245.0,8245.0,8245.0,8245.0,8245.0,8245.0,8245.0,8245.0,8245.0,8245.0,8245.0,8245.0,8334.0,8245.0,8274.0,8245.0,8245.0,8245.0,8334.0,8245.0,8245.0,8334.0,8245.0,8245.0,8245.0,8245.0,8245.0,8245.0,8245.0,8245.0,8334.0,8245.0,8245.0,8245.0,8334.0,8245.0,8245.0,8245.0,8245.0,8245.0,8245.0,8245.0,8245.0,8245.0,8245.0,8245.0,8334.0,8245.0,8334.0,8216.0,8245.0,8245.0,8245.0,8264.0,8245.0,8245.0,8334.0,8245.0,8334.0,8245.0,8245.0,8334.0,8334.0,8334.0,8245.0,8245.0,8264.0,8305.0,8245.0,8245.0,8334.0,8334.0,8264.0,8264.0,8334.0,8245.0,8334.0,8334.0,8334.0,8334.0,8346.0,8245.0,8334.0,8334.0,8264.0,8334.0,8334.0,8245.0,8334.0,8245.0,8334.0,8334.0,8334.0,8264.0,8334.0,8264.0,8334.0,8334.0,8264.0,8264.0,8264.0,8264.0,8264.0,8334.0,8334.0,8221.0,8264.0,8270.0,8264.0,8264.0,8264.0,8264.0,8245.0,8264.0,8264.0,8264.0,8264.0,8264.0,8264.0,8193.0,8264.0,8348.0,8264.0,8348.0,8264.0,8264.0,8346.0,8264.0,8245.0,8245.0,128.0,173.0,489.0,250.0,99.0,231.0,231.0,231.0,231.0,231.0,231.0,231.0,231.0,231.0,231.0,231.0,231.0,231.0,231.0,231.0,231.0,231.0,231.0,231.0,231.0,231.0,231.0,231.0,231.0,231.0,231.0,231.0,231.0,231.0,231.0,231.0,231.0,231.0,231.0,231.0,231.0,260.0,231.0,231.0,231.0,320.0,231.0,231.0,320.0,231.0,231.0,260.0,231.0,231.0,260.0,287.0,257.0,303.0,257.0,250.0,257.0,257.0,250.0,231.0,277.0,250.0,250.0,231.0,231.0,250.0,231.0,231.0,231.0,231.0,231.0,231.0,231.0,231.0,231.0,231.0,231.0,257.0,250.0,231.0,231.0,231.0,231.0,231.0,231.0,231.0,231.0,231.0,231.0,231.0,231.0,277.0,231.0,231.0,231.0,231.0,231.0,231.0,231.0,231.0,231.0,231.0,231.0,231.0,231.0,231.0,231.0,231.0,231.0,231.0,231.0,231.0,231.0,231.0,231.0,231.0,231.0,231.0,231.0,231.0,231.0,231.0,231.0,231.0,231.0,231.0,231.0,231.0,231.0,231.0,231.0,231.0,208.0,231.0,231.0,231.0,231.0,250.0,231.0,231.0,231.0,231.0,231.0,231.0,252.0,231.0,250.0,231.0,231.0,231.0,231.0,231.0,231.0,231.0,231.0,231.0,231.0,231.0,250.0,231.0,231.0,231.0,231.0,231.0,250.0,231.0,231.0,250.0,250.0,231.0,231.0,231.0,250.0,231.0,231.0,231.0,231.0,231.0,231.0,231.0,231.0,231.0,231.0,231.0,231.0,231.0,231.0,277.0,231.0,231.0,231.0,231.0,231.0,231.0,231.0,231.0,277.0,231.0,231.0,321.0,231.0,231.0,231.0,231.0,287.0,231.0,231.0,231.0,231.0,231.0,231.0,231.0,231.0,231.0,231.0,173.0,231.0,231.0,231.0,231.0,250.0,231.0,231.0,279.0,231.0,231.0,231.0,231.0,231.0,231.0,231.0,231.0,231.0,231.0,231.0,231.0,231.0,231.0,231.0,231.0,231.0,254.0,231.0,231.0,231.0,287.0,231.0,231.0,231.0,231.0,231.0,231.0,231.0,231.0,231.0,231.0,231.0,250.0,231.0,231.0,231.0,231.0,231.0,231.0,231.0,231.0,231.0,241.0,231.0,231.0,231.0,287.0,231.0,231.0,231.0,231.0,231.0,231.0,231.0,231.0,231.0,231.0,231.0,295.0,231.0,231.0,231.0,287.0,231.0,231.0,231.0,209.0,231.0,287.0,231.0,231.0,231.0,231.0,231.0,231.0,231.0,231.0,231.0,231.0,231.0,231.0,231.0,231.0,260.0,231.0,231.0,231.0,287.0,231.0,231.0,231.0,231.0,231.0,231.0,231.0,231.0,231.0,231.0,277.0,231.0,287.0,231.0,231.0,231.0,231.0,231.0,231.0,287.0,231.0,231.0,231.0,231.0,287.0,231.0,257.0,295.0,250.0,231.0,250.0,250.0,250.0,250.0,250.0,250.0,250.0,250.0,250.0,250.0,250.0,250.0,250.0,231.0,250.0,296.0,221.0,250.0,231.0,250.0,250.0,250.0,250.0,250.0,250.0,250.0,250.0,250.0,250.0,250.0,250.0,314.0,250.0,250.0,250.0,250.0
hDenV4/Colombia/ANT-UDS-0732600/2013,3080.0,3058.0,3058.0,3058.0,3058.0,3058.0,3058.0,3079.0,3058.0,3127.0,3111.0,3193.0,3080.0,3044.0,3046.0,3046.0,3046.0,3084.0,3046.0,3084.0,3084.0,3050.0,3050.0,3050.0,3050.0,3070.0,3070.0,3084.0,3058.0,3084.0,3050.0,3058.0,3050.0,3084.0,3104.0,3070.0,3050.0,3055.0,3050.0,3050.0,3050.0,3050.0,3050.0,3084.0,3050.0,3050.0,3036.0,3084.0,3058.0,3058.0,3058.0,3058.0,3094.0,3094.0,3094.0,3142.0,3050.0,3058.0,3116.0,3050.0,3058.0,3050.0,3050.0,3050.0,3058.0,3058.0,3084.0,3050.0,3058.0,3084.0,3084.0,3050.0,3050.0,3084.0,3050.0,3050.0,3058.0,3058.0,3058.0,3058.0,3063.0,3058.0,3058.0,3058.0,3058.0,3063.0,3058.0,3036.0,3084.0,3058.0,3058.0,3058.0,3058.0,3058.0,3050.0,3058.0,3050.0,3050.0,3050.0,3058.0,3050.0,3058.0,3058.0,3050.0,3058.0,3058.0,3058.0,3050.0,3050.0,3058.0,3050.0,3044.0,3058.0,3058.0,3046.0,3058.0,3058.0,3058.0,3058.0,3058.0,3058.0,3050.0,3058.0,3084.0,3058.0,3058.0,3058.0,3058.0,2994.0,3058.0,3058.0,3058.0,3044.0,3058.0,3058.0,3058.0,3058.0,3116.0,3058.0,3058.0,3058.0,3058.0,3116.0,3044.0,3058.0,3050.0,3058.0,3044.0,3058.0,3058.0,3058.0,3058.0,3050.0,3058.0,3058.0,3058.0,3058.0,3050.0,3058.0,3058.0,3058.0,3058.0,3058.0,3058.0,3043.0,3058.0,3058.0,3058.0,3095.0,3058.0,3058.0,3058.0,3058.0,3058.0,3058.0,3058.0,3058.0,3058.0,3037.0,3058.0,3058.0,3058.0,3031.0,3058.0,3058.0,3165.0,3058.0,3058.0,3045.0,3058.0,3098.0,3058.0,3058.0,3058.0,3058.0,3058.0,3058.0,3039.0,3058.0,3058.0,3058.0,3058.0,3046.0,3116.0,3058.0,3058.0,3058.0,3058.0,3058.0,3058.0,3058.0,3058.0,3058.0,3058.0,3165.0,3058.0,3058.0,3058.0,3058.0,3058.0,3050.0,3058.0,3127.0,3058.0,3058.0,3058.0,3058.0,3058.0,3058.0,3058.0,3050.0,3058.0,3050.0,3050.0,3058.0,3050.0,3058.0,3058.0,3058.0,3058.0,3116.0,3058.0,3058.0,3050.0,3050.0,3050.0,3058.0,3058.0,3050.0,3058.0,3116.0,3058.0,3058.0,3050.0,3058.0,3058.0,3058.0,3058.0,3058.0,3058.0,3058.0,3058.0,3058.0,3058.0,3058.0,3122.0,3058.0,3058.0,3058.0,3058.0,3058.0,3058.0,3058.0,3058.0,3079.0,3058.0,3058.0,3058.0,3058.0,3058.0,3058.0,3058.0,3058.0,3044.0,3134.0,3050.0,3058.0,3058.0,3058.0,3058.0,3058.0,3058.0,3058.0,3068.0,3058.0,3058.0,3058.0,3058.0,3058.0,3044.0,3058.0,3058.0,3058.0,3058.0,3079.0,3058.0,3058.0,3058.0,3058.0,3044.0,3058.0,3058.0,3058.0,3044.0,3058.0,3058.0,3058.0,3058.0,3058.0,3058.0,3058.0,3058.0,3058.0,3058.0,3058.0,3058.0,3058.0,3058.0,3058.0,3058.0,3058.0,3058.0,3146.0,3058.0,3058.0,3058.0,3058.0,3058.0,3116.0,3058.0,3022.0,3058.0,3058.0,3079.0,3058.0,3058.0,3006.0,3040.0,3058.0,3058.0,3058.0,3046.0,3058.0,3058.0,3058.0,3043.0,3116.0,3058.0,3045.0,3058.0,3058.0,3058.0,3058.0,3058.0,3058.0,3058.0,3058.0,3058.0,3116.0,3058.0,3058.0,3058.0,3058.0,3058.0,3058.0,3058.0,3116.0,3058.0,2969.0,3058.0,3058.0,3058.0,3058.0,3058.0,3058.0,3082.0,3058.0,3058.0,3058.0,3046.0,3058.0,3058.0,3058.0,3058.0,3058.0,3058.0,3058.0,3058.0,3058.0,3058.0,3058.0,3058.0,3058.0,3116.0,3058.0,3058.0,3058.0,3058.0,3058.0,3058.0,3058.0,3116.0,3085.0,3058.0,3116.0,3058.0,3058.0,3058.0,3058.0,3058.0,3058.0,3058.0,3058.0,3058.0,3121.0,3058.0,3058.0,3121.0,3046.0,3130.0,3058.0,3046.0,3058.0,3040.0,3058.0,3116.0,3058.0,3058.0,3058.0,3096.0,3058.0,3058.0,3058.0,3022.0,3058.0,3180.0,3058.0,3058.0,3058.0,3121.0,3046.0,3058.0,3058.0,3090.0,3058.0,3116.0,3058.0,3058.0,3046.0,3050.0,3058.0,3058.0,3058.0,3058.0,3058.0,3058.0,3058.0,3058.0,3058.0,2994.0,3058.0,3058.0,3044.0,3058.0,3116.0,3058.0,3058.0,3058.0,3058.0,3058.0,3058.0,3058.0,3058.0,3040.0,3058.0,3116.0,3058.0,3116.0,3058.0,3058.0,3085.0,3058.0,3058.0,3046.0,3058.0,3058.0,3058.0,3058.0,3116.0,3058.0,3058.0,3058.0,3058.0,3046.0,3116.0,3058.0,3116.0,3058.0,3058.0,3116.0,3058.0,3058.0,3058.0,3044.0,3058.0,3058.0,3058.0,3058.0,3058.0,3058.0,3090.0,3046.0,3058.0,3058.0,2994.0,2994.0,2994.0,3116.0,3078.0,3058.0,3058.0,3058.0,3139.0,3058.0,3058.0,2994.0,3090.0,3058.0,3068.0,3058.0,2994.0,3116.0,3046.0,3058.0,3058.0,3058.0,2994.0,3058.0,3058.0,3058.0,3046.0,3088.0,2994.0,3058.0,3058.0,2994.0,2994.0,2994.0,3058.0,3090.0,3058.0,3058.0,3058.0,2994.0,3058.0,2994.0,3058.0,3058.0,3058.0,2994.0,3058.0,3116.0,3058.0,3046.0,3058.0,2994.0,3058.0,2994.0,3058.0,3131.0,2994.0,3116.0,3058.0,3058.0,3058.0,3058.0,3058.0,3116.0,3116.0,3058.0,3058.0,3058.0,3058.0,3058.0,2994.0,3052.0,2994.0,3058.0,3058.0,3058.0,2994.0,2994.0,3058.0,3058.0,3058.0,3096.0,3116.0,3058.0,3058.0,3058.0,3090.0,3058.0,3058.0,3058.0,3058.0,3058.0,3058.0,3058.0,3058.0,3058.0,3058.0,3058.0,3058.0,3090.0,3090.0,3058.0,3058.0,3080.0,3058.0,3058.0,3058.0,3058.0,3058.0,3058.0,3058.0,3058.0,3058.0,3058.0,3058.0,3139.0,3058.0,3058.0,3067.0,2959.0,3058.0,3058.0,3058.0,3058.0,3058.0,3058.0,3079.0,3058.0,3058.0,3058.0,3058.0,3096.0,3058.0,3058.0,3087.0,3058.0,3058.0,3058.0,3058.0,3058.0,3058.0,2994.0,3117.0,3058.0,3058.0,3046.0,3058.0,3058.0,3139.0,3139.0,3058.0,3116.0,2994.0,2994.0,2994.0,3058.0,3058.0,3135.0,3018.0,2429.0,2502.0,2502.0,2534.0,2470.0,2449.0,2497.0,2420.0,2502.0,2502.0,2502.0,2502.0,2502.0,2548.0,2502.0,2502.0,2502.0,2548.0,2473.0,2502.0,2502.0,2502.0,2473.0,2502.0,2473.0,2540.0,2502.0,2531.0,2502.0,2473.0,2473.0,2502.0,2502.0,2502.0,2502.0,2502.0,2502.0,2502.0,2502.0,2502.0,2473.0,2473.0,2502.0,2502.0,2502.0,2502.0,2473.0,2502.0,2502.0,2502.0,2502.0,2473.0,2502.0,2502.0,2502.0,2502.0,2502.0,2502.0,2502.0,2473.0,2502.0,2502.0,2513.0,2502.0,2502.0,2502.0,2444.0,2473.0,2502.0,2502.0,2473.0,2502.0,2502.0,2502.0,2502.0,2502.0,2502.0,2473.0,2473.0,2502.0,2566.0,2502.0,2502.0,2473.0,2502.0,2502.0,2502.0,2502.0,2502.0,2502.0,2502.0,2473.0,2502.0,2502.0,2473.0,2502.0,2502.0,2502.0,2502.0,2502.0,2473.0,2473.0,2502.0,2502.0,2502.0,2502.0,2502.0,2502.0,2473.0,2502.0,2502.0,2502.0,2502.0,2502.0,2502.0,2502.0,2502.0,2473.0,2502.0,2502.0,2502.0,2502.0,2502.0,2502.0,2502.0,2502.0,2502.0,2596.0,2502.0,2473.0,2502.0,2502.0,2502.0,2502.0,2502.0,2502.0,2502.0,2502.0,2502.0,2502.0,2502.0,2502.0,2502.0,2502.0,2502.0,2502.0,2502.0,2502.0,2502.0,2502.0,2502.0,2502.0,2502.0,2502.0,2504.0,2502.0,2502.0,2502.0,2502.0,2502.0,2502.0,2502.0,2502.0,2502.0,2502.0,2502.0,2502.0,2502.0,2502.0,2502.0,2502.0,2502.0,2502.0,2502.0,2502.0,2502.0,2502.0,2502.0,2502.0,2502.0,2502.0,2502.0,2502.0,2502.0,2502.0,2502.0,2502.0,2502.0,2502.0,2502.0,2502.0,2502.0,2502.0,2502.0,2502.0,2502.0,2502.0,2502.0,2502.0,2502.0,2502.0,2502.0,2502.0,2502.0,2548.0,2502.0,2502.0,2502.0,2502.0,2502.0,2502.0,2502.0,2502.0,2502.0,2502.0,2502.0,2502.0,2502.0,2502.0,2502.0,2502.0,2502.0,2502.0,2502.0,2502.0,2502.0,2502.0,2502.0,2502.0,2502.0,2502.0,2502.0,2502.0,2502.0,2502.0,2502.0,2502.0,2502.0,2502.0,2502.0,2502.0,2502.0,2502.0,2502.0,2502.0,2502.0,2548.0,2502.0,2502.0,2502.0,2502.0,2502.0,2502.0,2502.0,2502.0,2502.0,2502.0,2502.0,2502.0,2502.0,2502.0,2502.0,2502.0,2502.0,2502.0,2502.0,2502.0,2502.0,2502.0,2502.0,2502.0,2502.0,2571.0,2502.0,2502.0,2502.0,2502.0,2502.0,2502.0,2502.0,2502.0,2502.0,2502.0,2502.0,2547.0,2502.0,2502.0,2476.0,2502.0,2502.0,2502.0,2502.0,2502.0,2502.0,2502.0,2502.0,2522.0,2502.0,2555.0,2502.0,2502.0,2502.0,2502.0,2502.0,2502.0,2502.0,2502.0,2502.0,2502.0,2502.0,2502.0,2548.0,2502.0,2502.0,2502.0,2548.0,2502.0,2502.0,2502.0,2502.0,2502.0,2548.0,2502.0,2502.0,2502.0,2502.0,2502.0,2502.0,2502.0,2502.0,2502.0,2502.0,2502.0,2502.0,2502.0,2502.0,2502.0,2502.0,2502.0,2502.0,2502.0,2502.0,2502.0,2502.0,2502.0,2502.0,2502.0,2502.0,2531.0,2502.0,2502.0,2502.0,2502.0,2502.0,2540.0,2502.0,2502.0,2502.0,2540.0,2502.0,2502.0,2502.0,2502.0,2502.0,2502.0,2531.0,2531.0,2502.0,2502.0,2502.0,2502.0,2502.0,2502.0,2531.0,2502.0,2404.0,2502.0,2502.0,2502.0,2502.0,2502.0,2502.0,2516.0,2502.0,2502.0,2502.0,2502.0,2502.0,2438.0,2502.0,2502.0,2502.0,2502.0,2502.0,2502.0,2502.0,2502.0,2502.0,2502.0,2502.0,2502.0,2502.0,2502.0,2502.0,2502.0,2502.0,2502.0,2502.0,2476.0,2502.0,2502.0,2502.0,2502.0,2531.0,2502.0,2502.0,2502.0,2502.0,2502.0,2502.0,2502.0,2502.0,2502.0,2502.0,2502.0,2502.0,2502.0,2502.0,2502.0,2502.0,2502.0,2502.0,2502.0,2502.0,2502.0,2502.0,2531.0,2502.0,2502.0,2502.0,2502.0,2502.0,2502.0,2502.0,8245.0,8251.0,8245.0,8234.0,8245.0,8245.0,8219.0,8263.0,8245.0,8245.0,8306.0,8286.0,8245.0,8328.0,8480.0,8264.0,8245.0,8245.0,8245.0,8245.0,8245.0,8245.0,8245.0,8245.0,8245.0,8245.0,8245.0,8245.0,8245.0,8245.0,8245.0,8245.0,8245.0,8245.0,8245.0,8245.0,8240.0,8245.0,8245.0,8245.0,8245.0,8245.0,8245.0,8245.0,8245.0,8245.0,8245.0,8245.0,8245.0,8245.0,8245.0,8245.0,8245.0,8245.0,8286.0,8245.0,8245.0,8245.0,8245.0,8245.0,8245.0,8245.0,8245.0,8245.0,8245.0,8245.0,8245.0,8245.0,8286.0,8245.0,8245.0,8245.0,8245.0,8245.0,8245.0,8245.0,8245.0,8245.0,8245.0,8245.0,8245.0,8245.0,8245.0,8245.0,8245.0,8245.0,8245.0,8245.0,8245.0,8245.0,8245.0,8245.0,8274.0,8242.0,8245.0,8334.0,8245.0,8245.0,8245.0,8245.0,8245.0,8245.0,8245.0,8334.0,8245.0,8245.0,8245.0,8245.0,8245.0,8263.0,8263.0,8334.0,8245.0,8245.0,8245.0,8226.0,8245.0,8265.0,8245.0,8245.0,8245.0,8245.0,8245.0,8245.0,8251.0,8245.0,8245.0,8245.0,8245.0,8245.0,8156.0,8245.0,8245.0,8245.0,8245.0,8245.0,8245.0,8245.0,8245.0,8245.0,8245.0,8245.0,8245.0,8245.0,8245.0,8245.0,8245.0,8245.0,8245.0,8245.0,8245.0,8334.0,8257.0,8245.0,8245.0,8245.0,8245.0,8245.0,8245.0,8245.0,8245.0,8245.0,8245.0,8274.0,8263.0,8263.0,8245.0,8251.0,8245.0,8251.0,8245.0,8245.0,8245.0,8394.0,8334.0,8245.0,8245.0,8245.0,8244.0,8245.0,8245.0,8245.0,8334.0,8245.0,8245.0,8245.0,8245.0,8245.0,8245.0,8245.0,8245.0,8245.0,8245.0,8245.0,8245.0,8245.0,8245.0,8245.0,8245.0,8200.0,8245.0,8245.0,8245.0,8245.0,8200.0,8245.0,8245.0,8245.0,8245.0,8158.0,8245.0,8245.0,8245.0,8245.0,8245.0,8245.0,8156.0,8245.0,8245.0,8263.0,8263.0,8334.0,8245.0,8245.0,8473.0,8245.0,8263.0,8245.0,8334.0,8245.0,8245.0,8245.0,8245.0,8263.0,8245.0,8245.0,8245.0,8245.0,8245.0,8245.0,8245.0,8245.0,8245.0,8245.0,8245.0,8245.0,8245.0,8245.0,8245.0,8334.0,8245.0,8264.0,8245.0,8263.0,8245.0,8245.0,8245.0,8263.0,8334.0,8245.0,8245.0,8334.0,8245.0,8245.0,8245.0,8245.0,8245.0,8245.0,8245.0,8245.0,8245.0,8245.0,8245.0,8245.0,8245.0,8245.0,8245.0,8245.0,8245.0,8245.0,8245.0,8245.0,8245.0,8334.0,8245.0,8245.0,8263.0,8245.0,8245.0,8245.0,8334.0,8245.0,8334.0,8245.0,8334.0,8263.0,8245.0,8245.0,8245.0,8245.0,8245.0,8245.0,8263.0,8245.0,8263.0,8245.0,8245.0,8245.0,8334.0,8245.0,8245.0,8245.0,8245.0,8245.0,8245.0,8245.0,8245.0,8245.0,8245.0,8245.0,8245.0,8245.0,8245.0,8245.0,8245.0,8245.0,8245.0,8245.0,8334.0,8245.0,8334.0,8334.0,8245.0,8245.0,8245.0,8245.0,8245.0,8245.0,8264.0,8245.0,8245.0,8245.0,8245.0,8245.0,8245.0,8245.0,8245.0,8245.0,8245.0,8245.0,8245.0,8245.0,8245.0,8245.0,8334.0,8245.0,8274.0,8245.0,8245.0,8245.0,8334.0,8245.0,8245.0,8334.0,8245.0,8245.0,8245.0,8245.0,8245.0,8245.0,8245.0,8245.0,8334.0,8245.0,8245.0,8245.0,8334.0,8245.0,8245.0,8245.0,8245.0,8245.0,8245.0,8245.0,8245.0,8245.0,8245.0,8245.0,8334.0,8245.0,8334.0,8216.0,8245.0,8245.0,8245.0,8264.0,8245.0,8245.0,8334.0,8245.0,8334.0,8245.0,8245.0,8334.0,8334.0,8334.0,8245.0,8245.0,8264.0,8305.0,8245.0,8245.0,8334.0,8334.0,8264.0,8264.0,8334.0,8245.0,8334.0,8334.0,8334.0,8334.0,8346.0,8245.0,8334.0,8334.0,8264.0,8334.0,8334.0,8245.0,8334.0,8245.0,8334.0,8334.0,8334.0,8264.0,8334.0,8264.0,8334.0,8334.0,8264.0,8264.0,8264.0,8264.0,8264.0,8334.0,8334.0,8221.0,8264.0,8270.0,8264.0,8264.0,8264.0,8264.0,8245.0,8264.0,8264.0,8264.0,8264.0,8264.0,8264.0,8193.0,8264.0,8348.0,8264.0,8348.0,8264.0,8264.0,8346.0,8264.0,8245.0,8245.0,128.0,173.0,489.0,250.0,99.0,231.0,231.0,231.0,231.0,231.0,231.0,231.0,231.0,231.0,231.0,231.0,231.0,231.0,231.0,231.0,231.0,231.0,231.0,231.0,231.0,231.0,231.0,231.0,231.0,231.0,231.0,231.0,231.0,231.0,231.0,231.0,231.0,231.0,231.0,231.0,231.0,260.0,231.0,231.0,231.0,320.0,231.0,231.0,320.0,231.0,231.0,260.0,231.0,231.0,260.0,287.0,257.0,303.0,257.0,250.0,257.0,257.0,250.0,231.0,277.0,250.0,250.0,231.0,231.0,250.0,231.0,231.0,231.0,231.0,231.0,231.0,231.0,231.0,231.0,231.0,231.0,257.0,250.0,231.0,231.0,231.0,231.0,231.0,231.0,231.0,231.0,231.0,231.0,231.0,231.0,277.0,231.0,231.0,231.0,231.0,231.0,231.0,231.0,231.0,231.0,231.0,231.0,231.0,231.0,231.0,231.0,231.0,231.0,231.0,231.0,231.0,231.0,231.0,231.0,231.0,231.0,231.0,231.0,231.0,231.0,231.0,231.0,231.0,231.0,231.0,231.0,231.0,231.0,231.0,231.0,231.0,208.0,231.0,231.0,231.0,231.0,250.0,231.0,231.0,231.0,231.0,231.0,231.0,252.0,231.0,250.0,231.0,231.0,231.0,231.0,231.0,231.0,231.0,231.0,231.0,231.0,231.0,250.0,231.0,231.0,231.0,231.0,231.0,250.0,231.0,231.0,250.0,250.0,231.0,231.0,231.0,250.0,231.0,231.0,231.0,231.0,231.0,231.0,231.0,231.0,231.0,231.0,231.0,231.0,231.0,231.0,277.0,231.0,231.0,231.0,231.0,231.0,231.0,231.0,231.0,277.0,231.0,231.0,321.0,231.0,231.0,231.0,231.0,287.0,231.0,231.0,231.0,231.0,231.0,231.0,231.0,231.0,231.0,231.0,173.0,231.0,231.0,231.0,231.0,250.0,231.0,231.0,279.0,231.0,231.0,231.0,231.0,231.0,231.0,231.0,231.0,231.0,231.0,231.0,231.0,231.0,231.0,231.0,231.0,231.0,254.0,231.0,231.0,231.0,287.0,231.0,231.0,231.0,231.0,231.0,231.0,231.0,231.0,231.0,231.0,231.0,250.0,231.0,231.0,231.0,231.0,231.0,231.0,231.0,231.0,231.0,241.0,231.0,231.0,231.0,287.0,231.0,231.0,231.0,231.0,231.0,231.0,231.0,231.0,231.0,231.0,231.0,295.0,231.0,231.0,231.0,287.0,231.0,231.0,231.0,209.0,231.0,287.0,231.0,231.0,231.0,231.0,231.0,231.0,231.0,231.0,231.0,231.0,231.0,231.0,231.0,231.0,260.0,231.0,231.0,231.0,287.0,231.0,231.0,231.0,231.0,231.0,231.0,231.0,231.0,231.0,231.0,277.0,231.0,287.0,231.0,231.0,231.0,231.0,231.0,231.0,287.0,231.0,231.0,231.0,231.0,287.0,231.0,257.0,295.0,250.0,231.0,250.0,250.0,250.0,250.0,250.0,250.0,250.0,250.0,250.0,250.0,250.0,250.0,250.0,231.0,250.0,296.0,221.0,250.0,231.0,250.0,250.0,250.0,250.0,250.0,250.0,250.0,250.0,250.0,250.0,250.0,250.0,314.0,250.0,250.0,250.0,250.0
hDenV4/Colombia/ANT-UDS-1723601/2013,3080.0,3058.0,3058.0,3058.0,3058.0,3058.0,3058.0,3079.0,3058.0,3127.0,3111.0,3193.0,3080.0,3044.0,3046.0,3046.0,3046.0,3084.0,3046.0,3084.0,3084.0,3050.0,3050.0,3050.0,3050.0,3070.0,3070.0,3084.0,3058.0,3084.0,3050.0,3058.0,3050.0,3084.0,3104.0,3070.0,3050.0,3055.0,3050.0,3050.0,3050.0,3050.0,3050.0,3084.0,3050.0,3050.0,3036.0,3084.0,3058.0,3058.0,3058.0,3058.0,3094.0,3094.0,3094.0,3142.0,3050.0,3058.0,3116.0,3050.0,3058.0,3050.0,3050.0,3050.0,3058.0,3058.0,3084.0,3050.0,3058.0,3084.0,3084.0,3050.0,3050.0,3084.0,3050.0,3050.0,3058.0,3058.0,3058.0,3058.0,3063.0,3058.0,3058.0,3058.0,3058.0,3063.0,3058.0,3036.0,3084.0,3058.0,3058.0,3058.0,3058.0,3058.0,3050.0,3058.0,3050.0,3050.0,3050.0,3058.0,3050.0,3058.0,3058.0,3050.0,3058.0,3058.0,3058.0,3050.0,3050.0,3058.0,3050.0,3044.0,3058.0,3058.0,3046.0,3058.0,3058.0,3058.0,3058.0,3058.0,3058.0,3050.0,3058.0,3084.0,3058.0,3058.0,3058.0,3058.0,2994.0,3058.0,3058.0,3058.0,3044.0,3058.0,3058.0,3058.0,3058.0,3116.0,3058.0,3058.0,3058.0,3058.0,3116.0,3044.0,3058.0,3050.0,3058.0,3044.0,3058.0,3058.0,3058.0,3058.0,3050.0,3058.0,3058.0,3058.0,3058.0,3050.0,3058.0,3058.0,3058.0,3058.0,3058.0,3058.0,3043.0,3058.0,3058.0,3058.0,3095.0,3058.0,3058.0,3058.0,3058.0,3058.0,3058.0,3058.0,3058.0,3058.0,3037.0,3058.0,3058.0,3058.0,3031.0,3058.0,3058.0,3165.0,3058.0,3058.0,3045.0,3058.0,3098.0,3058.0,3058.0,3058.0,3058.0,3058.0,3058.0,3039.0,3058.0,3058.0,3058.0,3058.0,3046.0,3116.0,3058.0,3058.0,3058.0,3058.0,3058.0,3058.0,3058.0,3058.0,3058.0,3058.0,3165.0,3058.0,3058.0,3058.0,3058.0,3058.0,3050.0,3058.0,3127.0,3058.0,3058.0,3058.0,3058.0,3058.0,3058.0,3058.0,3050.0,3058.0,3050.0,3050.0,3058.0,3050.0,3058.0,3058.0,3058.0,3058.0,3116.0,3058.0,3058.0,3050.0,3050.0,3050.0,3058.0,3058.0,3050.0,3058.0,3116.0,3058.0,3058.0,3050.0,3058.0,3058.0,3058.0,3058.0,3058.0,3058.0,3058.0,3058.0,3058.0,3058.0,3058.0,3122.0,3058.0,3058.0,3058.0,3058.0,3058.0,3058.0,3058.0,3058.0,3079.0,3058.0,3058.0,3058.0,3058.0,3058.0,3058.0,3058.0,3058.0,3044.0,3134.0,3050.0,3058.0,3058.0,3058.0,3058.0,3058.0,3058.0,3058.0,3068.0,3058.0,3058.0,3058.0,3058.0,3058.0,3044.0,3058.0,3058.0,3058.0,3058.0,3079.0,3058.0,3058.0,3058.0,3058.0,3044.0,3058.0,3058.0,3058.0,3044.0,3058.0,3058.0,3058.0,3058.0,3058.0,3058.0,3058.0,3058.0,3058.0,3058.0,3058.0,3058.0,3058.0,3058.0,3058.0,3058.0,3058.0,3058.0,3146.0,3058.0,3058.0,3058.0,3058.0,3058.0,3116.0,3058.0,3022.0,3058.0,3058.0,3079.0,3058.0,3058.0,3006.0,3040.0,3058.0,3058.0,3058.0,3046.0,3058.0,3058.0,3058.0,3043.0,3116.0,3058.0,3045.0,3058.0,3058.0,3058.0,3058.0,3058.0,3058.0,3058.0,3058.0,3058.0,3116.0,3058.0,3058.0,3058.0,3058.0,3058.0,3058.0,3058.0,3116.0,3058.0,2969.0,3058.0,3058.0,3058.0,3058.0,3058.0,3058.0,3082.0,3058.0,3058.0,3058.0,3046.0,3058.0,3058.0,3058.0,3058.0,3058.0,3058.0,3058.0,3058.0,3058.0,3058.0,3058.0,3058.0,3058.0,3116.0,3058.0,3058.0,3058.0,3058.0,3058.0,3058.0,3058.0,3116.0,3085.0,3058.0,3116.0,3058.0,3058.0,3058.0,3058.0,3058.0,3058.0,3058.0,3058.0,3058.0,3121.0,3058.0,3058.0,3121.0,3046.0,3130.0,3058.0,3046.0,3058.0,3040.0,3058.0,3116.0,3058.0,3058.0,3058.0,3096.0,3058.0,3058.0,3058.0,3022.0,3058.0,3180.0,3058.0,3058.0,3058.0,3121.0,3046.0,3058.0,3058.0,3090.0,3058.0,3116.0,3058.0,3058.0,3046.0,3050.0,3058.0,3058.0,3058.0,3058.0,3058.0,3058.0,3058.0,3058.0,3058.0,2994.0,3058.0,3058.0,3044.0,3058.0,3116.0,3058.0,3058.0,3058.0,3058.0,3058.0,3058.0,3058.0,3058.0,3040.0,3058.0,3116.0,3058.0,3116.0,3058.0,3058.0,3085.0,3058.0,3058.0,3046.0,3058.0,3058.0,3058.0,3058.0,3116.0,3058.0,3058.0,3058.0,3058.0,3046.0,3116.0,3058.0,3116.0,3058.0,3058.0,3116.0,3058.0,3058.0,3058.0,3044.0,3058.0,3058.0,3058.0,3058.0,3058.0,3058.0,3090.0,3046.0,3058.0,3058.0,2994.0,2994.0,2994.0,3116.0,3078.0,3058.0,3058.0,3058.0,3139.0,3058.0,3058.0,2994.0,3090.0,3058.0,3068.0,3058.0,2994.0,3116.0,3046.0,3058.0,3058.0,3058.0,2994.0,3058.0,3058.0,3058.0,3046.0,3088.0,2994.0,3058.0,3058.0,2994.0,2994.0,2994.0,3058.0,3090.0,3058.0,3058.0,3058.0,2994.0,3058.0,2994.0,3058.0,3058.0,3058.0,2994.0,3058.0,3116.0,3058.0,3046.0,3058.0,2994.0,3058.0,2994.0,3058.0,3131.0,2994.0,3116.0,3058.0,3058.0,3058.0,3058.0,3058.0,3116.0,3116.0,3058.0,3058.0,3058.0,3058.0,3058.0,2994.0,3052.0,2994.0,3058.0,3058.0,3058.0,2994.0,2994.0,3058.0,3058.0,3058.0,3096.0,3116.0,3058.0,3058.0,3058.0,3090.0,3058.0,3058.0,3058.0,3058.0,3058.0,3058.0,3058.0,3058.0,3058.0,3058.0,3058.0,3058.0,3090.0,3090.0,3058.0,3058.0,3080.0,3058.0,3058.0,3058.0,3058.0,3058.0,3058.0,3058.0,3058.0,3058.0,3058.0,3058.0,3139.0,3058.0,3058.0,3067.0,2959.0,3058.0,3058.0,3058.0,3058.0,3058.0,3058.0,3079.0,3058.0,3058.0,3058.0,3058.0,3096.0,3058.0,3058.0,3087.0,3058.0,3058.0,3058.0,3058.0,3058.0,3058.0,2994.0,3117.0,3058.0,3058.0,3046.0,3058.0,3058.0,3139.0,3139.0,3058.0,3116.0,2994.0,2994.0,2994.0,3058.0,3058.0,3135.0,3018.0,2429.0,2502.0,2502.0,2534.0,2470.0,2449.0,2497.0,2420.0,2502.0,2502.0,2502.0,2502.0,2502.0,2548.0,2502.0,2502.0,2502.0,2548.0,2473.0,2502.0,2502.0,2502.0,2473.0,2502.0,2473.0,2540.0,2502.0,2531.0,2502.0,2473.0,2473.0,2502.0,2502.0,2502.0,2502.0,2502.0,2502.0,2502.0,2502.0,2502.0,2473.0,2473.0,2502.0,2502.0,2502.0,2502.0,2473.0,2502.0,2502.0,2502.0,2502.0,2473.0,2502.0,2502.0,2502.0,2502.0,2502.0,2502.0,2502.0,2473.0,2502.0,2502.0,2513.0,2502.0,2502.0,2502.0,2444.0,2473.0,2502.0,2502.0,2473.0,2502.0,2502.0,2502.0,2502.0,2502.0,2502.0,2473.0,2473.0,2502.0,2566.0,2502.0,2502.0,2473.0,2502.0,2502.0,2502.0,2502.0,2502.0,2502.0,2502.0,2473.0,2502.0,2502.0,2473.0,2502.0,2502.0,2502.0,2502.0,2502.0,2473.0,2473.0,2502.0,2502.0,2502.0,2502.0,2502.0,2502.0,2473.0,2502.0,2502.0,2502.0,2502.0,2502.0,2502.0,2502.0,2502.0,2473.0,2502.0,2502.0,2502.0,2502.0,2502.0,2502.0,2502.0,2502.0,2502.0,2596.0,2502.0,2473.0,2502.0,2502.0,2502.0,2502.0,2502.0,2502.0,2502.0,2502.0,2502.0,2502.0,2502.0,2502.0,2502.0,2502.0,2502.0,2502.0,2502.0,2502.0,2502.0,2502.0,2502.0,2502.0,2502.0,2502.0,2504.0,2502.0,2502.0,2502.0,2502.0,2502.0,2502.0,2502.0,2502.0,2502.0,2502.0,2502.0,2502.0,2502.0,2502.0,2502.0,2502.0,2502.0,2502.0,2502.0,2502.0,2502.0,2502.0,2502.0,2502.0,2502.0,2502.0,2502.0,2502.0,2502.0,2502.0,2502.0,2502.0,2502.0,2502.0,2502.0,2502.0,2502.0,2502.0,2502.0,2502.0,2502.0,2502.0,2502.0,2502.0,2502.0,2502.0,2502.0,2502.0,2502.0,2548.0,2502.0,2502.0,2502.0,2502.0,2502.0,2502.0,2502.0,2502.0,2502.0,2502.0,2502.0,2502.0,2502.0,2502.0,2502.0,2502.0,2502.0,2502.0,2502.0,2502.0,2502.0,2502.0,2502.0,2502.0,2502.0,2502.0,2502.0,2502.0,2502.0,2502.0,2502.0,2502.0,2502.0,2502.0,2502.0,2502.0,2502.0,2502.0,2502.0,2502.0,2502.0,2548.0,2502.0,2502.0,2502.0,2502.0,2502.0,2502.0,2502.0,2502.0,2502.0,2502.0,2502.0,2502.0,2502.0,2502.0,2502.0,2502.0,2502.0,2502.0,2502.0,2502.0,2502.0,2502.0,2502.0,2502.0,2502.0,2571.0,2502.0,2502.0,2502.0,2502.0,2502.0,2502.0,2502.0,2502.0,2502.0,2502.0,2502.0,2547.0,2502.0,2502.0,2476.0,2502.0,2502.0,2502.0,2502.0,2502.0,2502.0,2502.0,2502.0,2522.0,2502.0,2555.0,2502.0,2502.0,2502.0,2502.0,2502.0,2502.0,2502.0,2502.0,2502.0,2502.0,2502.0,2502.0,2548.0,2502.0,2502.0,2502.0,2548.0,2502.0,2502.0,2502.0,2502.0,2502.0,2548.0,2502.0,2502.0,2502.0,2502.0,2502.0,2502.0,2502.0,2502.0,2502.0,2502.0,2502.0,2502.0,2502.0,2502.0,2502.0,2502.0,2502.0,2502.0,2502.0,2502.0,2502.0,2502.0,2502.0,2502.0,2502.0,2502.0,2531.0,2502.0,2502.0,2502.0,2502.0,2502.0,2540.0,2502.0,2502.0,2502.0,2540.0,2502.0,2502.0,2502.0,2502.0,2502.0,2502.0,2531.0,2531.0,2502.0,2502.0,2502.0,2502.0,2502.0,2502.0,2531.0,2502.0,2404.0,2502.0,2502.0,2502.0,2502.0,2502.0,2502.0,2516.0,2502.0,2502.0,2502.0,2502.0,2502.0,2438.0,2502.0,2502.0,2502.0,2502.0,2502.0,2502.0,2502.0,2502.0,2502.0,2502.0,2502.0,2502.0,2502.0,2502.0,2502.0,2502.0,2502.0,2502.0,2502.0,2476.0,2502.0,2502.0,2502.0,2502.0,2531.0,2502.0,2502.0,2502.0,2502.0,2502.0,2502.0,2502.0,2502.0,2502.0,2502.0,2502.0,2502.0,2502.0,2502.0,2502.0,2502.0,2502.0,2502.0,2502.0,2502.0,2502.0,2502.0,2531.0,2502.0,2502.0,2502.0,2502.0,2502.0,2502.0,2502.0,8245.0,8251.0,8245.0,8234.0,8245.0,8245.0,8219.0,8263.0,8245.0,8245.0,8306.0,8286.0,8245.0,8328.0,8480.0,8264.0,8245.0,8245.0,8245.0,8245.0,8245.0,8245.0,8245.0,8245.0,8245.0,8245.0,8245.0,8245.0,8245.0,8245.0,8245.0,8245.0,8245.0,8245.0,8245.0,8245.0,8240.0,8245.0,8245.0,8245.0,8245.0,8245.0,8245.0,8245.0,8245.0,8245.0,8245.0,8245.0,8245.0,8245.0,8245.0,8245.0,8245.0,8245.0,8286.0,8245.0,8245.0,8245.0,8245.0,8245.0,8245.0,8245.0,8245.0,8245.0,8245.0,8245.0,8245.0,8245.0,8286.0,8245.0,8245.0,8245.0,8245.0,8245.0,8245.0,8245.0,8245.0,8245.0,8245.0,8245.0,8245.0,8245.0,8245.0,8245.0,8245.0,8245.0,8245.0,8245.0,8245.0,8245.0,8245.0,8245.0,8274.0,8242.0,8245.0,8334.0,8245.0,8245.0,8245.0,8245.0,8245.0,8245.0,8245.0,8334.0,8245.0,8245.0,8245.0,8245.0,8245.0,8263.0,8263.0,8334.0,8245.0,8245.0,8245.0,8226.0,8245.0,8265.0,8245.0,8245.0,8245.0,8245.0,8245.0,8245.0,8251.0,8245.0,8245.0,8245.0,8245.0,8245.0,8156.0,8245.0,8245.0,8245.0,8245.0,8245.0,8245.0,8245.0,8245.0,8245.0,8245.0,8245.0,8245.0,8245.0,8245.0,8245.0,8245.0,8245.0,8245.0,8245.0,8245.0,8334.0,8257.0,8245.0,8245.0,8245.0,8245.0,8245.0,8245.0,8245.0,8245.0,8245.0,8245.0,8274.0,8263.0,8263.0,8245.0,8251.0,8245.0,8251.0,8245.0,8245.0,8245.0,8394.0,8334.0,8245.0,8245.0,8245.0,8244.0,8245.0,8245.0,8245.0,8334.0,8245.0,8245.0,8245.0,8245.0,8245.0,8245.0,8245.0,8245.0,8245.0,8245.0,8245.0,8245.0,8245.0,8245.0,8245.0,8245.0,8200.0,8245.0,8245.0,8245.0,8245.0,8200.0,8245.0,8245.0,8245.0,8245.0,8158.0,8245.0,8245.0,8245.0,8245.0,8245.0,8245.0,8156.0,8245.0,8245.0,8263.0,8263.0,8334.0,8245.0,8245.0,8473.0,8245.0,8263.0,8245.0,8334.0,8245.0,8245.0,8245.0,8245.0,8263.0,8245.0,8245.0,8245.0,8245.0,8245.0,8245.0,8245.0,8245.0,8245.0,8245.0,8245.0,8245.0,8245.0,8245.0,8245.0,8334.0,8245.0,8264.0,8245.0,8263.0,8245.0,8245.0,8245.0,8263.0,8334.0,8245.0,8245.0,8334.0,8245.0,8245.0,8245.0,8245.0,8245.0,8245.0,8245.0,8245.0,8245.0,8245.0,8245.0,8245.0,8245.0,8245.0,8245.0,8245.0,8245.0,8245.0,8245.0,8245.0,8245.0,8334.0,8245.0,8245.0,8263.0,8245.0,8245.0,8245.0,8334.0,8245.0,8334.0,8245.0,8334.0,8263.0,8245.0,8245.0,8245.0,8245.0,8245.0,8245.0,8263.0,8245.0,8263.0,8245.0,8245.0,8245.0,8334.0,8245.0,8245.0,8245.0,8245.0,8245.0,8245.0,8245.0,8245.0,8245.0,8245.0,8245.0,8245.0,8245.0,8245.0,8245.0,8245.0,8245.0,8245.0,8245.0,8334.0,8245.0,8334.0,8334.0,8245.0,8245.0,8245.0,8245.0,8245.0,8245.0,8264.0,8245.0,8245.0,8245.0,8245.0,8245.0,8245.0,8245.0,8245.0,8245.0,8245.0,8245.0,8245.0,8245.0,8245.0,8245.0,8334.0,8245.0,8274.0,8245.0,8245.0,8245.0,8334.0,8245.0,8245.0,8334.0,8245.0,8245.0,8245.0,8245.0,8245.0,8245.0,8245.0,8245.0,8334.0,8245.0,8245.0,8245.0,8334.0,8245.0,8245.0,8245.0,8245.0,8245.0,8245.0,8245.0,8245.0,8245.0,8245.0,8245.0,8334.0,8245.0,8334.0,8216.0,8245.0,8245.0,8245.0,8264.0,8245.0,8245.0,8334.0,8245.0,8334.0,8245.0,8245.0,8334.0,8334.0,8334.0,8245.0,8245.0,8264.0,8305.0,8245.0,8245.0,8334.0,8334.0,8264.0,8264.0,8334.0,8245.0,8334.0,8334.0,8334.0,8334.0,8346.0,8245.0,8334.0,8334.0,8264.0,8334.0,8334.0,8245.0,8334.0,8245.0,8334.0,8334.0,8334.0,8264.0,8334.0,8264.0,8334.0,8334.0,8264.0,8264.0,8264.0,8264.0,8264.0,8334.0,8334.0,8221.0,8264.0,8270.0,8264.0,8264.0,8264.0,8264.0,8245.0,8264.0,8264.0,8264.0,8264.0,8264.0,8264.0,8193.0,8264.0,8348.0,8264.0,8348.0,8264.0,8264.0,8346.0,8264.0,8245.0,8245.0,128.0,173.0,489.0,250.0,99.0,231.0,231.0,231.0,231.0,231.0,231.0,231.0,231.0,231.0,231.0,231.0,231.0,231.0,231.0,231.0,231.0,231.0,231.0,231.0,231.0,231.0,231.0,231.0,231.0,231.0,231.0,231.0,231.0,231.0,231.0,231.0,231.0,231.0,231.0,231.0,231.0,260.0,231.0,231.0,231.0,320.0,231.0,231.0,320.0,231.0,231.0,260.0,231.0,231.0,260.0,287.0,257.0,303.0,257.0,250.0,257.0,257.0,250.0,231.0,277.0,250.0,250.0,231.0,231.0,250.0,231.0,231.0,231.0,231.0,231.0,231.0,231.0,231.0,231.0,231.0,231.0,257.0,250.0,231.0,231.0,231.0,231.0,231.0,231.0,231.0,231.0,231.0,231.0,231.0,231.0,277.0,231.0,231.0,231.0,231.0,231.0,231.0,231.0,231.0,231.0,231.0,231.0,231.0,231.0,231.0,231.0,231.0,231.0,231.0,231.0,231.0,231.0,231.0,231.0,231.0,231.0,231.0,231.0,231.0,231.0,231.0,231.0,231.0,231.0,231.0,231.0,231.0,231.0,231.0,231.0,231.0,208.0,231.0,231.0,231.0,231.0,250.0,231.0,231.0,231.0,231.0,231.0,231.0,252.0,231.0,250.0,231.0,231.0,231.0,231.0,231.0,231.0,231.0,231.0,231.0,231.0,231.0,250.0,231.0,231.0,231.0,231.0,231.0,250.0,231.0,231.0,250.0,250.0,231.0,231.0,231.0,250.0,231.0,231.0,231.0,231.0,231.0,231.0,231.0,231.0,231.0,231.0,231.0,231.0,231.0,231.0,277.0,231.0,231.0,231.0,231.0,231.0,231.0,231.0,231.0,277.0,231.0,231.0,321.0,231.0,231.0,231.0,231.0,287.0,231.0,231.0,231.0,231.0,231.0,231.0,231.0,231.0,231.0,231.0,173.0,231.0,231.0,231.0,231.0,250.0,231.0,231.0,279.0,231.0,231.0,231.0,231.0,231.0,231.0,231.0,231.0,231.0,231.0,231.0,231.0,231.0,231.0,231.0,231.0,231.0,254.0,231.0,231.0,231.0,287.0,231.0,231.0,231.0,231.0,231.0,231.0,231.0,231.0,231.0,231.0,231.0,250.0,231.0,231.0,231.0,231.0,231.0,231.0,231.0,231.0,231.0,241.0,231.0,231.0,231.0,287.0,231.0,231.0,231.0,231.0,231.0,231.0,231.0,231.0,231.0,231.0,231.0,295.0,231.0,231.0,231.0,287.0,231.0,231.0,231.0,209.0,231.0,287.0,231.0,231.0,231.0,231.0,231.0,231.0,231.0,231.0,231.0,231.0,231.0,231.0,231.0,231.0,260.0,231.0,231.0,231.0,287.0,231.0,231.0,231.0,231.0,231.0,231.0,231.0,231.0,231.0,231.0,277.0,231.0,287.0,231.0,231.0,231.0,231.0,231.0,231.0,287.0,231.0,231.0,231.0,231.0,287.0,231.0,257.0,295.0,250.0,231.0,250.0,250.0,250.0,250.0,250.0,250.0,250.0,250.0,250.0,250.0,250.0,250.0,250.0,231.0,250.0,296.0,221.0,250.0,231.0,250.0,250.0,250.0,250.0,250.0,250.0,250.0,250.0,250.0,250.0,250.0,250.0,314.0,250.0,250.0,250.0,250.0
hDenV4/Colombia/CES-UR-P201080317/2015,3080.0,3058.0,3058.0,3058.0,3058.0,3058.0,3058.0,3079.0,3058.0,3127.0,3111.0,3193.0,3080.0,3044.0,3046.0,3046.0,3046.0,3084.0,3046.0,3084.0,3084.0,3050.0,3050.0,3050.0,3050.0,3070.0,3070.0,3084.0,3058.0,3084.0,3050.0,3058.0,3050.0,3084.0,3104.0,3070.0,3050.0,3055.0,3050.0,3050.0,3050.0,3050.0,3050.0,3084.0,3050.0,3050.0,3036.0,3084.0,3058.0,3058.0,3058.0,3058.0,3094.0,3094.0,3094.0,3142.0,3050.0,3058.0,3116.0,3050.0,3058.0,3050.0,3050.0,3050.0,3058.0,3058.0,3084.0,3050.0,3058.0,3084.0,3084.0,3050.0,3050.0,3084.0,3050.0,3050.0,3058.0,3058.0,3058.0,3058.0,3063.0,3058.0,3058.0,3058.0,3058.0,3063.0,3058.0,3036.0,3084.0,3058.0,3058.0,3058.0,3058.0,3058.0,3050.0,3058.0,3050.0,3050.0,3050.0,3058.0,3050.0,3058.0,3058.0,3050.0,3058.0,3058.0,3058.0,3050.0,3050.0,3058.0,3050.0,3044.0,3058.0,3058.0,3046.0,3058.0,3058.0,3058.0,3058.0,3058.0,3058.0,3050.0,3058.0,3084.0,3058.0,3058.0,3058.0,3058.0,2994.0,3058.0,3058.0,3058.0,3044.0,3058.0,3058.0,3058.0,3058.0,3116.0,3058.0,3058.0,3058.0,3058.0,3116.0,3044.0,3058.0,3050.0,3058.0,3044.0,3058.0,3058.0,3058.0,3058.0,3050.0,3058.0,3058.0,3058.0,3058.0,3050.0,3058.0,3058.0,3058.0,3058.0,3058.0,3058.0,3043.0,3058.0,3058.0,3058.0,3095.0,3058.0,3058.0,3058.0,3058.0,3058.0,3058.0,3058.0,3058.0,3058.0,3037.0,3058.0,3058.0,3058.0,3031.0,3058.0,3058.0,3165.0,3058.0,3058.0,3045.0,3058.0,3098.0,3058.0,3058.0,3058.0,3058.0,3058.0,3058.0,3039.0,3058.0,3058.0,3058.0,3058.0,3046.0,3116.0,3058.0,3058.0,3058.0,3058.0,3058.0,3058.0,3058.0,3058.0,3058.0,3058.0,3165.0,3058.0,3058.0,3058.0,3058.0,3058.0,3050.0,3058.0,3127.0,3058.0,3058.0,3058.0,3058.0,3058.0,3058.0,3058.0,3050.0,3058.0,3050.0,3050.0,3058.0,3050.0,3058.0,3058.0,3058.0,3058.0,3116.0,3058.0,3058.0,3050.0,3050.0,3050.0,3058.0,3058.0,3050.0,3058.0,3116.0,3058.0,3058.0,3050.0,3058.0,3058.0,3058.0,3058.0,3058.0,3058.0,3058.0,3058.0,3058.0,3058.0,3058.0,3122.0,3058.0,3058.0,3058.0,3058.0,3058.0,3058.0,3058.0,3058.0,3079.0,3058.0,3058.0,3058.0,3058.0,3058.0,3058.0,3058.0,3058.0,3044.0,3134.0,3050.0,3058.0,3058.0,3058.0,3058.0,3058.0,3058.0,3058.0,3068.0,3058.0,3058.0,3058.0,3058.0,3058.0,3044.0,3058.0,3058.0,3058.0,3058.0,3079.0,3058.0,3058.0,3058.0,3058.0,3044.0,3058.0,3058.0,3058.0,3044.0,3058.0,3058.0,3058.0,3058.0,3058.0,3058.0,3058.0,3058.0,3058.0,3058.0,3058.0,3058.0,3058.0,3058.0,3058.0,3058.0,3058.0,3058.0,3146.0,3058.0,3058.0,3058.0,3058.0,3058.0,3116.0,3058.0,3022.0,3058.0,3058.0,3079.0,3058.0,3058.0,3006.0,3040.0,3058.0,3058.0,3058.0,3046.0,3058.0,3058.0,3058.0,3043.0,3116.0,3058.0,3045.0,3058.0,3058.0,3058.0,3058.0,3058.0,3058.0,3058.0,3058.0,3058.0,3116.0,3058.0,3058.0,3058.0,3058.0,3058.0,3058.0,3058.0,3116.0,3058.0,2969.0,3058.0,3058.0,3058.0,3058.0,3058.0,3058.0,3082.0,3058.0,3058.0,3058.0,3046.0,3058.0,3058.0,3058.0,3058.0,3058.0,3058.0,3058.0,3058.0,3058.0,3058.0,3058.0,3058.0,3058.0,3116.0,3058.0,3058.0,3058.0,3058.0,3058.0,3058.0,3058.0,3116.0,3085.0,3058.0,3116.0,3058.0,3058.0,3058.0,3058.0,3058.0,3058.0,3058.0,3058.0,3058.0,3121.0,3058.0,3058.0,3121.0,3046.0,3130.0,3058.0,3046.0,3058.0,3040.0,3058.0,3116.0,3058.0,3058.0,3058.0,3096.0,3058.0,3058.0,3058.0,3022.0,3058.0,3180.0,3058.0,3058.0,3058.0,3121.0,3046.0,3058.0,3058.0,3090.0,3058.0,3116.0,3058.0,3058.0,3046.0,3050.0,3058.0,3058.0,3058.0,3058.0,3058.0,3058.0,3058.0,3058.0,3058.0,2994.0,3058.0,3058.0,3044.0,3058.0,3116.0,3058.0,3058.0,3058.0,3058.0,3058.0,3058.0,3058.0,3058.0,3040.0,3058.0,3116.0,3058.0,3116.0,3058.0,3058.0,3085.0,3058.0,3058.0,3046.0,3058.0,3058.0,3058.0,3058.0,3116.0,3058.0,3058.0,3058.0,3058.0,3046.0,3116.0,3058.0,3116.0,3058.0,3058.0,3116.0,3058.0,3058.0,3058.0,3044.0,3058.0,3058.0,3058.0,3058.0,3058.0,3058.0,3090.0,3046.0,3058.0,3058.0,2994.0,2994.0,2994.0,3116.0,3078.0,3058.0,3058.0,3058.0,3139.0,3058.0,3058.0,2994.0,3090.0,3058.0,3068.0,3058.0,2994.0,3116.0,3046.0,3058.0,3058.0,3058.0,2994.0,3058.0,3058.0,3058.0,3046.0,3088.0,2994.0,3058.0,3058.0,2994.0,2994.0,2994.0,3058.0,3090.0,3058.0,3058.0,3058.0,2994.0,3058.0,2994.0,3058.0,3058.0,3058.0,2994.0,3058.0,3116.0,3058.0,3046.0,3058.0,2994.0,3058.0,2994.0,3058.0,3131.0,2994.0,3116.0,3058.0,3058.0,3058.0,3058.0,3058.0,3116.0,3116.0,3058.0,3058.0,3058.0,3058.0,3058.0,2994.0,3052.0,2994.0,3058.0,3058.0,3058.0,2994.0,2994.0,3058.0,3058.0,3058.0,3096.0,3116.0,3058.0,3058.0,3058.0,3090.0,3058.0,3058.0,3058.0,3058.0,3058.0,3058.0,3058.0,3058.0,3058.0,3058.0,3058.0,3058.0,3090.0,3090.0,3058.0,3058.0,3080.0,3058.0,3058.0,3058.0,3058.0,3058.0,3058.0,3058.0,3058.0,3058.0,3058.0,3058.0,3139.0,3058.0,3058.0,3067.0,2959.0,3058.0,3058.0,3058.0,3058.0,3058.0,3058.0,3079.0,3058.0,3058.0,3058.0,3058.0,3096.0,3058.0,3058.0,3087.0,3058.0,3058.0,3058.0,3058.0,3058.0,3058.0,2994.0,3117.0,3058.0,3058.0,3046.0,3058.0,3058.0,3139.0,3139.0,3058.0,3116.0,2994.0,2994.0,2994.0,3058.0,3058.0,3135.0,3018.0,2429.0,2502.0,2502.0,2534.0,2470.0,2449.0,2497.0,2420.0,2502.0,2502.0,2502.0,2502.0,2502.0,2548.0,2502.0,2502.0,2502.0,2548.0,2473.0,2502.0,2502.0,2502.0,2473.0,2502.0,2473.0,2540.0,2502.0,2531.0,2502.0,2473.0,2473.0,2502.0,2502.0,2502.0,2502.0,2502.0,2502.0,2502.0,2502.0,2502.0,2473.0,2473.0,2502.0,2502.0,2502.0,2502.0,2473.0,2502.0,2502.0,2502.0,2502.0,2473.0,2502.0,2502.0,2502.0,2502.0,2502.0,2502.0,2502.0,2473.0,2502.0,2502.0,2513.0,2502.0,2502.0,2502.0,2444.0,2473.0,2502.0,2502.0,2473.0,2502.0,2502.0,2502.0,2502.0,2502.0,2502.0,2473.0,2473.0,2502.0,2566.0,2502.0,2502.0,2473.0,2502.0,2502.0,2502.0,2502.0,2502.0,2502.0,2502.0,2473.0,2502.0,2502.0,2473.0,2502.0,2502.0,2502.0,2502.0,2502.0,2473.0,2473.0,2502.0,2502.0,2502.0,2502.0,2502.0,2502.0,2473.0,2502.0,2502.0,2502.0,2502.0,2502.0,2502.0,2502.0,2502.0,2473.0,2502.0,2502.0,2502.0,2502.0,2502.0,2502.0,2502.0,2502.0,2502.0,2596.0,2502.0,2473.0,2502.0,2502.0,2502.0,2502.0,2502.0,2502.0,2502.0,2502.0,2502.0,2502.0,2502.0,2502.0,2502.0,2502.0,2502.0,2502.0,2502.0,2502.0,2502.0,2502.0,2502.0,2502.0,2502.0,2502.0,2504.0,2502.0,2502.0,2502.0,2502.0,2502.0,2502.0,2502.0,2502.0,2502.0,2502.0,2502.0,2502.0,2502.0,2502.0,2502.0,2502.0,2502.0,2502.0,2502.0,2502.0,2502.0,2502.0,2502.0,2502.0,2502.0,2502.0,2502.0,2502.0,2502.0,2502.0,2502.0,2502.0,2502.0,2502.0,2502.0,2502.0,2502.0,2502.0,2502.0,2502.0,2502.0,2502.0,2502.0,2502.0,2502.0,2502.0,2502.0,2502.0,2502.0,2548.0,2502.0,2502.0,2502.0,2502.0,2502.0,2502.0,2502.0,2502.0,2502.0,2502.0,2502.0,2502.0,2502.0,2502.0,2502.0,2502.0,2502.0,2502.0,2502.0,2502.0,2502.0,2502.0,2502.0,2502.0,2502.0,2502.0,2502.0,2502.0,2502.0,2502.0,2502.0,2502.0,2502.0,2502.0,2502.0,2502.0,2502.0,2502.0,2502.0,2502.0,2502.0,2548.0,2502.0,2502.0,2502.0,2502.0,2502.0,2502.0,2502.0,2502.0,2502.0,2502.0,2502.0,2502.0,2502.0,2502.0,2502.0,2502.0,2502.0,2502.0,2502.0,2502.0,2502.0,2502.0,2502.0,2502.0,2502.0,2571.0,2502.0,2502.0,2502.0,2502.0,2502.0,2502.0,2502.0,2502.0,2502.0,2502.0,2502.0,2547.0,2502.0,2502.0,2476.0,2502.0,2502.0,2502.0,2502.0,2502.0,2502.0,2502.0,2502.0,2522.0,2502.0,2555.0,2502.0,2502.0,2502.0,2502.0,2502.0,2502.0,2502.0,2502.0,2502.0,2502.0,2502.0,2502.0,2548.0,2502.0,2502.0,2502.0,2548.0,2502.0,2502.0,2502.0,2502.0,2502.0,2548.0,2502.0,2502.0,2502.0,2502.0,2502.0,2502.0,2502.0,2502.0,2502.0,2502.0,2502.0,2502.0,2502.0,2502.0,2502.0,2502.0,2502.0,2502.0,2502.0,2502.0,2502.0,2502.0,2502.0,2502.0,2502.0,2502.0,2531.0,2502.0,2502.0,2502.0,2502.0,2502.0,2540.0,2502.0,2502.0,2502.0,2540.0,2502.0,2502.0,2502.0,2502.0,2502.0,2502.0,2531.0,2531.0,2502.0,2502.0,2502.0,2502.0,2502.0,2502.0,2531.0,2502.0,2404.0,2502.0,2502.0,2502.0,2502.0,2502.0,2502.0,2516.0,2502.0,2502.0,2502.0,2502.0,2502.0,2438.0,2502.0,2502.0,2502.0,2502.0,2502.0,2502.0,2502.0,2502.0,2502.0,2502.0,2502.0,2502.0,2502.0,2502.0,2502.0,2502.0,2502.0,2502.0,2502.0,2476.0,2502.0,2502.0,2502.0,2502.0,2531.0,2502.0,2502.0,2502.0,2502.0,2502.0,2502.0,2502.0,2502.0,2502.0,2502.0,2502.0,2502.0,2502.0,2502.0,2502.0,2502.0,2502.0,2502.0,2502.0,2502.0,2502.0,2502.0,2531.0,2502.0,2502.0,2502.0,2502.0,2502.0,2502.0,2502.0,8245.0,8251.0,8245.0,8234.0,8245.0,8245.0,8219.0,8263.0,8245.0,8245.0,8306.0,8286.0,8245.0,8328.0,8480.0,8264.0,8245.0,8245.0,8245.0,8245.0,8245.0,8245.0,8245.0,8245.0,8245.0,8245.0,8245.0,8245.0,8245.0,8245.0,8245.0,8245.0,8245.0,8245.0,8245.0,8245.0,8240.0,8245.0,8245.0,8245.0,8245.0,8245.0,8245.0,8245.0,8245.0,8245.0,8245.0,8245.0,8245.0,8245.0,8245.0,8245.0,8245.0,8245.0,8286.0,8245.0,8245.0,8245.0,8245.0,8245.0,8245.0,8245.0,8245.0,8245.0,8245.0,8245.0,8245.0,8245.0,8286.0,8245.0,8245.0,8245.0,8245.0,8245.0,8245.0,8245.0,8245.0,8245.0,8245.0,8245.0,8245.0,8245.0,8245.0,8245.0,8245.0,8245.0,8245.0,8245.0,8245.0,8245.0,8245.0,8245.0,8274.0,8242.0,8245.0,8334.0,8245.0,8245.0,8245.0,8245.0,8245.0,8245.0,8245.0,8334.0,8245.0,8245.0,8245.0,8245.0,8245.0,8263.0,8263.0,8334.0,8245.0,8245.0,8245.0,8226.0,8245.0,8265.0,8245.0,8245.0,8245.0,8245.0,8245.0,8245.0,8251.0,8245.0,8245.0,8245.0,8245.0,8245.0,8156.0,8245.0,8245.0,8245.0,8245.0,8245.0,8245.0,8245.0,8245.0,8245.0,8245.0,8245.0,8245.0,8245.0,8245.0,8245.0,8245.0,8245.0,8245.0,8245.0,8245.0,8334.0,8257.0,8245.0,8245.0,8245.0,8245.0,8245.0,8245.0,8245.0,8245.0,8245.0,8245.0,8274.0,8263.0,8263.0,8245.0,8251.0,8245.0,8251.0,8245.0,8245.0,8245.0,8394.0,8334.0,8245.0,8245.0,8245.0,8244.0,8245.0,8245.0,8245.0,8334.0,8245.0,8245.0,8245.0,8245.0,8245.0,8245.0,8245.0,8245.0,8245.0,8245.0,8245.0,8245.0,8245.0,8245.0,8245.0,8245.0,8200.0,8245.0,8245.0,8245.0,8245.0,8200.0,8245.0,8245.0,8245.0,8245.0,8158.0,8245.0,8245.0,8245.0,8245.0,8245.0,8245.0,8156.0,8245.0,8245.0,8263.0,8263.0,8334.0,8245.0,8245.0,8473.0,8245.0,8263.0,8245.0,8334.0,8245.0,8245.0,8245.0,8245.0,8263.0,8245.0,8245.0,8245.0,8245.0,8245.0,8245.0,8245.0,8245.0,8245.0,8245.0,8245.0,8245.0,8245.0,8245.0,8245.0,8334.0,8245.0,8264.0,8245.0,8263.0,8245.0,8245.0,8245.0,8263.0,8334.0,8245.0,8245.0,8334.0,8245.0,8245.0,8245.0,8245.0,8245.0,8245.0,8245.0,8245.0,8245.0,8245.0,8245.0,8245.0,8245.0,8245.0,8245.0,8245.0,8245.0,8245.0,8245.0,8245.0,8245.0,8334.0,8245.0,8245.0,8263.0,8245.0,8245.0,8245.0,8334.0,8245.0,8334.0,8245.0,8334.0,8263.0,8245.0,8245.0,8245.0,8245.0,8245.0,8245.0,8263.0,8245.0,8263.0,8245.0,8245.0,8245.0,8334.0,8245.0,8245.0,8245.0,8245.0,8245.0,8245.0,8245.0,8245.0,8245.0,8245.0,8245.0,8245.0,8245.0,8245.0,8245.0,8245.0,8245.0,8245.0,8245.0,8334.0,8245.0,8334.0,8334.0,8245.0,8245.0,8245.0,8245.0,8245.0,8245.0,8264.0,8245.0,8245.0,8245.0,8245.0,8245.0,8245.0,8245.0,8245.0,8245.0,8245.0,8245.0,8245.0,8245.0,8245.0,8245.0,8334.0,8245.0,8274.0,8245.0,8245.0,8245.0,8334.0,8245.0,8245.0,8334.0,8245.0,8245.0,8245.0,8245.0,8245.0,8245.0,8245.0,8245.0,8334.0,8245.0,8245.0,8245.0,8334.0,8245.0,8245.0,8245.0,8245.0,8245.0,8245.0,8245.0,8245.0,8245.0,8245.0,8245.0,8334.0,8245.0,8334.0,8216.0,8245.0,8245.0,8245.0,8264.0,8245.0,8245.0,8334.0,8245.0,8334.0,8245.0,8245.0,8334.0,8334.0,8334.0,8245.0,8245.0,8264.0,8305.0,8245.0,8245.0,8334.0,8334.0,8264.0,8264.0,8334.0,8245.0,8334.0,8334.0,8334.0,8334.0,8346.0,8245.0,8334.0,8334.0,8264.0,8334.0,8334.0,8245.0,8334.0,8245.0,8334.0,8334.0,8334.0,8264.0,8334.0,8264.0,8334.0,8334.0,8264.0,8264.0,8264.0,8264.0,8264.0,8334.0,8334.0,8221.0,8264.0,8270.0,8264.0,8264.0,8264.0,8264.0,8245.0,8264.0,8264.0,8264.0,8264.0,8264.0,8264.0,8193.0,8264.0,8348.0,8264.0,8348.0,8264.0,8264.0,8346.0,8264.0,8245.0,8245.0,128.0,173.0,489.0,250.0,99.0,231.0,231.0,231.0,231.0,231.0,231.0,231.0,231.0,231.0,231.0,231.0,231.0,231.0,231.0,231.0,231.0,231.0,231.0,231.0,231.0,231.0,231.0,231.0,231.0,231.0,231.0,231.0,231.0,231.0,231.0,231.0,231.0,231.0,231.0,231.0,231.0,260.0,231.0,231.0,231.0,320.0,231.0,231.0,320.0,231.0,231.0,260.0,231.0,231.0,260.0,287.0,257.0,303.0,257.0,250.0,257.0,257.0,250.0,231.0,277.0,250.0,250.0,231.0,231.0,250.0,231.0,231.0,231.0,231.0,231.0,231.0,231.0,231.0,231.0,231.0,231.0,257.0,250.0,231.0,231.0,231.0,231.0,231.0,231.0,231.0,231.0,231.0,231.0,231.0,231.0,277.0,231.0,231.0,231.0,231.0,231.0,231.0,231.0,231.0,231.0,231.0,231.0,231.0,231.0,231.0,231.0,231.0,231.0,231.0,231.0,231.0,231.0,231.0,231.0,231.0,231.0,231.0,231.0,231.0,231.0,231.0,231.0,231.0,231.0,231.0,231.0,231.0,231.0,231.0,231.0,231.0,208.0,231.0,231.0,231.0,231.0,250.0,231.0,231.0,231.0,231.0,231.0,231.0,252.0,231.0,250.0,231.0,231.0,231.0,231.0,231.0,231.0,231.0,231.0,231.0,231.0,231.0,250.0,231.0,231.0,231.0,231.0,231.0,250.0,231.0,231.0,250.0,250.0,231.0,231.0,231.0,250.0,231.0,231.0,231.0,231.0,231.0,231.0,231.0,231.0,231.0,231.0,231.0,231.0,231.0,231.0,277.0,231.0,231.0,231.0,231.0,231.0,231.0,231.0,231.0,277.0,231.0,231.0,321.0,231.0,231.0,231.0,231.0,287.0,231.0,231.0,231.0,231.0,231.0,231.0,231.0,231.0,231.0,231.0,173.0,231.0,231.0,231.0,231.0,250.0,231.0,231.0,279.0,231.0,231.0,231.0,231.0,231.0,231.0,231.0,231.0,231.0,231.0,231.0,231.0,231.0,231.0,231.0,231.0,231.0,254.0,231.0,231.0,231.0,287.0,231.0,231.0,231.0,231.0,231.0,231.0,231.0,231.0,231.0,231.0,231.0,250.0,231.0,231.0,231.0,231.0,231.0,231.0,231.0,231.0,231.0,241.0,231.0,231.0,231.0,287.0,231.0,231.0,231.0,231.0,231.0,231.0,231.0,231.0,231.0,231.0,231.0,295.0,231.0,231.0,231.0,287.0,231.0,231.0,231.0,209.0,231.0,287.0,231.0,231.0,231.0,231.0,231.0,231.0,231.0,231.0,231.0,231.0,231.0,231.0,231.0,231.0,260.0,231.0,231.0,231.0,287.0,231.0,231.0,231.0,231.0,231.0,231.0,231.0,231.0,231.0,231.0,277.0,231.0,287.0,231.0,231.0,231.0,231.0,231.0,231.0,287.0,231.0,231.0,231.0,231.0,287.0,231.0,257.0,295.0,250.0,231.0,250.0,250.0,250.0,250.0,250.0,250.0,250.0,250.0,250.0,250.0,250.0,250.0,250.0,231.0,250.0,296.0,221.0,250.0,231.0,250.0,250.0,250.0,250.0,250.0,250.0,250.0,250.0,250.0,250.0,250.0,250.0,314.0,250.0,250.0,250.0,250.0
hDenV4/Colombia/CUN-UEB-032/2014,3053.0,3031.0,3031.0,3031.0,3031.0,3031.0,3031.0,3052.0,3031.0,3100.0,3084.0,3166.0,3053.0,3017.0,3019.0,3019.0,3019.0,3113.0,3019.0,3113.0,3113.0,3023.0,3023.0,3023.0,3023.0,3043.0,3043.0,3113.0,3031.0,3113.0,3023.0,3031.0,3023.0,3113.0,3133.0,3043.0,3023.0,3084.0,3023.0,3023.0,3023.0,3023.0,3023.0,3113.0,3023.0,3023.0,3065.0,3113.0,3031.0,3031.0,3031.0,3031.0,3123.0,3123.0,3123.0,3171.0,3023.0,3031.0,3089.0,3023.0,3031.0,3023.0,3023.0,3023.0,3031.0,3031.0,3113.0,3023.0,3031.0,3113.0,3113.0,3023.0,3023.0,3113.0,3023.0,3023.0,3031.0,3031.0,3031.0,3031.0,3036.0,3031.0,3031.0,3031.0,3031.0,3036.0,3031.0,3009.0,3113.0,3031.0,3031.0,3031.0,3031.0,3031.0,3023.0,3031.0,3023.0,3023.0,3023.0,3031.0,3023.0,3031.0,3031.0,3023.0,3031.0,3031.0,3031.0,3023.0,3023.0,3031.0,3023.0,3017.0,3031.0,3031.0,3019.0,3031.0,3031.0,3031.0,3031.0,3031.0,3031.0,3023.0,3031.0,3113.0,3031.0,3031.0,3031.0,3031.0,2967.0,3031.0,3031.0,3031.0,3017.0,3031.0,3031.0,3031.0,3031.0,3089.0,3031.0,3031.0,3031.0,3031.0,3089.0,3017.0,3031.0,3023.0,3031.0,3017.0,3031.0,3031.0,3031.0,3031.0,3023.0,3031.0,3031.0,3031.0,3031.0,3023.0,3031.0,3031.0,3031.0,3031.0,3031.0,3031.0,3016.0,3031.0,3031.0,3031.0,3068.0,3031.0,3031.0,3031.0,3031.0,3031.0,3031.0,3031.0,3031.0,3031.0,3010.0,3031.0,3031.0,3031.0,3004.0,3031.0,3031.0,3138.0,3031.0,3031.0,3018.0,3031.0,3071.0,3031.0,3031.0,3031.0,3031.0,3031.0,3031.0,3012.0,3031.0,3031.0,3031.0,3031.0,3019.0,3089.0,3031.0,3031.0,3031.0,3031.0,3031.0,3031.0,3031.0,3031.0,3031.0,3031.0,3138.0,3031.0,3031.0,3031.0,3031.0,3031.0,3023.0,3031.0,3100.0,3031.0,3031.0,3031.0,3031.0,3031.0,3031.0,3031.0,3023.0,3031.0,3023.0,3023.0,3031.0,3023.0,3031.0,3031.0,3031.0,3031.0,3089.0,3031.0,3031.0,3023.0,3023.0,3023.0,3031.0,3031.0,3023.0,3031.0,3089.0,3031.0,3031.0,3023.0,3031.0,3031.0,3031.0,3031.0,3031.0,3031.0,3031.0,3031.0,3031.0,3031.0,3031.0,3095.0,3031.0,3031.0,3031.0,3031.0,3031.0,3031.0,3031.0,3031.0,3052.0,3031.0,3031.0,3031.0,3031.0,3031.0,3031.0,3031.0,3031.0,3017.0,3107.0,3023.0,3031.0,3031.0,3031.0,3031.0,3031.0,3031.0,3031.0,3041.0,3031.0,3031.0,3031.0,3031.0,3031.0,3017.0,3031.0,3031.0,3031.0,3031.0,3052.0,3031.0,3031.0,3031.0,3031.0,3017.0,3031.0,3031.0,3031.0,3017.0,3031.0,3031.0,3031.0,3031.0,3031.0,3031.0,3031.0,3031.0,3031.0,3031.0,3031.0,3031.0,3031.0,3031.0,3031.0,3031.0,3031.0,3031.0,3119.0,3031.0,3031.0,3031.0,3031.0,3031.0,3089.0,3031.0,2995.0,3031.0,3031.0,3052.0,3031.0,3031.0,2979.0,3013.0,3031.0,3031.0,3031.0,3019.0,3031.0,3031.0,3031.0,3016.0,3089.0,3031.0,3018.0,3031.0,3031.0,3031.0,3031.0,3031.0,3031.0,3031.0,3031.0,3031.0,3089.0,3031.0,3031.0,3031.0,3031.0,3031.0,3031.0,3031.0,3089.0,3031.0,2942.0,3031.0,3031.0,3031.0,3031.0,3031.0,3031.0,3055.0,3031.0,3031.0,3031.0,3019.0,3031.0,3031.0,3031.0,3031.0,3031.0,3031.0,3031.0,3031.0,3031.0,3031.0,3031.0,3031.0,3031.0,3089.0,3031.0,3031.0,3031.0,3031.0,3031.0,3031.0,3031.0,3089.0,3058.0,3031.0,3089.0,3031.0,3031.0,3031.0,3031.0,3031.0,3031.0,3031.0,3031.0,3031.0,3094.0,3031.0,3031.0,3094.0,3019.0,3103.0,3031.0,3019.0,3031.0,3013.0,3031.0,3089.0,3031.0,3031.0,3031.0,3069.0,3031.0,3031.0,3031.0,2995.0,3031.0,3153.0,3031.0,3031.0,3031.0,3094.0,3019.0,3031.0,3031.0,3063.0,3031.0,3089.0,3031.0,3031.0,3019.0,3023.0,3031.0,3031.0,3031.0,3031.0,3031.0,3031.0,3031.0,3031.0,3031.0,2967.0,3031.0,3031.0,3017.0,3031.0,3089.0,3031.0,3031.0,3031.0,3031.0,3031.0,3031.0,3031.0,3031.0,3013.0,3031.0,3089.0,3031.0,3089.0,3031.0,3031.0,3058.0,3031.0,3031.0,3019.0,3031.0,3031.0,3031.0,3031.0,3089.0,3031.0,3031.0,3031.0,3031.0,3019.0,3089.0,3031.0,3089.0,3031.0,3031.0,3089.0,3031.0,3031.0,3031.0,3017.0,3031.0,3031.0,3031.0,3031.0,3031.0,3031.0,3063.0,3019.0,3031.0,3031.0,2967.0,2967.0,2967.0,3089.0,3051.0,3031.0,3031.0,3031.0,3112.0,3031.0,3031.0,2967.0,3063.0,3031.0,3041.0,3031.0,2967.0,3089.0,3019.0,3031.0,3031.0,3031.0,2967.0,3031.0,3031.0,3031.0,3019.0,3061.0,2967.0,3031.0,3031.0,2967.0,2967.0,2967.0,3031.0,3063.0,3031.0,3031.0,3031.0,2967.0,3031.0,2967.0,3031.0,3031.0,3031.0,2967.0,3031.0,3089.0,3031.0,3019.0,3031.0,2967.0,3031.0,2967.0,3031.0,3104.0,2967.0,3089.0,3031.0,3031.0,3031.0,3031.0,3031.0,3089.0,3089.0,3031.0,3031.0,3031.0,3031.0,3031.0,2967.0,3025.0,2967.0,3031.0,3031.0,3031.0,2967.0,2967.0,3031.0,3031.0,3031.0,3069.0,3089.0,3031.0,3031.0,3031.0,3063.0,3031.0,3031.0,3031.0,3031.0,3031.0,3031.0,3031.0,3031.0,3031.0,3031.0,3031.0,3031.0,3063.0,3063.0,3031.0,3031.0,3053.0,3031.0,3031.0,3031.0,3031.0,3031.0,3031.0,3031.0,3031.0,3031.0,3031.0,3031.0,3112.0,3031.0,3031.0,3040.0,2932.0,3031.0,3031.0,3031.0,3031.0,3031.0,3031.0,3052.0,3031.0,3031.0,3031.0,3031.0,3069.0,3031.0,3031.0,3060.0,3031.0,3031.0,3031.0,3031.0,3031.0,3031.0,2967.0,3090.0,3031.0,3031.0,3019.0,3031.0,3031.0,3112.0,3112.0,3031.0,3089.0,2967.0,2967.0,2967.0,3031.0,3031.0,3108.0,2991.0,2402.0,2475.0,2475.0,2507.0,2443.0,2422.0,2470.0,2393.0,2475.0,2475.0,2475.0,2475.0,2475.0,2521.0,2475.0,2475.0,2475.0,2521.0,2446.0,2475.0,2475.0,2475.0,2446.0,2475.0,2446.0,2513.0,2475.0,2504.0,2475.0,2446.0,2446.0,2475.0,2475.0,2475.0,2475.0,2475.0,2475.0,2475.0,2475.0,2475.0,2446.0,2446.0,2475.0,2475.0,2475.0,2475.0,2446.0,2475.0,2475.0,2475.0,2475.0,2446.0,2475.0,2475.0,2475.0,2475.0,2475.0,2475.0,2475.0,2446.0,2475.0,2475.0,2486.0,2475.0,2475.0,2475.0,2417.0,2446.0,2475.0,2475.0,2446.0,2475.0,2475.0,2475.0,2475.0,2475.0,2475.0,2446.0,2446.0,2475.0,2539.0,2475.0,2475.0,2446.0,2475.0,2475.0,2475.0,2475.0,2475.0,2475.0,2475.0,2446.0,2475.0,2475.0,2446.0,2475.0,2475.0,2475.0,2475.0,2475.0,2446.0,2446.0,2475.0,2475.0,2475.0,2475.0,2475.0,2475.0,2446.0,2475.0,2475.0,2475.0,2475.0,2475.0,2475.0,2475.0,2475.0,2446.0,2475.0,2475.0,2475.0,2475.0,2475.0,2475.0,2475.0,2475.0,2475.0,2569.0,2475.0,2446.0,2475.0,2475.0,2475.0,2475.0,2475.0,2475.0,2475.0,2475.0,2475.0,2475.0,2475.0,2475.0,2475.0,2475.0,2475.0,2475.0,2475.0,2475.0,2475.0,2475.0,2475.0,2475.0,2475.0,2475.0,2477.0,2475.0,2475.0,2475.0,2475.0,2475.0,2475.0,2475.0,2475.0,2475.0,2475.0,2475.0,2475.0,2475.0,2475.0,2475.0,2475.0,2475.0,2475.0,2475.0,2475.0,2475.0,2475.0,2475.0,2475.0,2475.0,2475.0,2475.0,2475.0,2475.0,2475.0,2475.0,2475.0,2475.0,2475.0,2475.0,2475.0,2475.0,2475.0,2475.0,2475.0,2475.0,2475.0,2475.0,2475.0,2475.0,2475.0,2475.0,2475.0,2475.0,2521.0,2475.0,2475.0,2475.0,2475.0,2475.0,2475.0,2475.0,2475.0,2475.0,2475.0,2475.0,2475.0,2475.0,2475.0,2475.0,2475.0,2475.0,2475.0,2475.0,2475.0,2475.0,2475.0,2475.0,2475.0,2475.0,2475.0,2475.0,2475.0,2475.0,2475.0,2475.0,2475.0,2475.0,2475.0,2475.0,2475.0,2475.0,2475.0,2475.0,2475.0,2475.0,2521.0,2475.0,2475.0,2475.0,2475.0,2475.0,2475.0,2475.0,2475.0,2475.0,2475.0,2475.0,2475.0,2475.0,2475.0,2475.0,2475.0,2475.0,2475.0,2475.0,2475.0,2475.0,2475.0,2475.0,2475.0,2475.0,2544.0,2475.0,2475.0,2475.0,2475.0,2475.0,2475.0,2475.0,2475.0,2475.0,2475.0,2475.0,2520.0,2475.0,2475.0,2449.0,2475.0,2475.0,2475.0,2475.0,2475.0,2475.0,2475.0,2475.0,2495.0,2475.0,2528.0,2475.0,2475.0,2475.0,2475.0,2475.0,2475.0,2475.0,2475.0,2475.0,2475.0,2475.0,2475.0,2521.0,2475.0,2475.0,2475.0,2521.0,2475.0,2475.0,2475.0,2475.0,2475.0,2521.0,2475.0,2475.0,2475.0,2475.0,2475.0,2475.0,2475.0,2475.0,2475.0,2475.0,2475.0,2475.0,2475.0,2475.0,2475.0,2475.0,2475.0,2475.0,2475.0,2475.0,2475.0,2475.0,2475.0,2475.0,2475.0,2475.0,2504.0,2475.0,2475.0,2475.0,2475.0,2475.0,2513.0,2475.0,2475.0,2475.0,2513.0,2475.0,2475.0,2475.0,2475.0,2475.0,2475.0,2504.0,2504.0,2475.0,2475.0,2475.0,2475.0,2475.0,2475.0,2504.0,2475.0,2377.0,2475.0,2475.0,2475.0,2475.0,2475.0,2475.0,2489.0,2475.0,2475.0,2475.0,2475.0,2475.0,2411.0,2475.0,2475.0,2475.0,2475.0,2475.0,2475.0,2475.0,2475.0,2475.0,2475.0,2475.0,2475.0,2475.0,2475.0,2475.0,2475.0,2475.0,2475.0,2475.0,2449.0,2475.0,2475.0,2475.0,2475.0,2504.0,2475.0,2475.0,2475.0,2475.0,2475.0,2475.0,2475.0,2475.0,2475.0,2475.0,2475.0,2475.0,2475.0,2475.0,2475.0,2475.0,2475.0,2475.0,2475.0,2475.0,2475.0,2475.0,2504.0,2475.0,2475.0,2475.0,2475.0,2475.0,2475.0,2475.0,8265.0,8271.0,8265.0,8254.0,8265.0,8265.0,8239.0,8283.0,8265.0,8265.0,8326.0,8306.0,8265.0,8348.0,8500.0,8284.0,8265.0,8265.0,8265.0,8265.0,8265.0,8265.0,8265.0,8265.0,8265.0,8265.0,8265.0,8265.0,8265.0,8265.0,8265.0,8265.0,8265.0,8265.0,8265.0,8265.0,8260.0,8265.0,8265.0,8265.0,8265.0,8265.0,8265.0,8265.0,8265.0,8265.0,8265.0,8265.0,8265.0,8265.0,8265.0,8265.0,8265.0,8265.0,8306.0,8265.0,8265.0,8265.0,8265.0,8265.0,8265.0,8265.0,8265.0,8265.0,8265.0,8265.0,8265.0,8265.0,8306.0,8265.0,8265.0,8265.0,8265.0,8265.0,8265.0,8265.0,8265.0,8265.0,8265.0,8265.0,8265.0,8265.0,8265.0,8265.0,8265.0,8265.0,8265.0,8265.0,8265.0,8265.0,8265.0,8265.0,8294.0,8262.0,8265.0,8354.0,8265.0,8265.0,8265.0,8265.0,8265.0,8265.0,8265.0,8354.0,8265.0,8265.0,8265.0,8265.0,8265.0,8283.0,8283.0,8354.0,8265.0,8265.0,8265.0,8246.0,8265.0,8285.0,8265.0,8265.0,8265.0,8265.0,8265.0,8265.0,8271.0,8265.0,8265.0,8265.0,8265.0,8265.0,8176.0,8265.0,8265.0,8265.0,8265.0,8265.0,8265.0,8265.0,8265.0,8265.0,8265.0,8265.0,8265.0,8265.0,8265.0,8265.0,8265.0,8265.0,8265.0,8265.0,8265.0,8354.0,8277.0,8265.0,8265.0,8265.0,8265.0,8265.0,8265.0,8265.0,8265.0,8265.0,8265.0,8294.0,8283.0,8283.0,8265.0,8271.0,8265.0,8271.0,8265.0,8265.0,8265.0,8414.0,8354.0,8265.0,8265.0,8265.0,8264.0,8265.0,8265.0,8265.0,8354.0,8265.0,8265.0,8265.0,8265.0,8265.0,8265.0,8265.0,8265.0,8265.0,8265.0,8265.0,8265.0,8265.0,8265.0,8265.0,8265.0,8220.0,8265.0,8265.0,8265.0,8265.0,8220.0,8265.0,8265.0,8265.0,8265.0,8178.0,8265.0,8265.0,8265.0,8265.0,8265.0,8265.0,8176.0,8265.0,8265.0,8283.0,8283.0,8354.0,8265.0,8265.0,8493.0,8265.0,8283.0,8265.0,8354.0,8265.0,8265.0,8265.0,8265.0,8283.0,8265.0,8265.0,8265.0,8265.0,8265.0,8265.0,8265.0,8265.0,8265.0,8265.0,8265.0,8265.0,8265.0,8265.0,8265.0,8354.0,8265.0,8284.0,8265.0,8283.0,8265.0,8265.0,8265.0,8283.0,8354.0,8265.0,8265.0,8354.0,8265.0,8265.0,8265.0,8265.0,8265.0,8265.0,8265.0,8265.0,8265.0,8265.0,8265.0,8265.0,8265.0,8265.0,8265.0,8265.0,8265.0,8265.0,8265.0,8265.0,8265.0,8354.0,8265.0,8265.0,8283.0,8265.0,8265.0,8265.0,8354.0,8265.0,8354.0,8265.0,8354.0,8283.0,8265.0,8265.0,8265.0,8265.0,8265.0,8265.0,8283.0,8265.0,8283.0,8265.0,8265.0,8265.0,8354.0,8265.0,8265.0,8265.0,8265.0,8265.0,8265.0,8265.0,8265.0,8265.0,8265.0,8265.0,8265.0,8265.0,8265.0,8265.0,8265.0,8265.0,8265.0,8265.0,8354.0,8265.0,8354.0,8354.0,8265.0,8265.0,8265.0,8265.0,8265.0,8265.0,8284.0,8265.0,8265.0,8265.0,8265.0,8265.0,8265.0,8265.0,8265.0,8265.0,8265.0,8265.0,8265.0,8265.0,8265.0,8265.0,8354.0,8265.0,8294.0,8265.0,8265.0,8265.0,8354.0,8265.0,8265.0,8354.0,8265.0,8265.0,8265.0,8265.0,8265.0,8265.0,8265.0,8265.0,8354.0,8265.0,8265.0,8265.0,8354.0,8265.0,8265.0,8265.0,8265.0,8265.0,8265.0,8265.0,8265.0,8265.0,8265.0,8265.0,8354.0,8265.0,8354.0,8236.0,8265.0,8265.0,8265.0,8284.0,8265.0,8265.0,8354.0,8265.0,8354.0,8265.0,8265.0,8354.0,8354.0,8354.0,8265.0,8265.0,8284.0,8325.0,8265.0,8265.0,8354.0,8354.0,8284.0,8284.0,8354.0,8265.0,8354.0,8354.0,8354.0,8354.0,8366.0,8265.0,8354.0,8354.0,8284.0,8354.0,8354.0,8265.0,8354.0,8265.0,8354.0,8354.0,8354.0,8284.0,8354.0,8284.0,8354.0,8354.0,8284.0,8284.0,8284.0,8284.0,8284.0,8354.0,8354.0,8241.0,8284.0,8290.0,8284.0,8284.0,8284.0,8284.0,8265.0,8284.0,8284.0,8284.0,8284.0,8284.0,8284.0,8213.0,8284.0,8368.0,8284.0,8368.0,8284.0,8284.0,8366.0,8284.0,8265.0,8265.0,99.0,144.0,460.0,221.0,128.0,202.0,202.0,202.0,202.0,202.0,202.0,202.0,202.0,202.0,202.0,202.0,202.0,202.0,202.0,202.0,202.0,202.0,202.0,202.0,202.0,202.0,202.0,202.0,202.0,202.0,202.0,202.0,202.0,202.0,202.0,202.0,202.0,202.0,202.0,202.0,202.0,231.0,202.0,202.0,202.0,291.0,202.0,202.0,291.0,202.0,202.0,231.0,202.0,202.0,231.0,258.0,228.0,274.0,228.0,221.0,228.0,228.0,221.0,202.0,248.0,221.0,221.0,202.0,202.0,221.0,202.0,202.0,202.0,202.0,202.0,202.0,202.0,202.0,202.0,202.0,202.0,228.0,221.0,202.0,202.0,202.0,202.0,202.0,202.0,202.0,202.0,202.0,202.0,202.0,202.0,248.0,202.0,202.0,202.0,202.0,202.0,202.0,202.0,202.0,202.0,202.0,202.0,202.0,202.0,202.0,202.0,202.0,202.0,202.0,202.0,202.0,202.0,202.0,202.0,202.0,202.0,202.0,202.0,202.0,202.0,202.0,202.0,202.0,202.0,202.0,202.0,202.0,202.0,202.0,202.0,202.0,179.0,202.0,202.0,202.0,202.0,221.0,202.0,202.0,202.0,202.0,202.0,202.0,223.0,202.0,221.0,202.0,202.0,202.0,202.0,202.0,202.0,202.0,202.0,202.0,202.0,202.0,221.0,202.0,202.0,202.0,202.0,202.0,221.0,202.0,202.0,221.0,221.0,202.0,202.0,202.0,221.0,202.0,202.0,202.0,202.0,202.0,202.0,202.0,202.0,202.0,202.0,202.0,202.0,202.0,202.0,248.0,202.0,202.0,202.0,202.0,202.0,202.0,202.0,202.0,248.0,202.0,202.0,292.0,202.0,202.0,202.0,202.0,258.0,202.0,202.0,202.0,202.0,202.0,202.0,202.0,202.0,202.0,202.0,144.0,202.0,202.0,202.0,202.0,221.0,202.0,202.0,250.0,202.0,202.0,202.0,202.0,202.0,202.0,202.0,202.0,202.0,202.0,202.0,202.0,202.0,202.0,202.0,202.0,202.0,225.0,202.0,202.0,202.0,258.0,202.0,202.0,202.0,202.0,202.0,202.0,202.0,202.0,202.0,202.0,202.0,221.0,202.0,202.0,202.0,202.0,202.0,202.0,202.0,202.0,202.0,212.0,202.0,202.0,202.0,258.0,202.0,202.0,202.0,202.0,202.0,202.0,202.0,202.0,202.0,202.0,202.0,266.0,202.0,202.0,202.0,258.0,202.0,202.0,202.0,180.0,202.0,258.0,202.0,202.0,202.0,202.0,202.0,202.0,202.0,202.0,202.0,202.0,202.0,202.0,202.0,202.0,231.0,202.0,202.0,202.0,258.0,202.0,202.0,202.0,202.0,202.0,202.0,202.0,202.0,202.0,202.0,248.0,202.0,258.0,202.0,202.0,202.0,202.0,202.0,202.0,258.0,202.0,202.0,202.0,202.0,258.0,202.0,228.0,266.0,221.0,202.0,221.0,221.0,221.0,221.0,221.0,221.0,221.0,221.0,221.0,221.0,221.0,221.0,221.0,202.0,221.0,267.0,250.0,221.0,202.0,221.0,221.0,221.0,221.0,221.0,221.0,221.0,221.0,221.0,221.0,221.0,221.0,285.0,221.0,221.0,221.0,221.0
hDenV4/Colombia/NSA-BROAD-0000022/2005,3080.0,3058.0,3058.0,3058.0,3058.0,3058.0,3058.0,3079.0,3058.0,3127.0,3111.0,3193.0,3080.0,3044.0,3046.0,3046.0,3046.0,3084.0,3046.0,3084.0,3084.0,3050.0,3050.0,3050.0,3050.0,3070.0,3070.0,3084.0,3058.0,3084.0,3050.0,3058.0,3050.0,3084.0,3104.0,3070.0,3050.0,3055.0,3050.0,3050.0,3050.0,3050.0,3050.0,3084.0,3050.0,3050.0,3036.0,3084.0,3058.0,3058.0,3058.0,3058.0,3094.0,3094.0,3094.0,3142.0,3050.0,3058.0,3116.0,3050.0,3058.0,3050.0,3050.0,3050.0,3058.0,3058.0,3084.0,3050.0,3058.0,3084.0,3084.0,3050.0,3050.0,3084.0,3050.0,3050.0,3058.0,3058.0,3058.0,3058.0,3063.0,3058.0,3058.0,3058.0,3058.0,3063.0,3058.0,3036.0,3084.0,3058.0,3058.0,3058.0,3058.0,3058.0,3050.0,3058.0,3050.0,3050.0,3050.0,3058.0,3050.0,3058.0,3058.0,3050.0,3058.0,3058.0,3058.0,3050.0,3050.0,3058.0,3050.0,3044.0,3058.0,3058.0,3046.0,3058.0,3058.0,3058.0,3058.0,3058.0,3058.0,3050.0,3058.0,3084.0,3058.0,3058.0,3058.0,3058.0,2994.0,3058.0,3058.0,3058.0,3044.0,3058.0,3058.0,3058.0,3058.0,3116.0,3058.0,3058.0,3058.0,3058.0,3116.0,3044.0,3058.0,3050.0,3058.0,3044.0,3058.0,3058.0,3058.0,3058.0,3050.0,3058.0,3058.0,3058.0,3058.0,3050.0,3058.0,3058.0,3058.0,3058.0,3058.0,3058.0,3043.0,3058.0,3058.0,3058.0,3095.0,3058.0,3058.0,3058.0,3058.0,3058.0,3058.0,3058.0,3058.0,3058.0,3037.0,3058.0,3058.0,3058.0,3031.0,3058.0,3058.0,3165.0,3058.0,3058.0,3045.0,3058.0,3098.0,3058.0,3058.0,3058.0,3058.0,3058.0,3058.0,3039.0,3058.0,3058.0,3058.0,3058.0,3046.0,3116.0,3058.0,3058.0,3058.0,3058.0,3058.0,3058.0,3058.0,3058.0,3058.0,3058.0,3165.0,3058.0,3058.0,3058.0,3058.0,3058.0,3050.0,3058.0,3127.0,3058.0,3058.0,3058.0,3058.0,3058.0,3058.0,3058.0,3050.0,3058.0,3050.0,3050.0,3058.0,3050.0,3058.0,3058.0,3058.0,3058.0,3116.0,3058.0,3058.0,3050.0,3050.0,3050.0,3058.0,3058.0,3050.0,3058.0,3116.0,3058.0,3058.0,3050.0,3058.0,3058.0,3058.0,3058.0,3058.0,3058.0,3058.0,3058.0,3058.0,3058.0,3058.0,3122.0,3058.0,3058.0,3058.0,3058.0,3058.0,3058.0,3058.0,3058.0,3079.0,3058.0,3058.0,3058.0,3058.0,3058.0,3058.0,3058.0,3058.0,3044.0,3134.0,3050.0,3058.0,3058.0,3058.0,3058.0,3058.0,3058.0,3058.0,3068.0,3058.0,3058.0,3058.0,3058.0,3058.0,3044.0,3058.0,3058.0,3058.0,3058.0,3079.0,3058.0,3058.0,3058.0,3058.0,3044.0,3058.0,3058.0,3058.0,3044.0,3058.0,3058.0,3058.0,3058.0,3058.0,3058.0,3058.0,3058.0,3058.0,3058.0,3058.0,3058.0,3058.0,3058.0,3058.0,3058.0,3058.0,3058.0,3146.0,3058.0,3058.0,3058.0,3058.0,3058.0,3116.0,3058.0,3022.0,3058.0,3058.0,3079.0,3058.0,3058.0,3006.0,3040.0,3058.0,3058.0,3058.0,3046.0,3058.0,3058.0,3058.0,3043.0,3116.0,3058.0,3045.0,3058.0,3058.0,3058.0,3058.0,3058.0,3058.0,3058.0,3058.0,3058.0,3116.0,3058.0,3058.0,3058.0,3058.0,3058.0,3058.0,3058.0,3116.0,3058.0,2969.0,3058.0,3058.0,3058.0,3058.0,3058.0,3058.0,3082.0,3058.0,3058.0,3058.0,3046.0,3058.0,3058.0,3058.0,3058.0,3058.0,3058.0,3058.0,3058.0,3058.0,3058.0,3058.0,3058.0,3058.0,3116.0,3058.0,3058.0,3058.0,3058.0,3058.0,3058.0,3058.0,3116.0,3085.0,3058.0,3116.0,3058.0,3058.0,3058.0,3058.0,3058.0,3058.0,3058.0,3058.0,3058.0,3121.0,3058.0,3058.0,3121.0,3046.0,3130.0,3058.0,3046.0,3058.0,3040.0,3058.0,3116.0,3058.0,3058.0,3058.0,3096.0,3058.0,3058.0,3058.0,3022.0,3058.0,3180.0,3058.0,3058.0,3058.0,3121.0,3046.0,3058.0,3058.0,3090.0,3058.0,3116.0,3058.0,3058.0,3046.0,3050.0,3058.0,3058.0,3058.0,3058.0,3058.0,3058.0,3058.0,3058.0,3058.0,2994.0,3058.0,3058.0,3044.0,3058.0,3116.0,3058.0,3058.0,3058.0,3058.0,3058.0,3058.0,3058.0,3058.0,3040.0,3058.0,3116.0,3058.0,3116.0,3058.0,3058.0,3085.0,3058.0,3058.0,3046.0,3058.0,3058.0,3058.0,3058.0,3116.0,3058.0,3058.0,3058.0,3058.0,3046.0,3116.0,3058.0,3116.0,3058.0,3058.0,3116.0,3058.0,3058.0,3058.0,3044.0,3058.0,3058.0,3058.0,3058.0,3058.0,3058.0,3090.0,3046.0,3058.0,3058.0,2994.0,2994.0,2994.0,3116.0,3078.0,3058.0,3058.0,3058.0,3139.0,3058.0,3058.0,2994.0,3090.0,3058.0,3068.0,3058.0,2994.0,3116.0,3046.0,3058.0,3058.0,3058.0,2994.0,3058.0,3058.0,3058.0,3046.0,3088.0,2994.0,3058.0,3058.0,2994.0,2994.0,2994.0,3058.0,3090.0,3058.0,3058.0,3058.0,2994.0,3058.0,2994.0,3058.0,3058.0,3058.0,2994.0,3058.0,3116.0,3058.0,3046.0,3058.0,2994.0,3058.0,2994.0,3058.0,3131.0,2994.0,3116.0,3058.0,3058.0,3058.0,3058.0,3058.0,3116.0,3116.0,3058.0,3058.0,3058.0,3058.0,3058.0,2994.0,3052.0,2994.0,3058.0,3058.0,3058.0,2994.0,2994.0,3058.0,3058.0,3058.0,3096.0,3116.0,3058.0,3058.0,3058.0,3090.0,3058.0,3058.0,3058.0,3058.0,3058.0,3058.0,3058.0,3058.0,3058.0,3058.0,3058.0,3058.0,3090.0,3090.0,3058.0,3058.0,3080.0,3058.0,3058.0,3058.0,3058.0,3058.0,3058.0,3058.0,3058.0,3058.0,3058.0,3058.0,3139.0,3058.0,3058.0,3067.0,2959.0,3058.0,3058.0,3058.0,3058.0,3058.0,3058.0,3079.0,3058.0,3058.0,3058.0,3058.0,3096.0,3058.0,3058.0,3087.0,3058.0,3058.0,3058.0,3058.0,3058.0,3058.0,2994.0,3117.0,3058.0,3058.0,3046.0,3058.0,3058.0,3139.0,3139.0,3058.0,3116.0,2994.0,2994.0,2994.0,3058.0,3058.0,3135.0,3018.0,2429.0,2502.0,2502.0,2534.0,2470.0,2449.0,2497.0,2420.0,2502.0,2502.0,2502.0,2502.0,2502.0,2548.0,2502.0,2502.0,2502.0,2548.0,2473.0,2502.0,2502.0,2502.0,2473.0,2502.0,2473.0,2540.0,2502.0,2531.0,2502.0,2473.0,2473.0,2502.0,2502.0,2502.0,2502.0,2502.0,2502.0,2502.0,2502.0,2502.0,2473.0,2473.0,2502.0,2502.0,2502.0,2502.0,2473.0,2502.0,2502.0,2502.0,2502.0,2473.0,2502.0,2502.0,2502.0,2502.0,2502.0,2502.0,2502.0,2473.0,2502.0,2502.0,2513.0,2502.0,2502.0,2502.0,2444.0,2473.0,2502.0,2502.0,2473.0,2502.0,2502.0,2502.0,2502.0,2502.0,2502.0,2473.0,2473.0,2502.0,2566.0,2502.0,2502.0,2473.0,2502.0,2502.0,2502.0,2502.0,2502.0,2502.0,2502.0,2473.0,2502.0,2502.0,2473.0,2502.0,2502.0,2502.0,2502.0,2502.0,2473.0,2473.0,2502.0,2502.0,2502.0,2502.0,2502.0,2502.0,2473.0,2502.0,2502.0,2502.0,2502.0,2502.0,2502.0,2502.0,2502.0,2473.0,2502.0,2502.0,2502.0,2502.0,2502.0,2502.0,2502.0,2502.0,2502.0,2596.0,2502.0,2473.0,2502.0,2502.0,2502.0,2502.0,2502.0,2502.0,2502.0,2502.0,2502.0,2502.0,2502.0,2502.0,2502.0,2502.0,2502.0,2502.0,2502.0,2502.0,2502.0,2502.0,2502.0,2502.0,2502.0,2502.0,2504.0,2502.0,2502.0,2502.0,2502.0,2502.0,2502.0,2502.0,2502.0,2502.0,2502.0,2502.0,2502.0,2502.0,2502.0,2502.0,2502.0,2502.0,2502.0,2502.0,2502.0,2502.0,2502.0,2502.0,2502.0,2502.0,2502.0,2502.0,2502.0,2502.0,2502.0,2502.0,2502.0,2502.0,2502.0,2502.0,2502.0,2502.0,2502.0,2502.0,2502.0,2502.0,2502.0,2502.0,2502.0,2502.0,2502.0,2502.0,2502.0,2502.0,2548.0,2502.0,2502.0,2502.0,2502.0,2502.0,2502.0,2502.0,2502.0,2502.0,2502.0,2502.0,2502.0,2502.0,2502.0,2502.0,2502.0,2502.0,2502.0,2502.0,2502.0,2502.0,2502.0,2502.0,2502.0,2502.0,2502.0,2502.0,2502.0,2502.0,2502.0,2502.0,2502.0,2502.0,2502.0,2502.0,2502.0,2502.0,2502.0,2502.0,2502.0,2502.0,2548.0,2502.0,2502.0,2502.0,2502.0,2502.0,2502.0,2502.0,2502.0,2502.0,2502.0,2502.0,2502.0,2502.0,2502.0,2502.0,2502.0,2502.0,2502.0,2502.0,2502.0,2502.0,2502.0,2502.0,2502.0,2502.0,2571.0,2502.0,2502.0,2502.0,2502.0,2502.0,2502.0,2502.0,2502.0,2502.0,2502.0,2502.0,2547.0,2502.0,2502.0,2476.0,2502.0,2502.0,2502.0,2502.0,2502.0,2502.0,2502.0,2502.0,2522.0,2502.0,2555.0,2502.0,2502.0,2502.0,2502.0,2502.0,2502.0,2502.0,2502.0,2502.0,2502.0,2502.0,2502.0,2548.0,2502.0,2502.0,2502.0,2548.0,2502.0,2502.0,2502.0,2502.0,2502.0,2548.0,2502.0,2502.0,2502.0,2502.0,2502.0,2502.0,2502.0,2502.0,2502.0,2502.0,2502.0,2502.0,2502.0,2502.0,2502.0,2502.0,2502.0,2502.0,2502.0,2502.0,2502.0,2502.0,2502.0,2502.0,2502.0,2502.0,2531.0,2502.0,2502.0,2502.0,2502.0,2502.0,2540.0,2502.0,2502.0,2502.0,2540.0,2502.0,2502.0,2502.0,2502.0,2502.0,2502.0,2531.0,2531.0,2502.0,2502.0,2502.0,2502.0,2502.0,2502.0,2531.0,2502.0,2404.0,2502.0,2502.0,2502.0,2502.0,2502.0,2502.0,2516.0,2502.0,2502.0,2502.0,2502.0,2502.0,2438.0,2502.0,2502.0,2502.0,2502.0,2502.0,2502.0,2502.0,2502.0,2502.0,2502.0,2502.0,2502.0,2502.0,2502.0,2502.0,2502.0,2502.0,2502.0,2502.0,2476.0,2502.0,2502.0,2502.0,2502.0,2531.0,2502.0,2502.0,2502.0,2502.0,2502.0,2502.0,2502.0,2502.0,2502.0,2502.0,2502.0,2502.0,2502.0,2502.0,2502.0,2502.0,2502.0,2502.0,2502.0,2502.0,2502.0,2502.0,2531.0,2502.0,2502.0,2502.0,2502.0,2502.0,2502.0,2502.0,8245.0,8251.0,8245.0,8234.0,8245.0,8245.0,8219.0,8263.0,8245.0,8245.0,8306.0,8286.0,8245.0,8328.0,8480.0,8264.0,8245.0,8245.0,8245.0,8245.0,8245.0,8245.0,8245.0,8245.0,8245.0,8245.0,8245.0,8245.0,8245.0,8245.0,8245.0,8245.0,8245.0,8245.0,8245.0,8245.0,8240.0,8245.0,8245.0,8245.0,8245.0,8245.0,8245.0,8245.0,8245.0,8245.0,8245.0,8245.0,8245.0,8245.0,8245.0,8245.0,8245.0,8245.0,8286.0,8245.0,8245.0,8245.0,8245.0,8245.0,8245.0,8245.0,8245.0,8245.0,8245.0,8245.0,8245.0,8245.0,8286.0,8245.0,8245.0,8245.0,8245.0,8245.0,8245.0,8245.0,8245.0,8245.0,8245.0,8245.0,8245.0,8245.0,8245.0,8245.0,8245.0,8245.0,8245.0,8245.0,8245.0,8245.0,8245.0,8245.0,8274.0,8242.0,8245.0,8334.0,8245.0,8245.0,8245.0,8245.0,8245.0,8245.0,8245.0,8334.0,8245.0,8245.0,8245.0,8245.0,8245.0,8263.0,8263.0,8334.0,8245.0,8245.0,8245.0,8226.0,8245.0,8265.0,8245.0,8245.0,8245.0,8245.0,8245.0,8245.0,8251.0,8245.0,8245.0,8245.0,8245.0,8245.0,8156.0,8245.0,8245.0,8245.0,8245.0,8245.0,8245.0,8245.0,8245.0,8245.0,8245.0,8245.0,8245.0,8245.0,8245.0,8245.0,8245.0,8245.0,8245.0,8245.0,8245.0,8334.0,8257.0,8245.0,8245.0,8245.0,8245.0,8245.0,8245.0,8245.0,8245.0,8245.0,8245.0,8274.0,8263.0,8263.0,8245.0,8251.0,8245.0,8251.0,8245.0,8245.0,8245.0,8394.0,8334.0,8245.0,8245.0,8245.0,8244.0,8245.0,8245.0,8245.0,8334.0,8245.0,8245.0,8245.0,8245.0,8245.0,8245.0,8245.0,8245.0,8245.0,8245.0,8245.0,8245.0,8245.0,8245.0,8245.0,8245.0,8200.0,8245.0,8245.0,8245.0,8245.0,8200.0,8245.0,8245.0,8245.0,8245.0,8158.0,8245.0,8245.0,8245.0,8245.0,8245.0,8245.0,8156.0,8245.0,8245.0,8263.0,8263.0,8334.0,8245.0,8245.0,8473.0,8245.0,8263.0,8245.0,8334.0,8245.0,8245.0,8245.0,8245.0,8263.0,8245.0,8245.0,8245.0,8245.0,8245.0,8245.0,8245.0,8245.0,8245.0,8245.0,8245.0,8245.0,8245.0,8245.0,8245.0,8334.0,8245.0,8264.0,8245.0,8263.0,8245.0,8245.0,8245.0,8263.0,8334.0,8245.0,8245.0,8334.0,8245.0,8245.0,8245.0,8245.0,8245.0,8245.0,8245.0,8245.0,8245.0,8245.0,8245.0,8245.0,8245.0,8245.0,8245.0,8245.0,8245.0,8245.0,8245.0,8245.0,8245.0,8334.0,8245.0,8245.0,8263.0,8245.0,8245.0,8245.0,8334.0,8245.0,8334.0,8245.0,8334.0,8263.0,8245.0,8245.0,8245.0,8245.0,8245.0,8245.0,8263.0,8245.0,8263.0,8245.0,8245.0,8245.0,8334.0,8245.0,8245.0,8245.0,8245.0,8245.0,8245.0,8245.0,8245.0,8245.0,8245.0,8245.0,8245.0,8245.0,8245.0,8245.0,8245.0,8245.0,8245.0,8245.0,8334.0,8245.0,8334.0,8334.0,8245.0,8245.0,8245.0,8245.0,8245.0,8245.0,8264.0,8245.0,8245.0,8245.0,8245.0,8245.0,8245.0,8245.0,8245.0,8245.0,8245.0,8245.0,8245.0,8245.0,8245.0,8245.0,8334.0,8245.0,8274.0,8245.0,8245.0,8245.0,8334.0,8245.0,8245.0,8334.0,8245.0,8245.0,8245.0,8245.0,8245.0,8245.0,8245.0,8245.0,8334.0,8245.0,8245.0,8245.0,8334.0,8245.0,8245.0,8245.0,8245.0,8245.0,8245.0,8245.0,8245.0,8245.0,8245.0,8245.0,8334.0,8245.0,8334.0,8216.0,8245.0,8245.0,8245.0,8264.0,8245.0,8245.0,8334.0,8245.0,8334.0,8245.0,8245.0,8334.0,8334.0,8334.0,8245.0,8245.0,8264.0,8305.0,8245.0,8245.0,8334.0,8334.0,8264.0,8264.0,8334.0,8245.0,8334.0,8334.0,8334.0,8334.0,8346.0,8245.0,8334.0,8334.0,8264.0,8334.0,8334.0,8245.0,8334.0,8245.0,8334.0,8334.0,8334.0,8264.0,8334.0,8264.0,8334.0,8334.0,8264.0,8264.0,8264.0,8264.0,8264.0,8334.0,8334.0,8221.0,8264.0,8270.0,8264.0,8264.0,8264.0,8264.0,8245.0,8264.0,8264.0,8264.0,8264.0,8264.0,8264.0,8193.0,8264.0,8348.0,8264.0,8348.0,8264.0,8264.0,8346.0,8264.0,8245.0,8245.0,128.0,173.0,489.0,250.0,99.0,231.0,231.0,231.0,231.0,231.0,231.0,231.0,231.0,231.0,231.0,231.0,231.0,231.0,231.0,231.0,231.0,231.0,231.0,231.0,231.0,231.0,231.0,231.0,231.0,231.0,231.0,231.0,231.0,231.0,231.0,231.0,231.0,231.0,231.0,231.0,231.0,260.0,231.0,231.0,231.0,320.0,231.0,231.0,320.0,231.0,231.0,260.0,231.0,231.0,260.0,287.0,257.0,303.0,257.0,250.0,257.0,257.0,250.0,231.0,277.0,250.0,250.0,231.0,231.0,250.0,231.0,231.0,231.0,231.0,231.0,231.0,231.0,231.0,231.0,231.0,231.0,257.0,250.0,231.0,231.0,231.0,231.0,231.0,231.0,231.0,231.0,231.0,231.0,231.0,231.0,277.0,231.0,231.0,231.0,231.0,231.0,231.0,231.0,231.0,231.0,231.0,231.0,231.0,231.0,231.0,231.0,231.0,231.0,231.0,231.0,231.0,231.0,231.0,231.0,231.0,231.0,231.0,231.0,231.0,231.0,231.0,231.0,231.0,231.0,231.0,231.0,231.0,231.0,231.0,231.0,231.0,208.0,231.0,231.0,231.0,231.0,250.0,231.0,231.0,231.0,231.0,231.0,231.0,252.0,231.0,250.0,231.0,231.0,231.0,231.0,231.0,231.0,231.0,231.0,231.0,231.0,231.0,250.0,231.0,231.0,231.0,231.0,231.0,250.0,231.0,231.0,250.0,250.0,231.0,231.0,231.0,250.0,231.0,231.0,231.0,231.0,231.0,231.0,231.0,231.0,231.0,231.0,231.0,231.0,231.0,231.0,277.0,231.0,231.0,231.0,231.0,231.0,231.0,231.0,231.0,277.0,231.0,231.0,321.0,231.0,231.0,231.0,231.0,287.0,231.0,231.0,231.0,231.0,231.0,231.0,231.0,231.0,231.0,231.0,173.0,231.0,231.0,231.0,231.0,250.0,231.0,231.0,279.0,231.0,231.0,231.0,231.0,231.0,231.0,231.0,231.0,231.0,231.0,231.0,231.0,231.0,231.0,231.0,231.0,231.0,254.0,231.0,231.0,231.0,287.0,231.0,231.0,231.0,231.0,231.0,231.0,231.0,231.0,231.0,231.0,231.0,250.0,231.0,231.0,231.0,231.0,231.0,231.0,231.0,231.0,231.0,241.0,231.0,231.0,231.0,287.0,231.0,231.0,231.0,231.0,231.0,231.0,231.0,231.0,231.0,231.0,231.0,295.0,231.0,231.0,231.0,287.0,231.0,231.0,231.0,209.0,231.0,287.0,231.0,231.0,231.0,231.0,231.0,231.0,231.0,231.0,231.0,231.0,231.0,231.0,231.0,231.0,260.0,231.0,231.0,231.0,287.0,231.0,231.0,231.0,231.0,231.0,231.0,231.0,231.0,231.0,231.0,277.0,231.0,287.0,231.0,231.0,231.0,231.0,231.0,231.0,287.0,231.0,231.0,231.0,231.0,287.0,231.0,257.0,295.0,250.0,231.0,250.0,250.0,250.0,250.0,250.0,250.0,250.0,250.0,250.0,250.0,250.0,250.0,250.0,231.0,250.0,296.0,221.0,250.0,231.0,250.0,250.0,250.0,250.0,250.0,250.0,250.0,250.0,250.0,250.0,250.0,250.0,314.0,250.0,250.0,250.0,250.0
hDenV4/Colombia/NSA-UIS-0000003/2005,3101.0,3079.0,3079.0,3079.0,3079.0,3079.0,3079.0,3100.0,3079.0,3148.0,3132.0,3214.0,3101.0,3065.0,3067.0,3067.0,3067.0,3105.0,3067.0,3105.0,3105.0,3071.0,3071.0,3071.0,3071.0,3091.0,3091.0,3105.0,3079.0,3105.0,3071.0,3079.0,3071.0,3105.0,3125.0,3091.0,3071.0,3076.0,3071.0,3071.0,3071.0,3071.0,3071.0,3105.0,3071.0,3071.0,3057.0,3105.0,3079.0,3079.0,3079.0,3079.0,3115.0,3115.0,3115.0,3163.0,3071.0,3079.0,3137.0,3071.0,3079.0,3071.0,3071.0,3071.0,3079.0,3079.0,3105.0,3071.0,3079.0,3105.0,3105.0,3071.0,3071.0,3105.0,3071.0,3071.0,3079.0,3079.0,3079.0,3079.0,3084.0,3079.0,3079.0,3079.0,3079.0,3084.0,3079.0,3057.0,3105.0,3079.0,3079.0,3079.0,3079.0,3079.0,3071.0,3079.0,3071.0,3071.0,3071.0,3079.0,3071.0,3079.0,3079.0,3071.0,3079.0,3079.0,3079.0,3071.0,3071.0,3079.0,3071.0,3065.0,3079.0,3079.0,3067.0,3079.0,3079.0,3079.0,3079.0,3079.0,3079.0,3071.0,3079.0,3105.0,3079.0,3079.0,3079.0,3079.0,3015.0,3079.0,3079.0,3079.0,3065.0,3079.0,3079.0,3079.0,3079.0,3137.0,3079.0,3079.0,3079.0,3079.0,3137.0,3065.0,3079.0,3071.0,3079.0,3065.0,3079.0,3079.0,3079.0,3079.0,3071.0,3079.0,3079.0,3079.0,3079.0,3071.0,3079.0,3079.0,3079.0,3079.0,3079.0,3079.0,3064.0,3079.0,3079.0,3079.0,3116.0,3079.0,3079.0,3079.0,3079.0,3079.0,3079.0,3079.0,3079.0,3079.0,3058.0,3079.0,3079.0,3079.0,3052.0,3079.0,3079.0,3186.0,3079.0,3079.0,3066.0,3079.0,3119.0,3079.0,3079.0,3079.0,3079.0,3079.0,3079.0,3060.0,3079.0,3079.0,3079.0,3079.0,3067.0,3137.0,3079.0,3079.0,3079.0,3079.0,3079.0,3079.0,3079.0,3079.0,3079.0,3079.0,3186.0,3079.0,3079.0,3079.0,3079.0,3079.0,3071.0,3079.0,3148.0,3079.0,3079.0,3079.0,3079.0,3079.0,3079.0,3079.0,3071.0,3079.0,3071.0,3071.0,3079.0,3071.0,3079.0,3079.0,3079.0,3079.0,3137.0,3079.0,3079.0,3071.0,3071.0,3071.0,3079.0,3079.0,3071.0,3079.0,3137.0,3079.0,3079.0,3071.0,3079.0,3079.0,3079.0,3079.0,3079.0,3079.0,3079.0,3079.0,3079.0,3079.0,3079.0,3143.0,3079.0,3079.0,3079.0,3079.0,3079.0,3079.0,3079.0,3079.0,3100.0,3079.0,3079.0,3079.0,3079.0,3079.0,3079.0,3079.0,3079.0,3065.0,3155.0,3071.0,3079.0,3079.0,3079.0,3079.0,3079.0,3079.0,3079.0,3089.0,3079.0,3079.0,3079.0,3079.0,3079.0,3065.0,3079.0,3079.0,3079.0,3079.0,3100.0,3079.0,3079.0,3079.0,3079.0,3065.0,3079.0,3079.0,3079.0,3065.0,3079.0,3079.0,3079.0,3079.0,3079.0,3079.0,3079.0,3079.0,3079.0,3079.0,3079.0,3079.0,3079.0,3079.0,3079.0,3079.0,3079.0,3079.0,3167.0,3079.0,3079.0,3079.0,3079.0,3079.0,3137.0,3079.0,3043.0,3079.0,3079.0,3100.0,3079.0,3079.0,3027.0,3061.0,3079.0,3079.0,3079.0,3067.0,3079.0,3079.0,3079.0,3064.0,3137.0,3079.0,3066.0,3079.0,3079.0,3079.0,3079.0,3079.0,3079.0,3079.0,3079.0,3079.0,3137.0,3079.0,3079.0,3079.0,3079.0,3079.0,3079.0,3079.0,3137.0,3079.0,2990.0,3079.0,3079.0,3079.0,3079.0,3079.0,3079.0,3103.0,3079.0,3079.0,3079.0,3067.0,3079.0,3079.0,3079.0,3079.0,3079.0,3079.0,3079.0,3079.0,3079.0,3079.0,3079.0,3079.0,3079.0,3137.0,3079.0,3079.0,3079.0,3079.0,3079.0,3079.0,3079.0,3137.0,3106.0,3079.0,3137.0,3079.0,3079.0,3079.0,3079.0,3079.0,3079.0,3079.0,3079.0,3079.0,3142.0,3079.0,3079.0,3142.0,3067.0,3151.0,3079.0,3067.0,3079.0,3061.0,3079.0,3137.0,3079.0,3079.0,3079.0,3117.0,3079.0,3079.0,3079.0,3043.0,3079.0,3201.0,3079.0,3079.0,3079.0,3142.0,3067.0,3079.0,3079.0,3111.0,3079.0,3137.0,3079.0,3079.0,3067.0,3071.0,3079.0,3079.0,3079.0,3079.0,3079.0,3079.0,3079.0,3079.0,3079.0,3015.0,3079.0,3079.0,3065.0,3079.0,3137.0,3079.0,3079.0,3079.0,3079.0,3079.0,3079.0,3079.0,3079.0,3061.0,3079.0,3137.0,3079.0,3137.0,3079.0,3079.0,3106.0,3079.0,3079.0,3067.0,3079.0,3079.0,3079.0,3079.0,3137.0,3079.0,3079.0,3079.0,3079.0,3067.0,3137.0,3079.0,3137.0,3079.0,3079.0,3137.0,3079.0,3079.0,3079.0,3065.0,3079.0,3079.0,3079.0,3079.0,3079.0,3079.0,3111.0,3067.0,3079.0,3079.0,3015.0,3015.0,3015.0,3137.0,3099.0,3079.0,3079.0,3079.0,3160.0,3079.0,3079.0,3015.0,3111.0,3079.0,3089.0,3079.0,3015.0,3137.0,3067.0,3079.0,3079.0,3079.0,3015.0,3079.0,3079.0,3079.0,3067.0,3109.0,3015.0,3079.0,3079.0,3015.0,3015.0,3015.0,3079.0,3111.0,3079.0,3079.0,3079.0,3015.0,3079.0,3015.0,3079.0,3079.0,3079.0,3015.0,3079.0,3137.0,3079.0,3067.0,3079.0,3015.0,3079.0,3015.0,3079.0,3152.0,3015.0,3137.0,3079.0,3079.0,3079.0,3079.0,3079.0,3137.0,3137.0,3079.0,3079.0,3079.0,3079.0,3079.0,3015.0,3073.0,3015.0,3079.0,3079.0,3079.0,3015.0,3015.0,3079.0,3079.0,3079.0,3117.0,3137.0,3079.0,3079.0,3079.0,3111.0,3079.0,3079.0,3079.0,3079.0,3079.0,3079.0,3079.0,3079.0,3079.0,3079.0,3079.0,3079.0,3111.0,3111.0,3079.0,3079.0,3101.0,3079.0,3079.0,3079.0,3079.0,3079.0,3079.0,3079.0,3079.0,3079.0,3079.0,3079.0,3160.0,3079.0,3079.0,3088.0,2980.0,3079.0,3079.0,3079.0,3079.0,3079.0,3079.0,3100.0,3079.0,3079.0,3079.0,3079.0,3117.0,3079.0,3079.0,3068.0,3079.0,3079.0,3079.0,3079.0,3079.0,3079.0,3015.0,3138.0,3079.0,3079.0,3067.0,3079.0,3079.0,3160.0,3160.0,3079.0,3137.0,3015.0,3015.0,3015.0,3079.0,3079.0,3156.0,3039.0,2410.0,2483.0,2483.0,2515.0,2451.0,2430.0,2478.0,2401.0,2483.0,2483.0,2483.0,2483.0,2483.0,2529.0,2483.0,2483.0,2483.0,2529.0,2454.0,2483.0,2483.0,2483.0,2454.0,2483.0,2454.0,2521.0,2483.0,2512.0,2483.0,2454.0,2454.0,2483.0,2483.0,2483.0,2483.0,2483.0,2483.0,2483.0,2483.0,2483.0,2454.0,2454.0,2483.0,2483.0,2483.0,2483.0,2454.0,2483.0,2483.0,2483.0,2483.0,2454.0,2483.0,2483.0,2483.0,2483.0,2483.0,2483.0,2483.0,2454.0,2483.0,2483.0,2494.0,2483.0,2483.0,2483.0,2425.0,2454.0,2483.0,2483.0,2454.0,2483.0,2483.0,2483.0,2483.0,2483.0,2483.0,2454.0,2454.0,2483.0,2547.0,2483.0,2483.0,2454.0,2483.0,2483.0,2483.0,2483.0,2483.0,2483.0,2483.0,2454.0,2483.0,2483.0,2454.0,2483.0,2483.0,2483.0,2483.0,2483.0,2454.0,2454.0,2483.0,2483.0,2483.0,2483.0,2483.0,2483.0,2454.0,2483.0,2483.0,2483.0,2483.0,2483.0,2483.0,2483.0,2483.0,2454.0,2483.0,2483.0,2483.0,2483.0,2483.0,2483.0,2483.0,2483.0,2483.0,2577.0,2483.0,2454.0,2483.0,2483.0,2483.0,2483.0,2483.0,2483.0,2483.0,2483.0,2483.0,2483.0,2483.0,2483.0,2483.0,2483.0,2483.0,2483.0,2483.0,2483.0,2483.0,2483.0,2483.0,2483.0,2483.0,2483.0,2485.0,2483.0,2483.0,2483.0,2483.0,2483.0,2483.0,2483.0,2483.0,2483.0,2483.0,2483.0,2483.0,2483.0,2483.0,2483.0,2483.0,2483.0,2483.0,2483.0,2483.0,2483.0,2483.0,2483.0,2483.0,2483.0,2483.0,2483.0,2483.0,2483.0,2483.0,2483.0,2483.0,2483.0,2483.0,2483.0,2483.0,2483.0,2483.0,2483.0,2483.0,2483.0,2483.0,2483.0,2483.0,2483.0,2483.0,2483.0,2483.0,2483.0,2529.0,2483.0,2483.0,2483.0,2483.0,2483.0,2483.0,2483.0,2483.0,2483.0,2483.0,2483.0,2483.0,2483.0,2483.0,2483.0,2483.0,2483.0,2483.0,2483.0,2483.0,2483.0,2483.0,2483.0,2483.0,2483.0,2483.0,2483.0,2483.0,2483.0,2483.0,2483.0,2483.0,2483.0,2483.0,2483.0,2483.0,2483.0,2483.0,2483.0,2483.0,2483.0,2529.0,2483.0,2483.0,2483.0,2483.0,2483.0,2483.0,2483.0,2483.0,2483.0,2483.0,2483.0,2483.0,2483.0,2483.0,2483.0,2483.0,2483.0,2483.0,2483.0,2483.0,2483.0,2483.0,2483.0,2483.0,2483.0,2552.0,2483.0,2483.0,2483.0,2483.0,2483.0,2483.0,2483.0,2483.0,2483.0,2483.0,2483.0,2528.0,2483.0,2483.0,2457.0,2483.0,2483.0,2483.0,2483.0,2483.0,2483.0,2483.0,2483.0,2503.0,2483.0,2536.0,2483.0,2483.0,2483.0,2483.0,2483.0,2483.0,2483.0,2483.0,2483.0,2483.0,2483.0,2483.0,2529.0,2483.0,2483.0,2483.0,2529.0,2483.0,2483.0,2483.0,2483.0,2483.0,2529.0,2483.0,2483.0,2483.0,2483.0,2483.0,2483.0,2483.0,2483.0,2483.0,2483.0,2483.0,2483.0,2483.0,2483.0,2483.0,2483.0,2483.0,2483.0,2483.0,2483.0,2483.0,2483.0,2483.0,2483.0,2483.0,2483.0,2512.0,2483.0,2483.0,2483.0,2483.0,2483.0,2521.0,2483.0,2483.0,2483.0,2521.0,2483.0,2483.0,2483.0,2483.0,2483.0,2483.0,2512.0,2512.0,2483.0,2483.0,2483.0,2483.0,2483.0,2483.0,2512.0,2483.0,2385.0,2483.0,2483.0,2483.0,2483.0,2483.0,2483.0,2497.0,2483.0,2483.0,2483.0,2483.0,2483.0,2419.0,2483.0,2483.0,2483.0,2483.0,2483.0,2483.0,2483.0,2483.0,2483.0,2483.0,2483.0,2483.0,2483.0,2483.0,2483.0,2483.0,2483.0,2483.0,2483.0,2457.0,2483.0,2483.0,2483.0,2483.0,2512.0,2483.0,2483.0,2483.0,2483.0,2483.0,2483.0,2483.0,2483.0,2483.0,2483.0,2483.0,2483.0,2483.0,2483.0,2483.0,2483.0,2483.0,2483.0,2483.0,2483.0,2483.0,2483.0,2512.0,2483.0,2483.0,2483.0,2483.0,2483.0,2483.0,2483.0,8263.0,8269.0,8263.0,8252.0,8263.0,8263.0,8237.0,8281.0,8263.0,8263.0,8324.0,8304.0,8263.0,8346.0,8498.0,8282.0,8263.0,8263.0,8263.0,8263.0,8263.0,8263.0,8263.0,8263.0,8263.0,8263.0,8263.0,8263.0,8263.0,8263.0,8263.0,8263.0,8263.0,8263.0,8263.0,8263.0,8258.0,8263.0,8263.0,8263.0,8263.0,8263.0,8263.0,8263.0,8263.0,8263.0,8263.0,8263.0,8263.0,8263.0,8263.0,8263.0,8263.0,8263.0,8304.0,8263.0,8263.0,8263.0,8263.0,8263.0,8263.0,8263.0,8263.0,8263.0,8263.0,8263.0,8263.0,8263.0,8304.0,8263.0,8263.0,8263.0,8263.0,8263.0,8263.0,8263.0,8263.0,8263.0,8263.0,8263.0,8263.0,8263.0,8263.0,8263.0,8263.0,8263.0,8263.0,8263.0,8263.0,8263.0,8263.0,8263.0,8292.0,8260.0,8263.0,8352.0,8263.0,8263.0,8263.0,8263.0,8263.0,8263.0,8263.0,8352.0,8263.0,8263.0,8263.0,8263.0,8263.0,8281.0,8281.0,8352.0,8263.0,8263.0,8263.0,8244.0,8263.0,8283.0,8263.0,8263.0,8263.0,8263.0,8263.0,8263.0,8269.0,8263.0,8263.0,8263.0,8263.0,8263.0,8174.0,8263.0,8263.0,8263.0,8263.0,8263.0,8263.0,8263.0,8263.0,8263.0,8263.0,8263.0,8263.0,8263.0,8263.0,8263.0,8263.0,8263.0,8263.0,8263.0,8263.0,8352.0,8275.0,8263.0,8263.0,8263.0,8263.0,8263.0,8263.0,8263.0,8263.0,8263.0,8263.0,8292.0,8281.0,8281.0,8263.0,8269.0,8263.0,8269.0,8263.0,8263.0,8263.0,8412.0,8352.0,8263.0,8263.0,8263.0,8262.0,8263.0,8263.0,8263.0,8352.0,8263.0,8263.0,8263.0,8263.0,8263.0,8263.0,8263.0,8263.0,8263.0,8263.0,8263.0,8263.0,8263.0,8263.0,8263.0,8263.0,8218.0,8263.0,8263.0,8263.0,8263.0,8218.0,8263.0,8263.0,8263.0,8263.0,8176.0,8263.0,8263.0,8263.0,8263.0,8263.0,8263.0,8174.0,8263.0,8263.0,8281.0,8281.0,8352.0,8263.0,8263.0,8491.0,8263.0,8281.0,8263.0,8352.0,8263.0,8263.0,8263.0,8263.0,8281.0,8263.0,8263.0,8263.0,8263.0,8263.0,8263.0,8263.0,8263.0,8263.0,8263.0,8263.0,8263.0,8263.0,8263.0,8263.0,8352.0,8263.0,8282.0,8263.0,8281.0,8263.0,8263.0,8263.0,8281.0,8352.0,8263.0,8263.0,8352.0,8263.0,8263.0,8263.0,8263.0,8263.0,8263.0,8263.0,8263.0,8263.0,8263.0,8263.0,8263.0,8263.0,8263.0,8263.0,8263.0,8263.0,8263.0,8263.0,8263.0,8263.0,8352.0,8263.0,8263.0,8281.0,8263.0,8263.0,8263.0,8352.0,8263.0,8352.0,8263.0,8352.0,8281.0,8263.0,8263.0,8263.0,8263.0,8263.0,8263.0,8281.0,8263.0,8281.0,8263.0,8263.0,8263.0,8352.0,8263.0,8263.0,8263.0,8263.0,8263.0,8263.0,8263.0,8263.0,8263.0,8263.0,8263.0,8263.0,8263.0,8263.0,8263.0,8263.0,8263.0,8263.0,8263.0,8352.0,8263.0,8352.0,8352.0,8263.0,8263.0,8263.0,8263.0,8263.0,8263.0,8282.0,8263.0,8263.0,8263.0,8263.0,8263.0,8263.0,8263.0,8263.0,8263.0,8263.0,8263.0,8263.0,8263.0,8263.0,8263.0,8352.0,8263.0,8292.0,8263.0,8263.0,8263.0,8352.0,8263.0,8263.0,8352.0,8263.0,8263.0,8263.0,8263.0,8263.0,8263.0,8263.0,8263.0,8352.0,8263.0,8263.0,8263.0,8352.0,8263.0,8263.0,8263.0,8263.0,8263.0,8263.0,8263.0,8263.0,8263.0,8263.0,8263.0,8352.0,8263.0,8352.0,8234.0,8263.0,8263.0,8263.0,8282.0,8263.0,8263.0,8352.0,8263.0,8352.0,8263.0,8263.0,8352.0,8352.0,8352.0,8263.0,8263.0,8282.0,8323.0,8263.0,8263.0,8352.0,8352.0,8282.0,8282.0,8352.0,8263.0,8352.0,8352.0,8352.0,8352.0,8364.0,8263.0,8352.0,8352.0,8282.0,8352.0,8352.0,8263.0,8352.0,8263.0,8352.0,8352.0,8352.0,8282.0,8352.0,8282.0,8352.0,8352.0,8282.0,8282.0,8282.0,8282.0,8282.0,8352.0,8352.0,8239.0,8282.0,8288.0,8282.0,8282.0,8282.0,8282.0,8263.0,8282.0,8282.0,8282.0,8282.0,8282.0,8282.0,8211.0,8282.0,8366.0,8282.0,8366.0,8282.0,8282.0,8364.0,8282.0,8263.0,8263.0,149.0,194.0,510.0,271.0,120.0,252.0,252.0,252.0,252.0,252.0,252.0,252.0,252.0,252.0,252.0,252.0,252.0,252.0,252.0,252.0,252.0,252.0,252.0,252.0,252.0,252.0,252.0,252.0,252.0,252.0,252.0,252.0,252.0,252.0,252.0,252.0,252.0,252.0,252.0,252.0,252.0,281.0,252.0,252.0,252.0,341.0,252.0,252.0,341.0,252.0,252.0,281.0,252.0,252.0,281.0,308.0,278.0,324.0,278.0,271.0,278.0,278.0,271.0,252.0,298.0,271.0,271.0,252.0,252.0,271.0,252.0,252.0,252.0,252.0,252.0,252.0,252.0,252.0,252.0,252.0,252.0,278.0,271.0,252.0,252.0,252.0,252.0,252.0,252.0,252.0,252.0,252.0,252.0,252.0,252.0,298.0,252.0,252.0,252.0,252.0,252.0,252.0,252.0,252.0,252.0,252.0,252.0,252.0,252.0,252.0,252.0,252.0,252.0,252.0,252.0,252.0,252.0,252.0,252.0,252.0,252.0,252.0,252.0,252.0,252.0,252.0,252.0,252.0,252.0,252.0,252.0,252.0,252.0,252.0,252.0,252.0,229.0,252.0,252.0,252.0,252.0,271.0,252.0,252.0,252.0,252.0,252.0,252.0,273.0,252.0,271.0,252.0,252.0,252.0,252.0,252.0,252.0,252.0,252.0,252.0,252.0,252.0,271.0,252.0,252.0,252.0,252.0,252.0,271.0,252.0,252.0,271.0,271.0,252.0,252.0,252.0,271.0,252.0,252.0,252.0,252.0,252.0,252.0,252.0,252.0,252.0,252.0,252.0,252.0,252.0,252.0,298.0,252.0,252.0,252.0,252.0,252.0,252.0,252.0,252.0,298.0,252.0,252.0,342.0,252.0,252.0,252.0,252.0,308.0,252.0,252.0,252.0,252.0,252.0,252.0,252.0,252.0,252.0,252.0,194.0,252.0,252.0,252.0,252.0,271.0,252.0,252.0,300.0,252.0,252.0,252.0,252.0,252.0,252.0,252.0,252.0,252.0,252.0,252.0,252.0,252.0,252.0,252.0,252.0,252.0,275.0,252.0,252.0,252.0,308.0,252.0,252.0,252.0,252.0,252.0,252.0,252.0,252.0,252.0,252.0,252.0,271.0,252.0,252.0,252.0,252.0,252.0,252.0,252.0,252.0,252.0,262.0,252.0,252.0,252.0,308.0,252.0,252.0,252.0,252.0,252.0,252.0,252.0,252.0,252.0,252.0,252.0,316.0,252.0,252.0,252.0,308.0,252.0,252.0,252.0,230.0,252.0,308.0,252.0,252.0,252.0,252.0,252.0,252.0,252.0,252.0,252.0,252.0,252.0,252.0,252.0,252.0,281.0,252.0,252.0,252.0,308.0,252.0,252.0,252.0,252.0,252.0,252.0,252.0,252.0,252.0,252.0,298.0,252.0,308.0,252.0,252.0,252.0,252.0,252.0,252.0,308.0,252.0,252.0,252.0,252.0,308.0,252.0,278.0,316.0,271.0,252.0,271.0,271.0,271.0,271.0,271.0,271.0,271.0,271.0,271.0,271.0,271.0,271.0,271.0,252.0,271.0,317.0,242.0,271.0,252.0,271.0,271.0,271.0,271.0,271.0,271.0,271.0,271.0,271.0,271.0,271.0,271.0,335.0,271.0,271.0,271.0,271.0
hDenV4/Colombia/NSA-UIS-0000004/2005,3101.0,3079.0,3079.0,3079.0,3079.0,3079.0,3079.0,3100.0,3079.0,3148.0,3132.0,3214.0,3101.0,3065.0,3067.0,3067.0,3067.0,3105.0,3067.0,3105.0,3105.0,3071.0,3071.0,3071.0,3071.0,3091.0,3091.0,3105.0,3079.0,3105.0,3071.0,3079.0,3071.0,3105.0,3125.0,3091.0,3071.0,3076.0,3071.0,3071.0,3071.0,3071.0,3071.0,3105.0,3071.0,3071.0,3057.0,3105.0,3079.0,3079.0,3079.0,3079.0,3115.0,3115.0,3115.0,3163.0,3071.0,3079.0,3137.0,3071.0,3079.0,3071.0,3071.0,3071.0,3079.0,3079.0,3105.0,3071.0,3079.0,3105.0,3105.0,3071.0,3071.0,3105.0,3071.0,3071.0,3079.0,3079.0,3079.0,3079.0,3084.0,3079.0,3079.0,3079.0,3079.0,3084.0,3079.0,3057.0,3105.0,3079.0,3079.0,3079.0,3079.0,3079.0,3071.0,3079.0,3071.0,3071.0,3071.0,3079.0,3071.0,3079.0,3079.0,3071.0,3079.0,3079.0,3079.0,3071.0,3071.0,3079.0,3071.0,3065.0,3079.0,3079.0,3067.0,3079.0,3079.0,3079.0,3079.0,3079.0,3079.0,3071.0,3079.0,3105.0,3079.0,3079.0,3079.0,3079.0,3015.0,3079.0,3079.0,3079.0,3065.0,3079.0,3079.0,3079.0,3079.0,3137.0,3079.0,3079.0,3079.0,3079.0,3137.0,3065.0,3079.0,3071.0,3079.0,3065.0,3079.0,3079.0,3079.0,3079.0,3071.0,3079.0,3079.0,3079.0,3079.0,3071.0,3079.0,3079.0,3079.0,3079.0,3079.0,3079.0,3064.0,3079.0,3079.0,3079.0,3116.0,3079.0,3079.0,3079.0,3079.0,3079.0,3079.0,3079.0,3079.0,3079.0,3058.0,3079.0,3079.0,3079.0,3052.0,3079.0,3079.0,3186.0,3079.0,3079.0,3066.0,3079.0,3119.0,3079.0,3079.0,3079.0,3079.0,3079.0,3079.0,3060.0,3079.0,3079.0,3079.0,3079.0,3067.0,3137.0,3079.0,3079.0,3079.0,3079.0,3079.0,3079.0,3079.0,3079.0,3079.0,3079.0,3186.0,3079.0,3079.0,3079.0,3079.0,3079.0,3071.0,3079.0,3148.0,3079.0,3079.0,3079.0,3079.0,3079.0,3079.0,3079.0,3071.0,3079.0,3071.0,3071.0,3079.0,3071.0,3079.0,3079.0,3079.0,3079.0,3137.0,3079.0,3079.0,3071.0,3071.0,3071.0,3079.0,3079.0,3071.0,3079.0,3137.0,3079.0,3079.0,3071.0,3079.0,3079.0,3079.0,3079.0,3079.0,3079.0,3079.0,3079.0,3079.0,3079.0,3079.0,3143.0,3079.0,3079.0,3079.0,3079.0,3079.0,3079.0,3079.0,3079.0,3100.0,3079.0,3079.0,3079.0,3079.0,3079.0,3079.0,3079.0,3079.0,3065.0,3155.0,3071.0,3079.0,3079.0,3079.0,3079.0,3079.0,3079.0,3079.0,3089.0,3079.0,3079.0,3079.0,3079.0,3079.0,3065.0,3079.0,3079.0,3079.0,3079.0,3100.0,3079.0,3079.0,3079.0,3079.0,3065.0,3079.0,3079.0,3079.0,3065.0,3079.0,3079.0,3079.0,3079.0,3079.0,3079.0,3079.0,3079.0,3079.0,3079.0,3079.0,3079.0,3079.0,3079.0,3079.0,3079.0,3079.0,3079.0,3167.0,3079.0,3079.0,3079.0,3079.0,3079.0,3137.0,3079.0,3043.0,3079.0,3079.0,3100.0,3079.0,3079.0,3027.0,3061.0,3079.0,3079.0,3079.0,3067.0,3079.0,3079.0,3079.0,3064.0,3137.0,3079.0,3066.0,3079.0,3079.0,3079.0,3079.0,3079.0,3079.0,3079.0,3079.0,3079.0,3137.0,3079.0,3079.0,3079.0,3079.0,3079.0,3079.0,3079.0,3137.0,3079.0,2990.0,3079.0,3079.0,3079.0,3079.0,3079.0,3079.0,3103.0,3079.0,3079.0,3079.0,3067.0,3079.0,3079.0,3079.0,3079.0,3079.0,3079.0,3079.0,3079.0,3079.0,3079.0,3079.0,3079.0,3079.0,3137.0,3079.0,3079.0,3079.0,3079.0,3079.0,3079.0,3079.0,3137.0,3106.0,3079.0,3137.0,3079.0,3079.0,3079.0,3079.0,3079.0,3079.0,3079.0,3079.0,3079.0,3142.0,3079.0,3079.0,3142.0,3067.0,3151.0,3079.0,3067.0,3079.0,3061.0,3079.0,3137.0,3079.0,3079.0,3079.0,3117.0,3079.0,3079.0,3079.0,3043.0,3079.0,3201.0,3079.0,3079.0,3079.0,3142.0,3067.0,3079.0,3079.0,3111.0,3079.0,3137.0,3079.0,3079.0,3067.0,3071.0,3079.0,3079.0,3079.0,3079.0,3079.0,3079.0,3079.0,3079.0,3079.0,3015.0,3079.0,3079.0,3065.0,3079.0,3137.0,3079.0,3079.0,3079.0,3079.0,3079.0,3079.0,3079.0,3079.0,3061.0,3079.0,3137.0,3079.0,3137.0,3079.0,3079.0,3106.0,3079.0,3079.0,3067.0,3079.0,3079.0,3079.0,3079.0,3137.0,3079.0,3079.0,3079.0,3079.0,3067.0,3137.0,3079.0,3137.0,3079.0,3079.0,3137.0,3079.0,3079.0,3079.0,3065.0,3079.0,3079.0,3079.0,3079.0,3079.0,3079.0,3111.0,3067.0,3079.0,3079.0,3015.0,3015.0,3015.0,3137.0,3099.0,3079.0,3079.0,3079.0,3160.0,3079.0,3079.0,3015.0,3111.0,3079.0,3089.0,3079.0,3015.0,3137.0,3067.0,3079.0,3079.0,3079.0,3015.0,3079.0,3079.0,3079.0,3067.0,3109.0,3015.0,3079.0,3079.0,3015.0,3015.0,3015.0,3079.0,3111.0,3079.0,3079.0,3079.0,3015.0,3079.0,3015.0,3079.0,3079.0,3079.0,3015.0,3079.0,3137.0,3079.0,3067.0,3079.0,3015.0,3079.0,3015.0,3079.0,3152.0,3015.0,3137.0,3079.0,3079.0,3079.0,3079.0,3079.0,3137.0,3137.0,3079.0,3079.0,3079.0,3079.0,3079.0,3015.0,3073.0,3015.0,3079.0,3079.0,3079.0,3015.0,3015.0,3079.0,3079.0,3079.0,3117.0,3137.0,3079.0,3079.0,3079.0,3111.0,3079.0,3079.0,3079.0,3079.0,3079.0,3079.0,3079.0,3079.0,3079.0,3079.0,3079.0,3079.0,3111.0,3111.0,3079.0,3079.0,3101.0,3079.0,3079.0,3079.0,3079.0,3079.0,3079.0,3079.0,3079.0,3079.0,3079.0,3079.0,3160.0,3079.0,3079.0,3088.0,2980.0,3079.0,3079.0,3079.0,3079.0,3079.0,3079.0,3100.0,3079.0,3079.0,3079.0,3079.0,3117.0,3079.0,3079.0,3068.0,3079.0,3079.0,3079.0,3079.0,3079.0,3079.0,3015.0,3138.0,3079.0,3079.0,3067.0,3079.0,3079.0,3160.0,3160.0,3079.0,3137.0,3015.0,3015.0,3015.0,3079.0,3079.0,3156.0,3039.0,2410.0,2483.0,2483.0,2515.0,2451.0,2430.0,2478.0,2401.0,2483.0,2483.0,2483.0,2483.0,2483.0,2529.0,2483.0,2483.0,2483.0,2529.0,2454.0,2483.0,2483.0,2483.0,2454.0,2483.0,2454.0,2521.0,2483.0,2512.0,2483.0,2454.0,2454.0,2483.0,2483.0,2483.0,2483.0,2483.0,2483.0,2483.0,2483.0,2483.0,2454.0,2454.0,2483.0,2483.0,2483.0,2483.0,2454.0,2483.0,2483.0,2483.0,2483.0,2454.0,2483.0,2483.0,2483.0,2483.0,2483.0,2483.0,2483.0,2454.0,2483.0,2483.0,2494.0,2483.0,2483.0,2483.0,2425.0,2454.0,2483.0,2483.0,2454.0,2483.0,2483.0,2483.0,2483.0,2483.0,2483.0,2454.0,2454.0,2483.0,2547.0,2483.0,2483.0,2454.0,2483.0,2483.0,2483.0,2483.0,2483.0,2483.0,2483.0,2454.0,2483.0,2483.0,2454.0,2483.0,2483.0,2483.0,2483.0,2483.0,2454.0,2454.0,2483.0,2483.0,2483.0,2483.0,2483.0,2483.0,2454.0,2483.0,2483.0,2483.0,2483.0,2483.0,2483.0,2483.0,2483.0,2454.0,2483.0,2483.0,2483.0,2483.0,2483.0,2483.0,2483.0,2483.0,2483.0,2577.0,2483.0,2454.0,2483.0,2483.0,2483.0,2483.0,2483.0,2483.0,2483.0,2483.0,2483.0,2483.0,2483.0,2483.0,2483.0,2483.0,2483.0,2483.0,2483.0,2483.0,2483.0,2483.0,2483.0,2483.0,2483.0,2483.0,2485.0,2483.0,2483.0,2483.0,2483.0,2483.0,2483.0,2483.0,2483.0,2483.0,2483.0,2483.0,2483.0,2483.0,2483.0,2483.0,2483.0,2483.0,2483.0,2483.0,2483.0,2483.0,2483.0,2483.0,2483.0,2483.0,2483.0,2483.0,2483.0,2483.0,2483.0,2483.0,2483.0,2483.0,2483.0,2483.0,2483.0,2483.0,2483.0,2483.0,2483.0,2483.0,2483.0,2483.0,2483.0,2483.0,2483.0,2483.0,2483.0,2483.0,2529.0,2483.0,2483.0,2483.0,2483.0,2483.0,2483.0,2483.0,2483.0,2483.0,2483.0,2483.0,2483.0,2483.0,2483.0,2483.0,2483.0,2483.0,2483.0,2483.0,2483.0,2483.0,2483.0,2483.0,2483.0,2483.0,2483.0,2483.0,2483.0,2483.0,2483.0,2483.0,2483.0,2483.0,2483.0,2483.0,2483.0,2483.0,2483.0,2483.0,2483.0,2483.0,2529.0,2483.0,2483.0,2483.0,2483.0,2483.0,2483.0,2483.0,2483.0,2483.0,2483.0,2483.0,2483.0,2483.0,2483.0,2483.0,2483.0,2483.0,2483.0,2483.0,2483.0,2483.0,2483.0,2483.0,2483.0,2483.0,2552.0,2483.0,2483.0,2483.0,2483.0,2483.0,2483.0,2483.0,2483.0,2483.0,2483.0,2483.0,2528.0,2483.0,2483.0,2457.0,2483.0,2483.0,2483.0,2483.0,2483.0,2483.0,2483.0,2483.0,2503.0,2483.0,2536.0,2483.0,2483.0,2483.0,2483.0,2483.0,2483.0,2483.0,2483.0,2483.0,2483.0,2483.0,2483.0,2529.0,2483.0,2483.0,2483.0,2529.0,2483.0,2483.0,2483.0,2483.0,2483.0,2529.0,2483.0,2483.0,2483.0,2483.0,2483.0,2483.0,2483.0,2483.0,2483.0,2483.0,2483.0,2483.0,2483.0,2483.0,2483.0,2483.0,2483.0,2483.0,2483.0,2483.0,2483.0,2483.0,2483.0,2483.0,2483.0,2483.0,2512.0,2483.0,2483.0,2483.0,2483.0,2483.0,2521.0,2483.0,2483.0,2483.0,2521.0,2483.0,2483.0,2483.0,2483.0,2483.0,2483.0,2512.0,2512.0,2483.0,2483.0,2483.0,2483.0,2483.0,2483.0,2512.0,2483.0,2385.0,2483.0,2483.0,2483.0,2483.0,2483.0,2483.0,2497.0,2483.0,2483.0,2483.0,2483.0,2483.0,2419.0,2483.0,2483.0,2483.0,2483.0,2483.0,2483.0,2483.0,2483.0,2483.0,2483.0,2483.0,2483.0,2483.0,2483.0,2483.0,2483.0,2483.0,2483.0,2483.0,2457.0,2483.0,2483.0,2483.0,2483.0,2512.0,2483.0,2483.0,2483.0,2483.0,2483.0,2483.0,2483.0,2483.0,2483.0,2483.0,2483.0,2483.0,2483.0,2483.0,2483.0,2483.0,2483.0,2483.0,2483.0,2483.0,2483.0,2483.0,2512.0,2483.0,2483.0,2483.0,2483.0,2483.0,2483.0,2483.0,8263.0,8269.0,8263.0,8252.0,8263.0,8263.0,8237.0,8281.0,8263.0,8263.0,8324.0,8304.0,8263.0,8346.0,8498.0,8282.0,8263.0,8263.0,8263.0,8263.0,8263.0,8263.0,8263.0,8263.0,8263.0,8263.0,8263.0,8263.0,8263.0,8263.0,8263.0,8263.0,8263.0,8263.0,8263.0,8263.0,8258.0,8263.0,8263.0,8263.0,8263.0,8263.0,8263.0,8263.0,8263.0,8263.0,8263.0,8263.0,8263.0,8263.0,8263.0,8263.0,8263.0,8263.0,8304.0,8263.0,8263.0,8263.0,8263.0,8263.0,8263.0,8263.0,8263.0,8263.0,8263.0,8263.0,8263.0,8263.0,8304.0,8263.0,8263.0,8263.0,8263.0,8263.0,8263.0,8263.0,8263.0,8263.0,8263.0,8263.0,8263.0,8263.0,8263.0,8263.0,8263.0,8263.0,8263.0,8263.0,8263.0,8263.0,8263.0,8263.0,8292.0,8260.0,8263.0,8352.0,8263.0,8263.0,8263.0,8263.0,8263.0,8263.0,8263.0,8352.0,8263.0,8263.0,8263.0,8263.0,8263.0,8281.0,8281.0,8352.0,8263.0,8263.0,8263.0,8244.0,8263.0,8283.0,8263.0,8263.0,8263.0,8263.0,8263.0,8263.0,8269.0,8263.0,8263.0,8263.0,8263.0,8263.0,8174.0,8263.0,8263.0,8263.0,8263.0,8263.0,8263.0,8263.0,8263.0,8263.0,8263.0,8263.0,8263.0,8263.0,8263.0,8263.0,8263.0,8263.0,8263.0,8263.0,8263.0,8352.0,8275.0,8263.0,8263.0,8263.0,8263.0,8263.0,8263.0,8263.0,8263.0,8263.0,8263.0,8292.0,8281.0,8281.0,8263.0,8269.0,8263.0,8269.0,8263.0,8263.0,8263.0,8412.0,8352.0,8263.0,8263.0,8263.0,8262.0,8263.0,8263.0,8263.0,8352.0,8263.0,8263.0,8263.0,8263.0,8263.0,8263.0,8263.0,8263.0,8263.0,8263.0,8263.0,8263.0,8263.0,8263.0,8263.0,8263.0,8218.0,8263.0,8263.0,8263.0,8263.0,8218.0,8263.0,8263.0,8263.0,8263.0,8176.0,8263.0,8263.0,8263.0,8263.0,8263.0,8263.0,8174.0,8263.0,8263.0,8281.0,8281.0,8352.0,8263.0,8263.0,8491.0,8263.0,8281.0,8263.0,8352.0,8263.0,8263.0,8263.0,8263.0,8281.0,8263.0,8263.0,8263.0,8263.0,8263.0,8263.0,8263.0,8263.0,8263.0,8263.0,8263.0,8263.0,8263.0,8263.0,8263.0,8352.0,8263.0,8282.0,8263.0,8281.0,8263.0,8263.0,8263.0,8281.0,8352.0,8263.0,8263.0,8352.0,8263.0,8263.0,8263.0,8263.0,8263.0,8263.0,8263.0,8263.0,8263.0,8263.0,8263.0,8263.0,8263.0,8263.0,8263.0,8263.0,8263.0,8263.0,8263.0,8263.0,8263.0,8352.0,8263.0,8263.0,8281.0,8263.0,8263.0,8263.0,8352.0,8263.0,8352.0,8263.0,8352.0,8281.0,8263.0,8263.0,8263.0,8263.0,8263.0,8263.0,8281.0,8263.0,8281.0,8263.0,8263.0,8263.0,8352.0,8263.0,8263.0,8263.0,8263.0,8263.0,8263.0,8263.0,8263.0,8263.0,8263.0,8263.0,8263.0,8263.0,8263.0,8263.0,8263.0,8263.0,8263.0,8263.0,8352.0,8263.0,8352.0,8352.0,8263.0,8263.0,8263.0,8263.0,8263.0,8263.0,8282.0,8263.0,8263.0,8263.0,8263.0,8263.0,8263.0,8263.0,8263.0,8263.0,8263.0,8263.0,8263.0,8263.0,8263.0,8263.0,8352.0,8263.0,8292.0,8263.0,8263.0,8263.0,8352.0,8263.0,8263.0,8352.0,8263.0,8263.0,8263.0,8263.0,8263.0,8263.0,8263.0,8263.0,8352.0,8263.0,8263.0,8263.0,8352.0,8263.0,8263.0,8263.0,8263.0,8263.0,8263.0,8263.0,8263.0,8263.0,8263.0,8263.0,8352.0,8263.0,8352.0,8234.0,8263.0,8263.0,8263.0,8282.0,8263.0,8263.0,8352.0,8263.0,8352.0,8263.0,8263.0,8352.0,8352.0,8352.0,8263.0,8263.0,8282.0,8323.0,8263.0,8263.0,8352.0,8352.0,8282.0,8282.0,8352.0,8263.0,8352.0,8352.0,8352.0,8352.0,8364.0,8263.0,8352.0,8352.0,8282.0,8352.0,8352.0,8263.0,8352.0,8263.0,8352.0,8352.0,8352.0,8282.0,8352.0,8282.0,8352.0,8352.0,8282.0,8282.0,8282.0,8282.0,8282.0,8352.0,8352.0,8239.0,8282.0,8288.0,8282.0,8282.0,8282.0,8282.0,8263.0,8282.0,8282.0,8282.0,8282.0,8282.0,8282.0,8211.0,8282.0,8366.0,8282.0,8366.0,8282.0,8282.0,8364.0,8282.0,8263.0,8263.0,149.0,194.0,510.0,271.0,120.0,252.0,252.0,252.0,252.0,252.0,252.0,252.0,252.0,252.0,252.0,252.0,252.0,252.0,252.0,252.0,252.0,252.0,252.0,252.0,252.0,252.0,252.0,252.0,252.0,252.0,252.0,252.0,252.0,252.0,252.0,252.0,252.0,252.0,252.0,252.0,252.0,281.0,252.0,252.0,252.0,341.0,252.0,252.0,341.0,252.0,252.0,281.0,252.0,252.0,281.0,308.0,278.0,324.0,278.0,271.0,278.0,278.0,271.0,252.0,298.0,271.0,271.0,252.0,252.0,271.0,252.0,252.0,252.0,252.0,252.0,252.0,252.0,252.0,252.0,252.0,252.0,278.0,271.0,252.0,252.0,252.0,252.0,252.0,252.0,252.0,252.0,252.0,252.0,252.0,252.0,298.0,252.0,252.0,252.0,252.0,252.0,252.0,252.0,252.0,252.0,252.0,252.0,252.0,252.0,252.0,252.0,252.0,252.0,252.0,252.0,252.0,252.0,252.0,252.0,252.0,252.0,252.0,252.0,252.0,252.0,252.0,252.0,252.0,252.0,252.0,252.0,252.0,252.0,252.0,252.0,252.0,229.0,252.0,252.0,252.0,252.0,271.0,252.0,252.0,252.0,252.0,252.0,252.0,273.0,252.0,271.0,252.0,252.0,252.0,252.0,252.0,252.0,252.0,252.0,252.0,252.0,252.0,271.0,252.0,252.0,252.0,252.0,252.0,271.0,252.0,252.0,271.0,271.0,252.0,252.0,252.0,271.0,252.0,252.0,252.0,252.0,252.0,252.0,252.0,252.0,252.0,252.0,252.0,252.0,252.0,252.0,298.0,252.0,252.0,252.0,252.0,252.0,252.0,252.0,252.0,298.0,252.0,252.0,342.0,252.0,252.0,252.0,252.0,308.0,252.0,252.0,252.0,252.0,252.0,252.0,252.0,252.0,252.0,252.0,194.0,252.0,252.0,252.0,252.0,271.0,252.0,252.0,300.0,252.0,252.0,252.0,252.0,252.0,252.0,252.0,252.0,252.0,252.0,252.0,252.0,252.0,252.0,252.0,252.0,252.0,275.0,252.0,252.0,252.0,308.0,252.0,252.0,252.0,252.0,252.0,252.0,252.0,252.0,252.0,252.0,252.0,271.0,252.0,252.0,252.0,252.0,252.0,252.0,252.0,252.0,252.0,262.0,252.0,252.0,252.0,308.0,252.0,252.0,252.0,252.0,252.0,252.0,252.0,252.0,252.0,252.0,252.0,316.0,252.0,252.0,252.0,308.0,252.0,252.0,252.0,230.0,252.0,308.0,252.0,252.0,252.0,252.0,252.0,252.0,252.0,252.0,252.0,252.0,252.0,252.0,252.0,252.0,281.0,252.0,252.0,252.0,308.0,252.0,252.0,252.0,252.0,252.0,252.0,252.0,252.0,252.0,252.0,298.0,252.0,308.0,252.0,252.0,252.0,252.0,252.0,252.0,308.0,252.0,252.0,252.0,252.0,308.0,252.0,278.0,316.0,271.0,252.0,271.0,271.0,271.0,271.0,271.0,271.0,271.0,271.0,271.0,271.0,271.0,271.0,271.0,252.0,271.0,317.0,242.0,271.0,252.0,271.0,271.0,271.0,271.0,271.0,271.0,271.0,271.0,271.0,271.0,271.0,271.0,335.0,271.0,271.0,271.0,271.0
hDenV4/Colombia/RIS-INS-426553/2013,3125.0,3103.0,3103.0,3103.0,3103.0,3103.0,3103.0,3124.0,3103.0,3172.0,3156.0,3238.0,3125.0,3089.0,3091.0,3091.0,3091.0,3129.0,3091.0,3129.0,3129.0,3095.0,3095.0,3095.0,3095.0,3115.0,3115.0,3129.0,3103.0,3129.0,3095.0,3103.0,3095.0,3129.0,3149.0,3115.0,3095.0,3100.0,3095.0,3095.0,3095.0,3095.0,3095.0,3129.0,3095.0,3095.0,3081.0,3129.0,3103.0,3103.0,3103.0,3103.0,3139.0,3139.0,3139.0,3187.0,3095.0,3103.0,3161.0,3095.0,3103.0,3095.0,3095.0,3095.0,3103.0,3103.0,3129.0,3095.0,3103.0,3129.0,3129.0,3095.0,3095.0,3129.0,3095.0,3095.0,3103.0,3103.0,3103.0,3103.0,3108.0,3103.0,3103.0,3103.0,3103.0,3108.0,3103.0,3081.0,3129.0,3103.0,3103.0,3103.0,3103.0,3103.0,3095.0,3103.0,3095.0,3095.0,3095.0,3103.0,3095.0,3103.0,3103.0,3095.0,3103.0,3103.0,3103.0,3095.0,3095.0,3103.0,3095.0,3089.0,3103.0,3103.0,3091.0,3103.0,3103.0,3103.0,3103.0,3103.0,3103.0,3095.0,3103.0,3129.0,3103.0,3103.0,3103.0,3103.0,3039.0,3103.0,3103.0,3103.0,3089.0,3103.0,3103.0,3103.0,3103.0,3161.0,3103.0,3103.0,3103.0,3103.0,3161.0,3089.0,3103.0,3095.0,3103.0,3089.0,3103.0,3103.0,3103.0,3103.0,3095.0,3103.0,3103.0,3103.0,3103.0,3095.0,3103.0,3103.0,3103.0,3103.0,3103.0,3103.0,3088.0,3103.0,3103.0,3103.0,3140.0,3103.0,3103.0,3103.0,3103.0,3103.0,3103.0,3103.0,3103.0,3103.0,3082.0,3103.0,3103.0,3103.0,3076.0,3103.0,3103.0,3210.0,3103.0,3103.0,3090.0,3103.0,3143.0,3103.0,3103.0,3103.0,3103.0,3103.0,3103.0,3084.0,3103.0,3103.0,3103.0,3103.0,3091.0,3161.0,3103.0,3103.0,3103.0,3103.0,3103.0,3103.0,3103.0,3103.0,3103.0,3103.0,3210.0,3103.0,3103.0,3103.0,3103.0,3103.0,3095.0,3103.0,3172.0,3103.0,3103.0,3103.0,3103.0,3103.0,3103.0,3103.0,3095.0,3103.0,3095.0,3095.0,3103.0,3095.0,3103.0,3103.0,3103.0,3103.0,3161.0,3103.0,3103.0,3095.0,3095.0,3095.0,3103.0,3103.0,3095.0,3103.0,3161.0,3103.0,3103.0,3095.0,3103.0,3103.0,3103.0,3103.0,3103.0,3103.0,3103.0,3103.0,3103.0,3103.0,3103.0,3167.0,3103.0,3103.0,3103.0,3103.0,3103.0,3103.0,3103.0,3103.0,3124.0,3103.0,3103.0,3103.0,3103.0,3103.0,3103.0,3103.0,3103.0,3089.0,3179.0,3095.0,3103.0,3103.0,3103.0,3103.0,3103.0,3103.0,3103.0,3113.0,3103.0,3103.0,3103.0,3103.0,3103.0,3089.0,3103.0,3103.0,3103.0,3103.0,3124.0,3103.0,3103.0,3103.0,3103.0,3089.0,3103.0,3103.0,3103.0,3089.0,3103.0,3103.0,3103.0,3103.0,3103.0,3103.0,3103.0,3103.0,3103.0,3103.0,3103.0,3103.0,3103.0,3103.0,3103.0,3103.0,3103.0,3103.0,3191.0,3103.0,3103.0,3103.0,3103.0,3103.0,3161.0,3103.0,3067.0,3103.0,3103.0,3124.0,3103.0,3103.0,3051.0,3085.0,3103.0,3103.0,3103.0,3091.0,3103.0,3103.0,3103.0,3088.0,3161.0,3103.0,3090.0,3103.0,3103.0,3103.0,3103.0,3103.0,3103.0,3103.0,3103.0,3103.0,3161.0,3103.0,3103.0,3103.0,3103.0,3103.0,3103.0,3103.0,3161.0,3103.0,3014.0,3103.0,3103.0,3103.0,3103.0,3103.0,3103.0,3127.0,3103.0,3103.0,3103.0,3091.0,3103.0,3103.0,3103.0,3103.0,3103.0,3103.0,3103.0,3103.0,3103.0,3103.0,3103.0,3103.0,3103.0,3161.0,3103.0,3103.0,3103.0,3103.0,3103.0,3103.0,3103.0,3161.0,3130.0,3103.0,3161.0,3103.0,3103.0,3103.0,3103.0,3103.0,3103.0,3103.0,3103.0,3103.0,3166.0,3103.0,3103.0,3166.0,3091.0,3175.0,3103.0,3091.0,3103.0,3085.0,3103.0,3161.0,3103.0,3103.0,3103.0,3141.0,3103.0,3103.0,3103.0,3067.0,3103.0,3225.0,3103.0,3103.0,3103.0,3166.0,3091.0,3103.0,3103.0,3135.0,3103.0,3161.0,3103.0,3103.0,3091.0,3095.0,3103.0,3103.0,3103.0,3103.0,3103.0,3103.0,3103.0,3103.0,3103.0,3039.0,3103.0,3103.0,3089.0,3103.0,3161.0,3103.0,3103.0,3103.0,3103.0,3103.0,3103.0,3103.0,3103.0,3085.0,3103.0,3161.0,3103.0,3161.0,3103.0,3103.0,3130.0,3103.0,3103.0,3091.0,3103.0,3103.0,3103.0,3103.0,3161.0,3103.0,3103.0,3103.0,3103.0,3091.0,3161.0,3103.0,3161.0,3103.0,3103.0,3161.0,3103.0,3103.0,3103.0,3089.0,3103.0,3103.0,3103.0,3103.0,3103.0,3103.0,3135.0,3091.0,3103.0,3103.0,3039.0,3039.0,3039.0,3161.0,3123.0,3103.0,3103.0,3103.0,3184.0,3103.0,3103.0,3039.0,3135.0,3103.0,3113.0,3103.0,3039.0,3161.0,3091.0,3103.0,3103.0,3103.0,3039.0,3103.0,3103.0,3103.0,3091.0,3133.0,3039.0,3103.0,3103.0,3039.0,3039.0,3039.0,3103.0,3135.0,3103.0,3103.0,3103.0,3039.0,3103.0,3039.0,3103.0,3103.0,3103.0,3039.0,3103.0,3161.0,3103.0,3091.0,3103.0,3039.0,3103.0,3039.0,3103.0,3176.0,3039.0,3161.0,3103.0,3103.0,3103.0,3103.0,3103.0,3161.0,3161.0,3103.0,3103.0,3103.0,3103.0,3103.0,3039.0,3097.0,3039.0,3103.0,3103.0,3103.0,3039.0,3039.0,3103.0,3103.0,3103.0,3141.0,3161.0,3103.0,3103.0,3103.0,3135.0,3103.0,3103.0,3103.0,3103.0,3103.0,3103.0,3103.0,3103.0,3103.0,3103.0,3103.0,3103.0,3135.0,3135.0,3103.0,3103.0,3125.0,3103.0,3103.0,3103.0,3103.0,3103.0,3103.0,3103.0,3103.0,3103.0,3103.0,3103.0,3184.0,3103.0,3103.0,3112.0,3004.0,3103.0,3103.0,3103.0,3103.0,3103.0,3103.0,3124.0,3103.0,3103.0,3103.0,3103.0,3141.0,3103.0,3103.0,3132.0,3103.0,3103.0,3103.0,3103.0,3103.0,3103.0,3039.0,3162.0,3103.0,3103.0,3091.0,3103.0,3103.0,3184.0,3184.0,3103.0,3161.0,3039.0,3039.0,3039.0,3103.0,3103.0,3180.0,3063.0,2474.0,2547.0,2547.0,2579.0,2515.0,2494.0,2542.0,2465.0,2547.0,2547.0,2547.0,2547.0,2547.0,2593.0,2547.0,2547.0,2547.0,2593.0,2518.0,2547.0,2547.0,2547.0,2518.0,2547.0,2518.0,2585.0,2547.0,2576.0,2547.0,2518.0,2518.0,2547.0,2547.0,2547.0,2547.0,2547.0,2547.0,2547.0,2547.0,2547.0,2518.0,2518.0,2547.0,2547.0,2547.0,2547.0,2518.0,2547.0,2547.0,2547.0,2547.0,2518.0,2547.0,2547.0,2547.0,2547.0,2547.0,2547.0,2547.0,2518.0,2547.0,2547.0,2558.0,2547.0,2547.0,2547.0,2489.0,2518.0,2547.0,2547.0,2518.0,2547.0,2547.0,2547.0,2547.0,2547.0,2547.0,2518.0,2518.0,2547.0,2611.0,2547.0,2547.0,2518.0,2547.0,2547.0,2547.0,2547.0,2547.0,2547.0,2547.0,2518.0,2547.0,2547.0,2518.0,2547.0,2547.0,2547.0,2547.0,2547.0,2518.0,2518.0,2547.0,2547.0,2547.0,2547.0,2547.0,2547.0,2518.0,2547.0,2547.0,2547.0,2547.0,2547.0,2547.0,2547.0,2547.0,2518.0,2547.0,2547.0,2547.0,2547.0,2547.0,2547.0,2547.0,2547.0,2547.0,2641.0,2547.0,2518.0,2547.0,2547.0,2547.0,2547.0,2547.0,2547.0,2547.0,2547.0,2547.0,2547.0,2547.0,2547.0,2547.0,2547.0,2547.0,2547.0,2547.0,2547.0,2547.0,2547.0,2547.0,2547.0,2547.0,2547.0,2549.0,2547.0,2547.0,2547.0,2547.0,2547.0,2547.0,2547.0,2547.0,2547.0,2547.0,2547.0,2547.0,2547.0,2547.0,2547.0,2547.0,2547.0,2547.0,2547.0,2547.0,2547.0,2547.0,2547.0,2547.0,2547.0,2547.0,2547.0,2547.0,2547.0,2547.0,2547.0,2547.0,2547.0,2547.0,2547.0,2547.0,2547.0,2547.0,2547.0,2547.0,2547.0,2547.0,2547.0,2547.0,2547.0,2547.0,2547.0,2547.0,2547.0,2593.0,2547.0,2547.0,2547.0,2547.0,2547.0,2547.0,2547.0,2547.0,2547.0,2547.0,2547.0,2547.0,2547.0,2547.0,2547.0,2547.0,2547.0,2547.0,2547.0,2547.0,2547.0,2547.0,2547.0,2547.0,2547.0,2547.0,2547.0,2547.0,2547.0,2547.0,2547.0,2547.0,2547.0,2547.0,2547.0,2547.0,2547.0,2547.0,2547.0,2547.0,2547.0,2593.0,2547.0,2547.0,2547.0,2547.0,2547.0,2547.0,2547.0,2547.0,2547.0,2547.0,2547.0,2547.0,2547.0,2547.0,2547.0,2547.0,2547.0,2547.0,2547.0,2547.0,2547.0,2547.0,2547.0,2547.0,2547.0,2616.0,2547.0,2547.0,2547.0,2547.0,2547.0,2547.0,2547.0,2547.0,2547.0,2547.0,2547.0,2502.0,2547.0,2547.0,2521.0,2547.0,2547.0,2547.0,2547.0,2547.0,2547.0,2547.0,2547.0,2567.0,2547.0,2600.0,2547.0,2547.0,2547.0,2547.0,2547.0,2547.0,2547.0,2547.0,2547.0,2547.0,2547.0,2547.0,2593.0,2547.0,2547.0,2547.0,2593.0,2547.0,2547.0,2547.0,2547.0,2547.0,2593.0,2547.0,2547.0,2547.0,2547.0,2547.0,2547.0,2547.0,2547.0,2547.0,2547.0,2547.0,2547.0,2547.0,2547.0,2547.0,2547.0,2547.0,2547.0,2547.0,2547.0,2547.0,2547.0,2547.0,2547.0,2547.0,2547.0,2576.0,2547.0,2547.0,2547.0,2547.0,2547.0,2585.0,2547.0,2547.0,2547.0,2585.0,2547.0,2547.0,2547.0,2547.0,2547.0,2547.0,2576.0,2576.0,2547.0,2547.0,2547.0,2547.0,2547.0,2547.0,2576.0,2547.0,2449.0,2547.0,2547.0,2547.0,2547.0,2547.0,2547.0,2561.0,2547.0,2547.0,2547.0,2547.0,2547.0,2483.0,2547.0,2547.0,2547.0,2547.0,2547.0,2547.0,2547.0,2547.0,2547.0,2547.0,2547.0,2547.0,2547.0,2547.0,2547.0,2547.0,2547.0,2547.0,2547.0,2521.0,2547.0,2547.0,2547.0,2547.0,2576.0,2547.0,2547.0,2547.0,2547.0,2547.0,2547.0,2547.0,2547.0,2547.0,2547.0,2547.0,2547.0,2547.0,2547.0,2547.0,2547.0,2547.0,2547.0,2547.0,2547.0,2547.0,2547.0,2576.0,2547.0,2547.0,2547.0,2547.0,2547.0,2547.0,2547.0,8230.0,8236.0,8230.0,8219.0,8230.0,8230.0,8204.0,8248.0,8230.0,8230.0,8291.0,8271.0,8230.0,8313.0,8465.0,8249.0,8230.0,8230.0,8230.0,8230.0,8230.0,8230.0,8230.0,8230.0,8230.0,8230.0,8230.0,8230.0,8230.0,8230.0,8230.0,8230.0,8230.0,8230.0,8230.0,8230.0,8225.0,8230.0,8230.0,8230.0,8230.0,8230.0,8230.0,8230.0,8230.0,8230.0,8230.0,8230.0,8230.0,8230.0,8230.0,8230.0,8230.0,8230.0,8271.0,8230.0,8230.0,8230.0,8230.0,8230.0,8230.0,8230.0,8230.0,8230.0,8230.0,8230.0,8230.0,8230.0,8271.0,8230.0,8230.0,8230.0,8230.0,8230.0,8230.0,8230.0,8230.0,8230.0,8230.0,8230.0,8230.0,8230.0,8230.0,8230.0,8230.0,8230.0,8230.0,8230.0,8230.0,8230.0,8230.0,8230.0,8259.0,8227.0,8230.0,8319.0,8230.0,8230.0,8230.0,8230.0,8230.0,8230.0,8230.0,8319.0,8230.0,8230.0,8230.0,8230.0,8230.0,8248.0,8248.0,8319.0,8230.0,8230.0,8230.0,8211.0,8230.0,8250.0,8230.0,8230.0,8230.0,8230.0,8230.0,8230.0,8236.0,8230.0,8230.0,8230.0,8230.0,8230.0,8141.0,8230.0,8230.0,8230.0,8230.0,8230.0,8230.0,8230.0,8230.0,8230.0,8230.0,8230.0,8230.0,8230.0,8230.0,8230.0,8230.0,8230.0,8230.0,8230.0,8230.0,8319.0,8242.0,8230.0,8230.0,8230.0,8230.0,8230.0,8230.0,8230.0,8230.0,8230.0,8230.0,8259.0,8248.0,8248.0,8230.0,8236.0,8230.0,8236.0,8230.0,8230.0,8230.0,8379.0,8319.0,8230.0,8230.0,8230.0,8229.0,8230.0,8230.0,8230.0,8319.0,8230.0,8230.0,8230.0,8230.0,8230.0,8230.0,8230.0,8230.0,8230.0,8230.0,8230.0,8230.0,8230.0,8230.0,8230.0,8230.0,8185.0,8230.0,8230.0,8230.0,8230.0,8185.0,8230.0,8230.0,8230.0,8230.0,8143.0,8230.0,8230.0,8230.0,8230.0,8230.0,8230.0,8141.0,8230.0,8230.0,8248.0,8248.0,8319.0,8230.0,8230.0,8458.0,8230.0,8248.0,8230.0,8319.0,8230.0,8230.0,8230.0,8230.0,8248.0,8230.0,8230.0,8230.0,8230.0,8230.0,8230.0,8230.0,8230.0,8230.0,8230.0,8230.0,8230.0,8230.0,8230.0,8230.0,8319.0,8230.0,8249.0,8230.0,8248.0,8230.0,8230.0,8230.0,8248.0,8319.0,8230.0,8230.0,8319.0,8230.0,8230.0,8230.0,8230.0,8230.0,8230.0,8230.0,8230.0,8230.0,8230.0,8230.0,8230.0,8230.0,8230.0,8230.0,8230.0,8230.0,8230.0,8230.0,8230.0,8230.0,8319.0,8230.0,8230.0,8248.0,8230.0,8230.0,8230.0,8319.0,8230.0,8319.0,8230.0,8319.0,8248.0,8230.0,8230.0,8230.0,8230.0,8230.0,8230.0,8248.0,8230.0,8248.0,8230.0,8230.0,8230.0,8319.0,8230.0,8230.0,8230.0,8230.0,8230.0,8230.0,8230.0,8230.0,8230.0,8230.0,8230.0,8230.0,8230.0,8230.0,8230.0,8230.0,8230.0,8230.0,8230.0,8319.0,8230.0,8319.0,8319.0,8230.0,8230.0,8230.0,8230.0,8230.0,8230.0,8249.0,8230.0,8230.0,8230.0,8230.0,8230.0,8230.0,8230.0,8230.0,8230.0,8230.0,8230.0,8230.0,8230.0,8230.0,8230.0,8319.0,8230.0,8259.0,8230.0,8230.0,8230.0,8319.0,8230.0,8230.0,8319.0,8230.0,8230.0,8230.0,8230.0,8230.0,8230.0,8230.0,8230.0,8319.0,8230.0,8230.0,8230.0,8319.0,8230.0,8230.0,8230.0,8230.0,8230.0,8230.0,8230.0,8230.0,8230.0,8230.0,8230.0,8319.0,8230.0,8319.0,8201.0,8230.0,8230.0,8230.0,8249.0,8230.0,8230.0,8319.0,8230.0,8319.0,8230.0,8230.0,8319.0,8319.0,8319.0,8230.0,8230.0,8249.0,8290.0,8230.0,8230.0,8319.0,8319.0,8249.0,8249.0,8319.0,8230.0,8319.0,8319.0,8319.0,8319.0,8331.0,8230.0,8319.0,8319.0,8249.0,8319.0,8319.0,8230.0,8319.0,8230.0,8319.0,8319.0,8319.0,8249.0,8319.0,8249.0,8319.0,8319.0,8249.0,8249.0,8249.0,8249.0,8249.0,8319.0,8319.0,8206.0,8249.0,8255.0,8249.0,8249.0,8249.0,8249.0,8230.0,8249.0,8249.0,8249.0,8249.0,8249.0,8249.0,8178.0,8249.0,8333.0,8249.0,8333.0,8249.0,8249.0,8331.0,8249.0,8230.0,8230.0,173.0,218.0,534.0,295.0,144.0,276.0,276.0,276.0,276.0,276.0,276.0,276.0,276.0,276.0,276.0,276.0,276.0,276.0,276.0,276.0,276.0,276.0,276.0,276.0,276.0,276.0,276.0,276.0,276.0,276.0,276.0,276.0,276.0,276.0,276.0,276.0,276.0,276.0,276.0,276.0,276.0,305.0,276.0,276.0,276.0,365.0,276.0,276.0,365.0,276.0,276.0,305.0,276.0,276.0,292.0,332.0,302.0,348.0,302.0,295.0,302.0,302.0,295.0,276.0,322.0,295.0,295.0,276.0,276.0,295.0,276.0,276.0,276.0,276.0,276.0,276.0,276.0,276.0,276.0,276.0,276.0,302.0,295.0,276.0,276.0,276.0,276.0,276.0,276.0,276.0,276.0,276.0,276.0,276.0,276.0,322.0,276.0,276.0,276.0,276.0,276.0,276.0,276.0,276.0,276.0,276.0,276.0,276.0,276.0,276.0,276.0,276.0,276.0,276.0,276.0,276.0,276.0,276.0,276.0,276.0,276.0,276.0,276.0,276.0,276.0,276.0,276.0,276.0,276.0,276.0,276.0,276.0,276.0,276.0,276.0,276.0,253.0,276.0,276.0,276.0,276.0,295.0,276.0,276.0,276.0,276.0,276.0,276.0,297.0,276.0,295.0,276.0,276.0,276.0,276.0,276.0,276.0,276.0,276.0,276.0,276.0,276.0,295.0,276.0,276.0,276.0,276.0,276.0,295.0,276.0,276.0,295.0,295.0,276.0,276.0,276.0,295.0,276.0,276.0,276.0,276.0,276.0,276.0,276.0,276.0,276.0,276.0,276.0,276.0,276.0,276.0,322.0,276.0,276.0,276.0,276.0,276.0,276.0,276.0,276.0,322.0,276.0,276.0,366.0,276.0,276.0,276.0,276.0,332.0,276.0,276.0,276.0,276.0,276.0,276.0,276.0,276.0,276.0,276.0,218.0,276.0,276.0,276.0,276.0,295.0,276.0,276.0,324.0,276.0,276.0,276.0,276.0,276.0,276.0,276.0,276.0,276.0,276.0,276.0,276.0,276.0,276.0,276.0,276.0,276.0,299.0,276.0,276.0,276.0,332.0,276.0,276.0,276.0,276.0,276.0,276.0,276.0,276.0,276.0,276.0,276.0,295.0,276.0,276.0,276.0,276.0,276.0,276.0,276.0,276.0,276.0,286.0,276.0,276.0,276.0,332.0,276.0,276.0,276.0,276.0,276.0,276.0,276.0,276.0,276.0,276.0,276.0,340.0,276.0,276.0,276.0,332.0,276.0,276.0,276.0,254.0,276.0,332.0,276.0,276.0,276.0,276.0,276.0,276.0,276.0,276.0,276.0,276.0,276.0,276.0,276.0,276.0,305.0,276.0,276.0,276.0,332.0,276.0,276.0,276.0,276.0,276.0,276.0,276.0,276.0,276.0,276.0,322.0,276.0,332.0,276.0,276.0,276.0,276.0,276.0,276.0,332.0,276.0,276.0,276.0,276.0,332.0,276.0,302.0,340.0,295.0,276.0,295.0,295.0,295.0,295.0,295.0,295.0,295.0,295.0,295.0,295.0,295.0,295.0,295.0,276.0,295.0,341.0,266.0,295.0,276.0,295.0,295.0,295.0,295.0,295.0,295.0,295.0,295.0,295.0,295.0,295.0,295.0,359.0,295.0,295.0,295.0,295.0
hDenV4/Colombia/SAN-BROAD-0000027/2001,3179.0,3157.0,3157.0,3157.0,3157.0,3157.0,3157.0,3178.0,3157.0,3226.0,3210.0,3292.0,3179.0,3143.0,3145.0,3145.0,3145.0,3183.0,3145.0,3183.0,3183.0,3149.0,3149.0,3149.0,3149.0,3169.0,3169.0,3183.0,3157.0,3183.0,3149.0,3157.0,3149.0,3183.0,3203.0,3169.0,3149.0,3154.0,3149.0,3149.0,3149.0,3149.0,3149.0,3183.0,3149.0,3149.0,3135.0,3183.0,3157.0,3157.0,3157.0,3157.0,3193.0,3193.0,3193.0,3241.0,3149.0,3157.0,3215.0,3149.0,3157.0,3149.0,3149.0,3149.0,3157.0,3157.0,3183.0,3149.0,3157.0,3183.0,3183.0,3149.0,3149.0,3183.0,3149.0,3149.0,3157.0,3157.0,3157.0,3157.0,3162.0,3157.0,3157.0,3157.0,3157.0,3162.0,3157.0,3135.0,3183.0,3157.0,3157.0,3157.0,3157.0,3157.0,3149.0,3157.0,3149.0,3149.0,3149.0,3157.0,3149.0,3157.0,3157.0,3149.0,3157.0,3157.0,3157.0,3149.0,3149.0,3157.0,3149.0,3143.0,3157.0,3157.0,3145.0,3157.0,3157.0,3157.0,3157.0,3157.0,3157.0,3149.0,3157.0,3183.0,3157.0,3157.0,3157.0,3157.0,3093.0,3157.0,3157.0,3157.0,3143.0,3157.0,3157.0,3157.0,3157.0,3215.0,3157.0,3157.0,3157.0,3157.0,3215.0,3143.0,3157.0,3149.0,3157.0,3143.0,3157.0,3157.0,3157.0,3157.0,3149.0,3157.0,3157.0,3157.0,3157.0,3149.0,3157.0,3157.0,3157.0,3157.0,3157.0,3157.0,3142.0,3157.0,3157.0,3157.0,3194.0,3157.0,3157.0,3157.0,3157.0,3157.0,3157.0,3157.0,3157.0,3157.0,3136.0,3157.0,3157.0,3157.0,3130.0,3157.0,3157.0,3264.0,3157.0,3157.0,3144.0,3157.0,3197.0,3157.0,3157.0,3157.0,3157.0,3157.0,3157.0,3138.0,3157.0,3157.0,3157.0,3157.0,3145.0,3215.0,3157.0,3157.0,3157.0,3157.0,3157.0,3157.0,3157.0,3157.0,3157.0,3157.0,3264.0,3157.0,3157.0,3157.0,3157.0,3157.0,3149.0,3157.0,3226.0,3157.0,3157.0,3157.0,3157.0,3157.0,3157.0,3157.0,3149.0,3157.0,3149.0,3149.0,3157.0,3149.0,3157.0,3157.0,3157.0,3157.0,3215.0,3157.0,3157.0,3149.0,3149.0,3149.0,3157.0,3157.0,3149.0,3157.0,3215.0,3157.0,3157.0,3149.0,3157.0,3157.0,3157.0,3157.0,3157.0,3157.0,3157.0,3157.0,3157.0,3157.0,3157.0,3221.0,3157.0,3157.0,3157.0,3157.0,3157.0,3157.0,3157.0,3157.0,3178.0,3157.0,3157.0,3157.0,3157.0,3157.0,3157.0,3157.0,3157.0,3143.0,3233.0,3149.0,3157.0,3157.0,3157.0,3157.0,3157.0,3157.0,3157.0,3167.0,3157.0,3157.0,3157.0,3157.0,3157.0,3143.0,3157.0,3157.0,3157.0,3157.0,3178.0,3157.0,3157.0,3157.0,3157.0,3143.0,3157.0,3157.0,3157.0,3143.0,3157.0,3157.0,3157.0,3157.0,3157.0,3157.0,3157.0,3157.0,3157.0,3157.0,3157.0,3157.0,3157.0,3157.0,3157.0,3157.0,3157.0,3157.0,3245.0,3157.0,3157.0,3157.0,3157.0,3157.0,3215.0,3157.0,3121.0,3157.0,3157.0,3178.0,3157.0,3157.0,3105.0,3139.0,3157.0,3157.0,3157.0,3145.0,3157.0,3157.0,3157.0,3142.0,3215.0,3157.0,3144.0,3157.0,3157.0,3157.0,3157.0,3157.0,3157.0,3157.0,3157.0,3157.0,3215.0,3157.0,3157.0,3157.0,3157.0,3157.0,3157.0,3157.0,3215.0,3157.0,3068.0,3157.0,3157.0,3157.0,3157.0,3157.0,3157.0,3181.0,3157.0,3157.0,3157.0,3145.0,3157.0,3157.0,3157.0,3157.0,3157.0,3157.0,3157.0,3157.0,3157.0,3157.0,3157.0,3157.0,3157.0,3215.0,3157.0,3157.0,3157.0,3157.0,3157.0,3157.0,3157.0,3215.0,3184.0,3157.0,3215.0,3157.0,3157.0,3157.0,3157.0,3157.0,3157.0,3157.0,3157.0,3157.0,3220.0,3157.0,3157.0,3220.0,3145.0,3229.0,3157.0,3145.0,3157.0,3139.0,3157.0,3215.0,3157.0,3157.0,3157.0,3195.0,3157.0,3157.0,3157.0,3121.0,3157.0,3279.0,3157.0,3157.0,3157.0,3220.0,3145.0,3157.0,3157.0,3189.0,3157.0,3215.0,3157.0,3157.0,3145.0,3149.0,3157.0,3157.0,3157.0,3157.0,3157.0,3157.0,3157.0,3157.0,3157.0,3093.0,3157.0,3157.0,3143.0,3157.0,3215.0,3157.0,3157.0,3157.0,3157.0,3157.0,3157.0,3157.0,3157.0,3139.0,3157.0,3215.0,3157.0,3215.0,3157.0,3157.0,3184.0,3157.0,3157.0,3145.0,3157.0,3157.0,3157.0,3157.0,3215.0,3157.0,3157.0,3157.0,3157.0,3145.0,3215.0,3157.0,3215.0,3157.0,3157.0,3215.0,3157.0,3157.0,3157.0,3143.0,3157.0,3157.0,3157.0,3157.0,3157.0,3157.0,3189.0,3145.0,3157.0,3157.0,3093.0,3093.0,3093.0,3215.0,3177.0,3157.0,3157.0,3157.0,3238.0,3157.0,3157.0,3093.0,3189.0,3157.0,3167.0,3157.0,3093.0,3215.0,3145.0,3157.0,3157.0,3157.0,3093.0,3157.0,3157.0,3157.0,3145.0,3187.0,3093.0,3157.0,3157.0,3093.0,3093.0,3093.0,3157.0,3189.0,3157.0,3157.0,3157.0,3093.0,3157.0,3093.0,3157.0,3157.0,3157.0,3093.0,3157.0,3215.0,3157.0,3145.0,3157.0,3093.0,3157.0,3093.0,3157.0,3230.0,3093.0,3215.0,3157.0,3157.0,3157.0,3157.0,3157.0,3215.0,3215.0,3157.0,3157.0,3157.0,3157.0,3157.0,3093.0,3151.0,3093.0,3157.0,3157.0,3157.0,3093.0,3093.0,3157.0,3157.0,3157.0,3195.0,3215.0,3157.0,3157.0,3157.0,3189.0,3157.0,3157.0,3157.0,3157.0,3157.0,3157.0,3157.0,3157.0,3157.0,3157.0,3157.0,3157.0,3189.0,3189.0,3157.0,3157.0,3179.0,3157.0,3157.0,3157.0,3157.0,3157.0,3157.0,3157.0,3157.0,3157.0,3157.0,3157.0,3238.0,3157.0,3157.0,3166.0,3058.0,3157.0,3157.0,3157.0,3157.0,3157.0,3157.0,3178.0,3157.0,3157.0,3157.0,3157.0,3195.0,3157.0,3157.0,3186.0,3157.0,3157.0,3157.0,3157.0,3157.0,3157.0,3093.0,3216.0,3157.0,3157.0,3145.0,3157.0,3157.0,3238.0,3238.0,3157.0,3215.0,3093.0,3093.0,3093.0,3157.0,3157.0,3234.0,3117.0,2489.0,2562.0,2562.0,2594.0,2530.0,2509.0,2557.0,2480.0,2562.0,2562.0,2562.0,2562.0,2562.0,2608.0,2562.0,2562.0,2562.0,2608.0,2533.0,2562.0,2562.0,2562.0,2533.0,2562.0,2533.0,2600.0,2562.0,2591.0,2562.0,2533.0,2533.0,2562.0,2562.0,2562.0,2562.0,2562.0,2562.0,2562.0,2562.0,2562.0,2533.0,2533.0,2562.0,2562.0,2562.0,2562.0,2533.0,2562.0,2562.0,2562.0,2562.0,2533.0,2562.0,2562.0,2562.0,2562.0,2562.0,2562.0,2562.0,2533.0,2562.0,2562.0,2573.0,2562.0,2562.0,2562.0,2504.0,2533.0,2562.0,2562.0,2533.0,2562.0,2562.0,2562.0,2562.0,2562.0,2562.0,2533.0,2533.0,2562.0,2626.0,2562.0,2562.0,2533.0,2562.0,2562.0,2562.0,2562.0,2562.0,2562.0,2562.0,2533.0,2562.0,2562.0,2533.0,2562.0,2562.0,2562.0,2562.0,2562.0,2533.0,2533.0,2562.0,2562.0,2562.0,2562.0,2562.0,2562.0,2533.0,2562.0,2562.0,2562.0,2562.0,2562.0,2562.0,2562.0,2562.0,2533.0,2562.0,2562.0,2562.0,2562.0,2562.0,2562.0,2562.0,2562.0,2562.0,2656.0,2562.0,2533.0,2562.0,2562.0,2562.0,2562.0,2562.0,2562.0,2562.0,2562.0,2562.0,2562.0,2562.0,2562.0,2562.0,2562.0,2562.0,2562.0,2562.0,2562.0,2562.0,2562.0,2562.0,2562.0,2562.0,2562.0,2564.0,2562.0,2562.0,2562.0,2562.0,2562.0,2562.0,2562.0,2562.0,2562.0,2562.0,2562.0,2562.0,2562.0,2562.0,2562.0,2562.0,2562.0,2562.0,2562.0,2562.0,2562.0,2562.0,2562.0,2562.0,2562.0,2562.0,2562.0,2562.0,2562.0,2562.0,2562.0,2562.0,2562.0,2562.0,2562.0,2562.0,2562.0,2562.0,2562.0,2562.0,2562.0,2562.0,2562.0,2562.0,2562.0,2562.0,2562.0,2562.0,2562.0,2608.0,2562.0,2562.0,2562.0,2562.0,2562.0,2562.0,2562.0,2562.0,2562.0,2562.0,2562.0,2562.0,2562.0,2562.0,2562.0,2562.0,2562.0,2562.0,2562.0,2562.0,2562.0,2562.0,2562.0,2562.0,2562.0,2562.0,2562.0,2562.0,2562.0,2562.0,2562.0,2562.0,2562.0,2562.0,2562.0,2562.0,2562.0,2562.0,2562.0,2562.0,2562.0,2608.0,2562.0,2562.0,2562.0,2562.0,2562.0,2562.0,2562.0,2562.0,2562.0,2562.0,2562.0,2562.0,2562.0,2562.0,2562.0,2562.0,2562.0,2562.0,2562.0,2562.0,2562.0,2562.0,2562.0,2562.0,2562.0,2631.0,2562.0,2562.0,2562.0,2562.0,2562.0,2562.0,2562.0,2562.0,2562.0,2562.0,2562.0,2607.0,2562.0,2562.0,2536.0,2562.0,2562.0,2562.0,2562.0,2562.0,2562.0,2562.0,2562.0,2582.0,2562.0,2615.0,2562.0,2562.0,2562.0,2562.0,2562.0,2562.0,2562.0,2562.0,2562.0,2562.0,2562.0,2562.0,2608.0,2562.0,2562.0,2562.0,2608.0,2562.0,2562.0,2562.0,2562.0,2562.0,2608.0,2562.0,2562.0,2562.0,2562.0,2562.0,2562.0,2562.0,2562.0,2562.0,2562.0,2562.0,2562.0,2562.0,2562.0,2562.0,2562.0,2562.0,2562.0,2562.0,2562.0,2562.0,2562.0,2562.0,2562.0,2562.0,2562.0,2591.0,2562.0,2562.0,2562.0,2562.0,2562.0,2600.0,2562.0,2562.0,2562.0,2600.0,2562.0,2562.0,2562.0,2562.0,2562.0,2562.0,2591.0,2591.0,2562.0,2562.0,2562.0,2562.0,2562.0,2562.0,2591.0,2562.0,2464.0,2562.0,2562.0,2562.0,2562.0,2562.0,2562.0,2576.0,2562.0,2562.0,2562.0,2562.0,2562.0,2498.0,2562.0,2562.0,2562.0,2562.0,2562.0,2562.0,2562.0,2562.0,2562.0,2562.0,2562.0,2562.0,2562.0,2562.0,2562.0,2562.0,2562.0,2562.0,2562.0,2536.0,2562.0,2562.0,2562.0,2562.0,2591.0,2562.0,2562.0,2562.0,2562.0,2562.0,2562.0,2562.0,2562.0,2562.0,2562.0,2562.0,2562.0,2562.0,2562.0,2562.0,2562.0,2562.0,2562.0,2562.0,2562.0,2562.0,2562.0,2591.0,2562.0,2562.0,2562.0,2562.0,2562.0,2562.0,2562.0,8292.0,8298.0,8292.0,8281.0,8292.0,8292.0,8266.0,8310.0,8292.0,8292.0,8353.0,8333.0,8292.0,8375.0,8527.0,8311.0,8292.0,8292.0,8292.0,8292.0,8292.0,8292.0,8292.0,8292.0,8292.0,8292.0,8292.0,8292.0,8292.0,8292.0,8292.0,8292.0,8292.0,8292.0,8292.0,8292.0,8287.0,8292.0,8292.0,8292.0,8292.0,8292.0,8292.0,8292.0,8292.0,8292.0,8292.0,8292.0,8292.0,8292.0,8292.0,8292.0,8292.0,8292.0,8333.0,8292.0,8292.0,8292.0,8292.0,8292.0,8292.0,8292.0,8292.0,8292.0,8292.0,8292.0,8292.0,8292.0,8333.0,8292.0,8292.0,8292.0,8292.0,8292.0,8292.0,8292.0,8292.0,8292.0,8292.0,8292.0,8292.0,8292.0,8292.0,8292.0,8292.0,8292.0,8292.0,8292.0,8292.0,8292.0,8292.0,8292.0,8321.0,8289.0,8292.0,8381.0,8292.0,8292.0,8292.0,8292.0,8292.0,8292.0,8292.0,8381.0,8292.0,8292.0,8292.0,8292.0,8292.0,8310.0,8310.0,8381.0,8292.0,8292.0,8292.0,8273.0,8292.0,8312.0,8292.0,8292.0,8292.0,8292.0,8292.0,8292.0,8298.0,8292.0,8292.0,8292.0,8292.0,8292.0,8203.0,8292.0,8292.0,8292.0,8292.0,8292.0,8292.0,8292.0,8292.0,8292.0,8292.0,8292.0,8292.0,8292.0,8292.0,8292.0,8292.0,8292.0,8292.0,8292.0,8292.0,8381.0,8304.0,8292.0,8292.0,8292.0,8292.0,8292.0,8292.0,8292.0,8292.0,8292.0,8292.0,8321.0,8310.0,8310.0,8292.0,8298.0,8292.0,8298.0,8292.0,8292.0,8292.0,8441.0,8381.0,8292.0,8292.0,8292.0,8291.0,8292.0,8292.0,8292.0,8381.0,8292.0,8292.0,8292.0,8292.0,8292.0,8292.0,8292.0,8292.0,8292.0,8292.0,8292.0,8292.0,8292.0,8292.0,8292.0,8292.0,8247.0,8292.0,8292.0,8292.0,8292.0,8247.0,8292.0,8292.0,8292.0,8292.0,8205.0,8292.0,8292.0,8292.0,8292.0,8292.0,8292.0,8203.0,8292.0,8292.0,8310.0,8310.0,8381.0,8292.0,8292.0,8520.0,8292.0,8310.0,8292.0,8381.0,8292.0,8292.0,8292.0,8292.0,8310.0,8292.0,8292.0,8292.0,8292.0,8292.0,8292.0,8292.0,8292.0,8292.0,8292.0,8292.0,8292.0,8292.0,8292.0,8292.0,8381.0,8292.0,8311.0,8292.0,8310.0,8292.0,8292.0,8292.0,8310.0,8381.0,8292.0,8292.0,8381.0,8292.0,8292.0,8292.0,8292.0,8292.0,8292.0,8292.0,8292.0,8292.0,8292.0,8292.0,8292.0,8292.0,8292.0,8292.0,8292.0,8292.0,8292.0,8292.0,8292.0,8292.0,8381.0,8292.0,8292.0,8310.0,8292.0,8292.0,8292.0,8381.0,8292.0,8381.0,8292.0,8381.0,8310.0,8292.0,8292.0,8292.0,8292.0,8292.0,8292.0,8310.0,8292.0,8310.0,8292.0,8292.0,8292.0,8381.0,8292.0,8292.0,8292.0,8292.0,8292.0,8292.0,8292.0,8292.0,8292.0,8292.0,8292.0,8292.0,8292.0,8292.0,8292.0,8292.0,8292.0,8292.0,8292.0,8381.0,8292.0,8381.0,8381.0,8292.0,8292.0,8292.0,8292.0,8292.0,8292.0,8311.0,8292.0,8292.0,8292.0,8292.0,8292.0,8292.0,8292.0,8292.0,8292.0,8292.0,8292.0,8292.0,8292.0,8292.0,8292.0,8381.0,8292.0,8321.0,8292.0,8292.0,8292.0,8381.0,8292.0,8292.0,8381.0,8292.0,8292.0,8292.0,8292.0,8292.0,8292.0,8292.0,8292.0,8381.0,8292.0,8292.0,8292.0,8381.0,8292.0,8292.0,8292.0,8292.0,8292.0,8292.0,8292.0,8292.0,8292.0,8292.0,8292.0,8381.0,8292.0,8381.0,8263.0,8292.0,8292.0,8292.0,8311.0,8292.0,8292.0,8381.0,8292.0,8381.0,8292.0,8292.0,8381.0,8381.0,8381.0,8292.0,8292.0,8311.0,8352.0,8292.0,8292.0,8381.0,8381.0,8311.0,8311.0,8381.0,8292.0,8381.0,8381.0,8381.0,8381.0,8393.0,8292.0,8381.0,8381.0,8311.0,8381.0,8381.0,8292.0,8381.0,8292.0,8381.0,8381.0,8381.0,8311.0,8381.0,8311.0,8381.0,8381.0,8311.0,8311.0,8311.0,8311.0,8311.0,8381.0,8381.0,8268.0,8311.0,8317.0,8311.0,8311.0,8311.0,8311.0,8292.0,8311.0,8311.0,8311.0,8311.0,8311.0,8311.0,8240.0,8311.0,8395.0,8311.0,8395.0,8311.0,8311.0,8393.0,8311.0,8292.0,8292.0,29.0,74.0,390.0,151.0,0.0,132.0,132.0,132.0,132.0,132.0,132.0,132.0,132.0,132.0,132.0,132.0,132.0,132.0,132.0,132.0,132.0,132.0,132.0,132.0,132.0,132.0,132.0,132.0,132.0,132.0,132.0,132.0,132.0,132.0,132.0,132.0,132.0,132.0,132.0,132.0,132.0,161.0,132.0,132.0,132.0,221.0,132.0,132.0,221.0,132.0,132.0,161.0,132.0,132.0,161.0,188.0,158.0,204.0,158.0,151.0,158.0,158.0,151.0,132.0,178.0,151.0,151.0,132.0,132.0,151.0,132.0,132.0,132.0,132.0,132.0,132.0,132.0,132.0,132.0,132.0,132.0,158.0,151.0,132.0,132.0,132.0,132.0,132.0,132.0,132.0,132.0,132.0,132.0,132.0,132.0,178.0,132.0,132.0,132.0,132.0,132.0,132.0,132.0,132.0,132.0,132.0,132.0,132.0,132.0,132.0,132.0,132.0,132.0,132.0,132.0,132.0,132.0,132.0,132.0,132.0,132.0,132.0,132.0,132.0,132.0,132.0,132.0,132.0,132.0,132.0,132.0,132.0,132.0,132.0,132.0,132.0,109.0,132.0,132.0,132.0,132.0,151.0,132.0,132.0,132.0,132.0,132.0,132.0,153.0,132.0,151.0,132.0,132.0,132.0,132.0,132.0,132.0,132.0,132.0,132.0,132.0,132.0,151.0,132.0,132.0,132.0,132.0,132.0,151.0,132.0,132.0,151.0,151.0,132.0,132.0,132.0,151.0,132.0,132.0,132.0,132.0,132.0,132.0,132.0,132.0,132.0,132.0,132.0,132.0,132.0,132.0,178.0,132.0,132.0,132.0,132.0,132.0,132.0,132.0,132.0,178.0,132.0,132.0,222.0,132.0,132.0,132.0,132.0,188.0,132.0,132.0,132.0,132.0,132.0,132.0,132.0,132.0,132.0,132.0,74.0,132.0,132.0,132.0,132.0,151.0,132.0,132.0,180.0,132.0,132.0,132.0,132.0,132.0,132.0,132.0,132.0,132.0,132.0,132.0,132.0,132.0,132.0,132.0,132.0,132.0,155.0,132.0,132.0,132.0,188.0,132.0,132.0,132.0,132.0,132.0,132.0,132.0,132.0,132.0,132.0,132.0,151.0,132.0,132.0,132.0,132.0,132.0,132.0,132.0,132.0,132.0,142.0,132.0,132.0,132.0,188.0,132.0,132.0,132.0,132.0,132.0,132.0,132.0,132.0,132.0,132.0,132.0,196.0,132.0,132.0,132.0,188.0,132.0,132.0,132.0,110.0,132.0,188.0,132.0,132.0,132.0,132.0,132.0,132.0,132.0,132.0,132.0,132.0,132.0,132.0,132.0,132.0,161.0,132.0,132.0,132.0,188.0,132.0,132.0,132.0,132.0,132.0,132.0,132.0,132.0,132.0,132.0,178.0,132.0,188.0,132.0,132.0,132.0,132.0,132.0,132.0,188.0,132.0,132.0,132.0,132.0,188.0,132.0,158.0,196.0,151.0,132.0,151.0,151.0,151.0,151.0,151.0,151.0,151.0,151.0,151.0,151.0,151.0,151.0,151.0,132.0,151.0,197.0,122.0,151.0,132.0,151.0,151.0,151.0,151.0,151.0,151.0,151.0,151.0,151.0,151.0,151.0,151.0,215.0,151.0,151.0,151.0,151.0
hDenV4/Colombia/SAN-BROAD-0000028/2001,3152.0,3130.0,3130.0,3130.0,3130.0,3130.0,3130.0,3151.0,3130.0,3199.0,3183.0,3265.0,3152.0,3116.0,3118.0,3118.0,3118.0,3212.0,3118.0,3212.0,3212.0,3122.0,3122.0,3122.0,3122.0,3142.0,3142.0,3212.0,3130.0,3212.0,3122.0,3130.0,3122.0,3212.0,3232.0,3142.0,3122.0,3183.0,3122.0,3122.0,3122.0,3122.0,3122.0,3212.0,3122.0,3122.0,3164.0,3212.0,3130.0,3130.0,3130.0,3130.0,3222.0,3222.0,3222.0,3270.0,3122.0,3130.0,3188.0,3122.0,3130.0,3122.0,3122.0,3122.0,3130.0,3130.0,3212.0,3122.0,3130.0,3212.0,3212.0,3122.0,3122.0,3212.0,3122.0,3122.0,3130.0,3130.0,3130.0,3130.0,3135.0,3130.0,3130.0,3130.0,3130.0,3135.0,3130.0,3108.0,3212.0,3130.0,3130.0,3130.0,3130.0,3130.0,3122.0,3130.0,3122.0,3122.0,3122.0,3130.0,3122.0,3130.0,3130.0,3122.0,3130.0,3130.0,3130.0,3122.0,3122.0,3130.0,3122.0,3116.0,3130.0,3130.0,3118.0,3130.0,3130.0,3130.0,3130.0,3130.0,3130.0,3122.0,3130.0,3212.0,3130.0,3130.0,3130.0,3130.0,3066.0,3130.0,3130.0,3130.0,3116.0,3130.0,3130.0,3130.0,3130.0,3188.0,3130.0,3130.0,3130.0,3130.0,3188.0,3116.0,3130.0,3122.0,3130.0,3116.0,3130.0,3130.0,3130.0,3130.0,3122.0,3130.0,3130.0,3130.0,3130.0,3122.0,3130.0,3130.0,3130.0,3130.0,3130.0,3130.0,3115.0,3130.0,3130.0,3130.0,3167.0,3130.0,3130.0,3130.0,3130.0,3130.0,3130.0,3130.0,3130.0,3130.0,3109.0,3130.0,3130.0,3130.0,3103.0,3130.0,3130.0,3237.0,3130.0,3130.0,3117.0,3130.0,3170.0,3130.0,3130.0,3130.0,3130.0,3130.0,3130.0,3111.0,3130.0,3130.0,3130.0,3130.0,3118.0,3188.0,3130.0,3130.0,3130.0,3130.0,3130.0,3130.0,3130.0,3130.0,3130.0,3130.0,3237.0,3130.0,3130.0,3130.0,3130.0,3130.0,3122.0,3130.0,3199.0,3130.0,3130.0,3130.0,3130.0,3130.0,3130.0,3130.0,3122.0,3130.0,3122.0,3122.0,3130.0,3122.0,3130.0,3130.0,3130.0,3130.0,3188.0,3130.0,3130.0,3122.0,3122.0,3122.0,3130.0,3130.0,3122.0,3130.0,3188.0,3130.0,3130.0,3122.0,3130.0,3130.0,3130.0,3130.0,3130.0,3130.0,3130.0,3130.0,3130.0,3130.0,3130.0,3194.0,3130.0,3130.0,3130.0,3130.0,3130.0,3130.0,3130.0,3130.0,3151.0,3130.0,3130.0,3130.0,3130.0,3130.0,3130.0,3130.0,3130.0,3116.0,3206.0,3122.0,3130.0,3130.0,3130.0,3130.0,3130.0,3130.0,3130.0,3140.0,3130.0,3130.0,3130.0,3130.0,3130.0,3116.0,3130.0,3130.0,3130.0,3130.0,3151.0,3130.0,3130.0,3130.0,3130.0,3116.0,3130.0,3130.0,3130.0,3116.0,3130.0,3130.0,3130.0,3130.0,3130.0,3130.0,3130.0,3130.0,3130.0,3130.0,3130.0,3130.0,3130.0,3130.0,3130.0,3130.0,3130.0,3130.0,3218.0,3130.0,3130.0,3130.0,3130.0,3130.0,3188.0,3130.0,3094.0,3130.0,3130.0,3151.0,3130.0,3130.0,3078.0,3112.0,3130.0,3130.0,3130.0,3118.0,3130.0,3130.0,3130.0,3115.0,3188.0,3130.0,3117.0,3130.0,3130.0,3130.0,3130.0,3130.0,3130.0,3130.0,3130.0,3130.0,3188.0,3130.0,3130.0,3130.0,3130.0,3130.0,3130.0,3130.0,3188.0,3130.0,3041.0,3130.0,3130.0,3130.0,3130.0,3130.0,3130.0,3154.0,3130.0,3130.0,3130.0,3118.0,3130.0,3130.0,3130.0,3130.0,3130.0,3130.0,3130.0,3130.0,3130.0,3130.0,3130.0,3130.0,3130.0,3188.0,3130.0,3130.0,3130.0,3130.0,3130.0,3130.0,3130.0,3188.0,3157.0,3130.0,3188.0,3130.0,3130.0,3130.0,3130.0,3130.0,3130.0,3130.0,3130.0,3130.0,3193.0,3130.0,3130.0,3193.0,3118.0,3202.0,3130.0,3118.0,3130.0,3112.0,3130.0,3188.0,3130.0,3130.0,3130.0,3168.0,3130.0,3130.0,3130.0,3094.0,3130.0,3252.0,3130.0,3130.0,3130.0,3193.0,3118.0,3130.0,3130.0,3162.0,3130.0,3188.0,3130.0,3130.0,3118.0,3122.0,3130.0,3130.0,3130.0,3130.0,3130.0,3130.0,3130.0,3130.0,3130.0,3066.0,3130.0,3130.0,3116.0,3130.0,3188.0,3130.0,3130.0,3130.0,3130.0,3130.0,3130.0,3130.0,3130.0,3112.0,3130.0,3188.0,3130.0,3188.0,3130.0,3130.0,3157.0,3130.0,3130.0,3118.0,3130.0,3130.0,3130.0,3130.0,3188.0,3130.0,3130.0,3130.0,3130.0,3118.0,3188.0,3130.0,3188.0,3130.0,3130.0,3188.0,3130.0,3130.0,3130.0,3116.0,3130.0,3130.0,3130.0,3130.0,3130.0,3130.0,3162.0,3118.0,3130.0,3130.0,3066.0,3066.0,3066.0,3188.0,3150.0,3130.0,3130.0,3130.0,3211.0,3130.0,3130.0,3066.0,3162.0,3130.0,3140.0,3130.0,3066.0,3188.0,3118.0,3130.0,3130.0,3130.0,3066.0,3130.0,3130.0,3130.0,3118.0,3160.0,3066.0,3130.0,3130.0,3066.0,3066.0,3066.0,3130.0,3162.0,3130.0,3130.0,3130.0,3066.0,3130.0,3066.0,3130.0,3130.0,3130.0,3066.0,3130.0,3188.0,3130.0,3118.0,3130.0,3066.0,3130.0,3066.0,3130.0,3203.0,3066.0,3188.0,3130.0,3130.0,3130.0,3130.0,3130.0,3188.0,3188.0,3130.0,3130.0,3130.0,3130.0,3130.0,3066.0,3124.0,3066.0,3130.0,3130.0,3130.0,3066.0,3066.0,3130.0,3130.0,3130.0,3168.0,3188.0,3130.0,3130.0,3130.0,3162.0,3130.0,3130.0,3130.0,3130.0,3130.0,3130.0,3130.0,3130.0,3130.0,3130.0,3130.0,3130.0,3162.0,3162.0,3130.0,3130.0,3152.0,3130.0,3130.0,3130.0,3130.0,3130.0,3130.0,3130.0,3130.0,3130.0,3130.0,3130.0,3211.0,3130.0,3130.0,3139.0,3031.0,3130.0,3130.0,3130.0,3130.0,3130.0,3130.0,3151.0,3130.0,3130.0,3130.0,3130.0,3168.0,3130.0,3130.0,3159.0,3130.0,3130.0,3130.0,3130.0,3130.0,3130.0,3066.0,3189.0,3130.0,3130.0,3118.0,3130.0,3130.0,3211.0,3211.0,3130.0,3188.0,3066.0,3066.0,3066.0,3130.0,3130.0,3207.0,3090.0,2462.0,2535.0,2535.0,2567.0,2503.0,2482.0,2530.0,2453.0,2535.0,2535.0,2535.0,2535.0,2535.0,2581.0,2535.0,2535.0,2535.0,2581.0,2506.0,2535.0,2535.0,2535.0,2506.0,2535.0,2506.0,2573.0,2535.0,2564.0,2535.0,2506.0,2506.0,2535.0,2535.0,2535.0,2535.0,2535.0,2535.0,2535.0,2535.0,2535.0,2506.0,2506.0,2535.0,2535.0,2535.0,2535.0,2506.0,2535.0,2535.0,2535.0,2535.0,2506.0,2535.0,2535.0,2535.0,2535.0,2535.0,2535.0,2535.0,2506.0,2535.0,2535.0,2546.0,2535.0,2535.0,2535.0,2477.0,2506.0,2535.0,2535.0,2506.0,2535.0,2535.0,2535.0,2535.0,2535.0,2535.0,2506.0,2506.0,2535.0,2599.0,2535.0,2535.0,2506.0,2535.0,2535.0,2535.0,2535.0,2535.0,2535.0,2535.0,2506.0,2535.0,2535.0,2506.0,2535.0,2535.0,2535.0,2535.0,2535.0,2506.0,2506.0,2535.0,2535.0,2535.0,2535.0,2535.0,2535.0,2506.0,2535.0,2535.0,2535.0,2535.0,2535.0,2535.0,2535.0,2535.0,2506.0,2535.0,2535.0,2535.0,2535.0,2535.0,2535.0,2535.0,2535.0,2535.0,2629.0,2535.0,2506.0,2535.0,2535.0,2535.0,2535.0,2535.0,2535.0,2535.0,2535.0,2535.0,2535.0,2535.0,2535.0,2535.0,2535.0,2535.0,2535.0,2535.0,2535.0,2535.0,2535.0,2535.0,2535.0,2535.0,2535.0,2537.0,2535.0,2535.0,2535.0,2535.0,2535.0,2535.0,2535.0,2535.0,2535.0,2535.0,2535.0,2535.0,2535.0,2535.0,2535.0,2535.0,2535.0,2535.0,2535.0,2535.0,2535.0,2535.0,2535.0,2535.0,2535.0,2535.0,2535.0,2535.0,2535.0,2535.0,2535.0,2535.0,2535.0,2535.0,2535.0,2535.0,2535.0,2535.0,2535.0,2535.0,2535.0,2535.0,2535.0,2535.0,2535.0,2535.0,2535.0,2535.0,2535.0,2581.0,2535.0,2535.0,2535.0,2535.0,2535.0,2535.0,2535.0,2535.0,2535.0,2535.0,2535.0,2535.0,2535.0,2535.0,2535.0,2535.0,2535.0,2535.0,2535.0,2535.0,2535.0,2535.0,2535.0,2535.0,2535.0,2535.0,2535.0,2535.0,2535.0,2535.0,2535.0,2535.0,2535.0,2535.0,2535.0,2535.0,2535.0,2535.0,2535.0,2535.0,2535.0,2581.0,2535.0,2535.0,2535.0,2535.0,2535.0,2535.0,2535.0,2535.0,2535.0,2535.0,2535.0,2535.0,2535.0,2535.0,2535.0,2535.0,2535.0,2535.0,2535.0,2535.0,2535.0,2535.0,2535.0,2535.0,2535.0,2604.0,2535.0,2535.0,2535.0,2535.0,2535.0,2535.0,2535.0,2535.0,2535.0,2535.0,2535.0,2580.0,2535.0,2535.0,2509.0,2535.0,2535.0,2535.0,2535.0,2535.0,2535.0,2535.0,2535.0,2555.0,2535.0,2588.0,2535.0,2535.0,2535.0,2535.0,2535.0,2535.0,2535.0,2535.0,2535.0,2535.0,2535.0,2535.0,2581.0,2535.0,2535.0,2535.0,2581.0,2535.0,2535.0,2535.0,2535.0,2535.0,2581.0,2535.0,2535.0,2535.0,2535.0,2535.0,2535.0,2535.0,2535.0,2535.0,2535.0,2535.0,2535.0,2535.0,2535.0,2535.0,2535.0,2535.0,2535.0,2535.0,2535.0,2535.0,2535.0,2535.0,2535.0,2535.0,2535.0,2564.0,2535.0,2535.0,2535.0,2535.0,2535.0,2573.0,2535.0,2535.0,2535.0,2573.0,2535.0,2535.0,2535.0,2535.0,2535.0,2535.0,2564.0,2564.0,2535.0,2535.0,2535.0,2535.0,2535.0,2535.0,2564.0,2535.0,2437.0,2535.0,2535.0,2535.0,2535.0,2535.0,2535.0,2549.0,2535.0,2535.0,2535.0,2535.0,2535.0,2471.0,2535.0,2535.0,2535.0,2535.0,2535.0,2535.0,2535.0,2535.0,2535.0,2535.0,2535.0,2535.0,2535.0,2535.0,2535.0,2535.0,2535.0,2535.0,2535.0,2509.0,2535.0,2535.0,2535.0,2535.0,2564.0,2535.0,2535.0,2535.0,2535.0,2535.0,2535.0,2535.0,2535.0,2535.0,2535.0,2535.0,2535.0,2535.0,2535.0,2535.0,2535.0,2535.0,2535.0,2535.0,2535.0,2535.0,2535.0,2564.0,2535.0,2535.0,2535.0,2535.0,2535.0,2535.0,2535.0,8312.0,8318.0,8312.0,8301.0,8312.0,8312.0,8286.0,8330.0,8312.0,8312.0,8373.0,8353.0,8312.0,8395.0,8547.0,8331.0,8312.0,8312.0,8312.0,8312.0,8312.0,8312.0,8312.0,8312.0,8312.0,8312.0,8312.0,8312.0,8312.0,8312.0,8312.0,8312.0,8312.0,8312.0,8312.0,8312.0,8307.0,8312.0,8312.0,8312.0,8312.0,8312.0,8312.0,8312.0,8312.0,8312.0,8312.0,8312.0,8312.0,8312.0,8312.0,8312.0,8312.0,8312.0,8353.0,8312.0,8312.0,8312.0,8312.0,8312.0,8312.0,8312.0,8312.0,8312.0,8312.0,8312.0,8312.0,8312.0,8353.0,8312.0,8312.0,8312.0,8312.0,8312.0,8312.0,8312.0,8312.0,8312.0,8312.0,8312.0,8312.0,8312.0,8312.0,8312.0,8312.0,8312.0,8312.0,8312.0,8312.0,8312.0,8312.0,8312.0,8341.0,8309.0,8312.0,8401.0,8312.0,8312.0,8312.0,8312.0,8312.0,8312.0,8312.0,8401.0,8312.0,8312.0,8312.0,8312.0,8312.0,8330.0,8330.0,8401.0,8312.0,8312.0,8312.0,8293.0,8312.0,8332.0,8312.0,8312.0,8312.0,8312.0,8312.0,8312.0,8318.0,8312.0,8312.0,8312.0,8312.0,8312.0,8223.0,8312.0,8312.0,8312.0,8312.0,8312.0,8312.0,8312.0,8312.0,8312.0,8312.0,8312.0,8312.0,8312.0,8312.0,8312.0,8312.0,8312.0,8312.0,8312.0,8312.0,8401.0,8324.0,8312.0,8312.0,8312.0,8312.0,8312.0,8312.0,8312.0,8312.0,8312.0,8312.0,8341.0,8330.0,8330.0,8312.0,8318.0,8312.0,8318.0,8312.0,8312.0,8312.0,8461.0,8401.0,8312.0,8312.0,8312.0,8311.0,8312.0,8312.0,8312.0,8401.0,8312.0,8312.0,8312.0,8312.0,8312.0,8312.0,8312.0,8312.0,8312.0,8312.0,8312.0,8312.0,8312.0,8312.0,8312.0,8312.0,8267.0,8312.0,8312.0,8312.0,8312.0,8267.0,8312.0,8312.0,8312.0,8312.0,8225.0,8312.0,8312.0,8312.0,8312.0,8312.0,8312.0,8223.0,8312.0,8312.0,8330.0,8330.0,8401.0,8312.0,8312.0,8540.0,8312.0,8330.0,8312.0,8401.0,8312.0,8312.0,8312.0,8312.0,8330.0,8312.0,8312.0,8312.0,8312.0,8312.0,8312.0,8312.0,8312.0,8312.0,8312.0,8312.0,8312.0,8312.0,8312.0,8312.0,8401.0,8312.0,8331.0,8312.0,8330.0,8312.0,8312.0,8312.0,8330.0,8401.0,8312.0,8312.0,8401.0,8312.0,8312.0,8312.0,8312.0,8312.0,8312.0,8312.0,8312.0,8312.0,8312.0,8312.0,8312.0,8312.0,8312.0,8312.0,8312.0,8312.0,8312.0,8312.0,8312.0,8312.0,8401.0,8312.0,8312.0,8330.0,8312.0,8312.0,8312.0,8401.0,8312.0,8401.0,8312.0,8401.0,8330.0,8312.0,8312.0,8312.0,8312.0,8312.0,8312.0,8330.0,8312.0,8330.0,8312.0,8312.0,8312.0,8401.0,8312.0,8312.0,8312.0,8312.0,8312.0,8312.0,8312.0,8312.0,8312.0,8312.0,8312.0,8312.0,8312.0,8312.0,8312.0,8312.0,8312.0,8312.0,8312.0,8401.0,8312.0,8401.0,8401.0,8312.0,8312.0,8312.0,8312.0,8312.0,8312.0,8331.0,8312.0,8312.0,8312.0,8312.0,8312.0,8312.0,8312.0,8312.0,8312.0,8312.0,8312.0,8312.0,8312.0,8312.0,8312.0,8401.0,8312.0,8341.0,8312.0,8312.0,8312.0,8401.0,8312.0,8312.0,8401.0,8312.0,8312.0,8312.0,8312.0,8312.0,8312.0,8312.0,8312.0,8401.0,8312.0,8312.0,8312.0,8401.0,8312.0,8312.0,8312.0,8312.0,8312.0,8312.0,8312.0,8312.0,8312.0,8312.0,8312.0,8401.0,8312.0,8401.0,8283.0,8312.0,8312.0,8312.0,8331.0,8312.0,8312.0,8401.0,8312.0,8401.0,8312.0,8312.0,8401.0,8401.0,8401.0,8312.0,8312.0,8331.0,8372.0,8312.0,8312.0,8401.0,8401.0,8331.0,8331.0,8401.0,8312.0,8401.0,8401.0,8401.0,8401.0,8413.0,8312.0,8401.0,8401.0,8331.0,8401.0,8401.0,8312.0,8401.0,8312.0,8401.0,8401.0,8401.0,8331.0,8401.0,8331.0,8401.0,8401.0,8331.0,8331.0,8331.0,8331.0,8331.0,8401.0,8401.0,8288.0,8331.0,8337.0,8331.0,8331.0,8331.0,8331.0,8312.0,8331.0,8331.0,8331.0,8331.0,8331.0,8331.0,8260.0,8331.0,8415.0,8331.0,8415.0,8331.0,8331.0,8413.0,8331.0,8312.0,8312.0,0.0,45.0,361.0,122.0,29.0,103.0,103.0,103.0,103.0,103.0,103.0,103.0,103.0,103.0,103.0,103.0,103.0,103.0,103.0,103.0,103.0,103.0,103.0,103.0,103.0,103.0,103.0,103.0,103.0,103.0,103.0,103.0,103.0,103.0,103.0,103.0,103.0,103.0,103.0,103.0,103.0,132.0,103.0,103.0,103.0,192.0,103.0,103.0,192.0,103.0,103.0,132.0,103.0,103.0,132.0,159.0,129.0,175.0,129.0,122.0,129.0,129.0,122.0,103.0,149.0,122.0,122.0,103.0,103.0,122.0,103.0,103.0,103.0,103.0,103.0,103.0,103.0,103.0,103.0,103.0,103.0,129.0,122.0,103.0,103.0,103.0,103.0,103.0,103.0,103.0,103.0,103.0,103.0,103.0,103.0,149.0,103.0,103.0,103.0,103.0,103.0,103.0,103.0,103.0,103.0,103.0,103.0,103.0,103.0,103.0,103.0,103.0,103.0,103.0,103.0,103.0,103.0,103.0,103.0,103.0,103.0,103.0,103.0,103.0,103.0,103.0,103.0,103.0,103.0,103.0,103.0,103.0,103.0,103.0,103.0,103.0,80.0,103.0,103.0,103.0,103.0,122.0,103.0,103.0,103.0,103.0,103.0,103.0,124.0,103.0,122.0,103.0,103.0,103.0,103.0,103.0,103.0,103.0,103.0,103.0,103.0,103.0,122.0,103.0,103.0,103.0,103.0,103.0,122.0,103.0,103.0,122.0,122.0,103.0,103.0,103.0,122.0,103.0,103.0,103.0,103.0,103.0,103.0,103.0,103.0,103.0,103.0,103.0,103.0,103.0,103.0,149.0,103.0,103.0,103.0,103.0,103.0,103.0,103.0,103.0,149.0,103.0,103.0,193.0,103.0,103.0,103.0,103.0,159.0,103.0,103.0,103.0,103.0,103.0,103.0,103.0,103.0,103.0,103.0,45.0,103.0,103.0,103.0,103.0,122.0,103.0,103.0,151.0,103.0,103.0,103.0,103.0,103.0,103.0,103.0,103.0,103.0,103.0,103.0,103.0,103.0,103.0,103.0,103.0,103.0,126.0,103.0,103.0,103.0,159.0,103.0,103.0,103.0,103.0,103.0,103.0,103.0,103.0,103.0,103.0,103.0,122.0,103.0,103.0,103.0,103.0,103.0,103.0,103.0,103.0,103.0,113.0,103.0,103.0,103.0,159.0,103.0,103.0,103.0,103.0,103.0,103.0,103.0,103.0,103.0,103.0,103.0,167.0,103.0,103.0,103.0,159.0,103.0,103.0,103.0,81.0,103.0,159.0,103.0,103.0,103.0,103.0,103.0,103.0,103.0,103.0,103.0,103.0,103.0,103.0,103.0,103.0,132.0,103.0,103.0,103.0,159.0,103.0,103.0,103.0,103.0,103.0,103.0,103.0,103.0,103.0,103.0,149.0,103.0,159.0,103.0,103.0,103.0,103.0,103.0,103.0,159.0,103.0,103.0,103.0,103.0,159.0,103.0,129.0,167.0,122.0,103.0,122.0,122.0,122.0,122.0,122.0,122.0,122.0,122.0,122.0,122.0,122.0,122.0,122.0,103.0,122.0,168.0,151.0,122.0,103.0,122.0,122.0,122.0,122.0,122.0,122.0,122.0,122.0,122.0,122.0,122.0,122.0,186.0,122.0,122.0,122.0,122.0
hDenV4/Colombia/SAN-BROAD-0000039/2001,3152.0,3130.0,3130.0,3130.0,3130.0,3130.0,3130.0,3151.0,3130.0,3199.0,3183.0,3265.0,3152.0,3116.0,3118.0,3118.0,3118.0,3212.0,3118.0,3212.0,3212.0,3122.0,3122.0,3122.0,3122.0,3142.0,3142.0,3212.0,3130.0,3212.0,3122.0,3130.0,3122.0,3212.0,3232.0,3142.0,3122.0,3183.0,3122.0,3122.0,3122.0,3122.0,3122.0,3212.0,3122.0,3122.0,3164.0,3212.0,3130.0,3130.0,3130.0,3130.0,3222.0,3222.0,3222.0,3270.0,3122.0,3130.0,3188.0,3122.0,3130.0,3122.0,3122.0,3122.0,3130.0,3130.0,3212.0,3122.0,3130.0,3212.0,3212.0,3122.0,3122.0,3212.0,3122.0,3122.0,3130.0,3130.0,3130.0,3130.0,3135.0,3130.0,3130.0,3130.0,3130.0,3135.0,3130.0,3108.0,3212.0,3130.0,3130.0,3130.0,3130.0,3130.0,3122.0,3130.0,3122.0,3122.0,3122.0,3130.0,3122.0,3130.0,3130.0,3122.0,3130.0,3130.0,3130.0,3122.0,3122.0,3130.0,3122.0,3116.0,3130.0,3130.0,3118.0,3130.0,3130.0,3130.0,3130.0,3130.0,3130.0,3122.0,3130.0,3212.0,3130.0,3130.0,3130.0,3130.0,3066.0,3130.0,3130.0,3130.0,3116.0,3130.0,3130.0,3130.0,3130.0,3188.0,3130.0,3130.0,3130.0,3130.0,3188.0,3116.0,3130.0,3122.0,3130.0,3116.0,3130.0,3130.0,3130.0,3130.0,3122.0,3130.0,3130.0,3130.0,3130.0,3122.0,3130.0,3130.0,3130.0,3130.0,3130.0,3130.0,3115.0,3130.0,3130.0,3130.0,3167.0,3130.0,3130.0,3130.0,3130.0,3130.0,3130.0,3130.0,3130.0,3130.0,3109.0,3130.0,3130.0,3130.0,3103.0,3130.0,3130.0,3237.0,3130.0,3130.0,3117.0,3130.0,3170.0,3130.0,3130.0,3130.0,3130.0,3130.0,3130.0,3111.0,3130.0,3130.0,3130.0,3130.0,3118.0,3188.0,3130.0,3130.0,3130.0,3130.0,3130.0,3130.0,3130.0,3130.0,3130.0,3130.0,3237.0,3130.0,3130.0,3130.0,3130.0,3130.0,3122.0,3130.0,3199.0,3130.0,3130.0,3130.0,3130.0,3130.0,3130.0,3130.0,3122.0,3130.0,3122.0,3122.0,3130.0,3122.0,3130.0,3130.0,3130.0,3130.0,3188.0,3130.0,3130.0,3122.0,3122.0,3122.0,3130.0,3130.0,3122.0,3130.0,3188.0,3130.0,3130.0,3122.0,3130.0,3130.0,3130.0,3130.0,3130.0,3130.0,3130.0,3130.0,3130.0,3130.0,3130.0,3194.0,3130.0,3130.0,3130.0,3130.0,3130.0,3130.0,3130.0,3130.0,3151.0,3130.0,3130.0,3130.0,3130.0,3130.0,3130.0,3130.0,3130.0,3116.0,3206.0,3122.0,3130.0,3130.0,3130.0,3130.0,3130.0,3130.0,3130.0,3140.0,3130.0,3130.0,3130.0,3130.0,3130.0,3116.0,3130.0,3130.0,3130.0,3130.0,3151.0,3130.0,3130.0,3130.0,3130.0,3116.0,3130.0,3130.0,3130.0,3116.0,3130.0,3130.0,3130.0,3130.0,3130.0,3130.0,3130.0,3130.0,3130.0,3130.0,3130.0,3130.0,3130.0,3130.0,3130.0,3130.0,3130.0,3130.0,3218.0,3130.0,3130.0,3130.0,3130.0,3130.0,3188.0,3130.0,3094.0,3130.0,3130.0,3151.0,3130.0,3130.0,3078.0,3112.0,3130.0,3130.0,3130.0,3118.0,3130.0,3130.0,3130.0,3115.0,3188.0,3130.0,3117.0,3130.0,3130.0,3130.0,3130.0,3130.0,3130.0,3130.0,3130.0,3130.0,3188.0,3130.0,3130.0,3130.0,3130.0,3130.0,3130.0,3130.0,3188.0,3130.0,3041.0,3130.0,3130.0,3130.0,3130.0,3130.0,3130.0,3154.0,3130.0,3130.0,3130.0,3118.0,3130.0,3130.0,3130.0,3130.0,3130.0,3130.0,3130.0,3130.0,3130.0,3130.0,3130.0,3130.0,3130.0,3188.0,3130.0,3130.0,3130.0,3130.0,3130.0,3130.0,3130.0,3188.0,3157.0,3130.0,3188.0,3130.0,3130.0,3130.0,3130.0,3130.0,3130.0,3130.0,3130.0,3130.0,3193.0,3130.0,3130.0,3193.0,3118.0,3202.0,3130.0,3118.0,3130.0,3112.0,3130.0,3188.0,3130.0,3130.0,3130.0,3168.0,3130.0,3130.0,3130.0,3094.0,3130.0,3252.0,3130.0,3130.0,3130.0,3193.0,3118.0,3130.0,3130.0,3162.0,3130.0,3188.0,3130.0,3130.0,3118.0,3122.0,3130.0,3130.0,3130.0,3130.0,3130.0,3130.0,3130.0,3130.0,3130.0,3066.0,3130.0,3130.0,3116.0,3130.0,3188.0,3130.0,3130.0,3130.0,3130.0,3130.0,3130.0,3130.0,3130.0,3112.0,3130.0,3188.0,3130.0,3188.0,3130.0,3130.0,3157.0,3130.0,3130.0,3118.0,3130.0,3130.0,3130.0,3130.0,3188.0,3130.0,3130.0,3130.0,3130.0,3118.0,3188.0,3130.0,3188.0,3130.0,3130.0,3188.0,3130.0,3130.0,3130.0,3116.0,3130.0,3130.0,3130.0,3130.0,3130.0,3130.0,3162.0,3118.0,3130.0,3130.0,3066.0,3066.0,3066.0,3188.0,3150.0,3130.0,3130.0,3130.0,3211.0,3130.0,3130.0,3066.0,3162.0,3130.0,3140.0,3130.0,3066.0,3188.0,3118.0,3130.0,3130.0,3130.0,3066.0,3130.0,3130.0,3130.0,3118.0,3160.0,3066.0,3130.0,3130.0,3066.0,3066.0,3066.0,3130.0,3162.0,3130.0,3130.0,3130.0,3066.0,3130.0,3066.0,3130.0,3130.0,3130.0,3066.0,3130.0,3188.0,3130.0,3118.0,3130.0,3066.0,3130.0,3066.0,3130.0,3203.0,3066.0,3188.0,3130.0,3130.0,3130.0,3130.0,3130.0,3188.0,3188.0,3130.0,3130.0,3130.0,3130.0,3130.0,3066.0,3124.0,3066.0,3130.0,3130.0,3130.0,3066.0,3066.0,3130.0,3130.0,3130.0,3168.0,3188.0,3130.0,3130.0,3130.0,3162.0,3130.0,3130.0,3130.0,3130.0,3130.0,3130.0,3130.0,3130.0,3130.0,3130.0,3130.0,3130.0,3162.0,3162.0,3130.0,3130.0,3152.0,3130.0,3130.0,3130.0,3130.0,3130.0,3130.0,3130.0,3130.0,3130.0,3130.0,3130.0,3211.0,3130.0,3130.0,3139.0,3031.0,3130.0,3130.0,3130.0,3130.0,3130.0,3130.0,3151.0,3130.0,3130.0,3130.0,3130.0,3168.0,3130.0,3130.0,3159.0,3130.0,3130.0,3130.0,3130.0,3130.0,3130.0,3066.0,3189.0,3130.0,3130.0,3118.0,3130.0,3130.0,3211.0,3211.0,3130.0,3188.0,3066.0,3066.0,3066.0,3130.0,3130.0,3207.0,3090.0,2462.0,2535.0,2535.0,2567.0,2503.0,2482.0,2530.0,2453.0,2535.0,2535.0,2535.0,2535.0,2535.0,2581.0,2535.0,2535.0,2535.0,2581.0,2506.0,2535.0,2535.0,2535.0,2506.0,2535.0,2506.0,2573.0,2535.0,2564.0,2535.0,2506.0,2506.0,2535.0,2535.0,2535.0,2535.0,2535.0,2535.0,2535.0,2535.0,2535.0,2506.0,2506.0,2535.0,2535.0,2535.0,2535.0,2506.0,2535.0,2535.0,2535.0,2535.0,2506.0,2535.0,2535.0,2535.0,2535.0,2535.0,2535.0,2535.0,2506.0,2535.0,2535.0,2546.0,2535.0,2535.0,2535.0,2477.0,2506.0,2535.0,2535.0,2506.0,2535.0,2535.0,2535.0,2535.0,2535.0,2535.0,2506.0,2506.0,2535.0,2599.0,2535.0,2535.0,2506.0,2535.0,2535.0,2535.0,2535.0,2535.0,2535.0,2535.0,2506.0,2535.0,2535.0,2506.0,2535.0,2535.0,2535.0,2535.0,2535.0,2506.0,2506.0,2535.0,2535.0,2535.0,2535.0,2535.0,2535.0,2506.0,2535.0,2535.0,2535.0,2535.0,2535.0,2535.0,2535.0,2535.0,2506.0,2535.0,2535.0,2535.0,2535.0,2535.0,2535.0,2535.0,2535.0,2535.0,2629.0,2535.0,2506.0,2535.0,2535.0,2535.0,2535.0,2535.0,2535.0,2535.0,2535.0,2535.0,2535.0,2535.0,2535.0,2535.0,2535.0,2535.0,2535.0,2535.0,2535.0,2535.0,2535.0,2535.0,2535.0,2535.0,2535.0,2537.0,2535.0,2535.0,2535.0,2535.0,2535.0,2535.0,2535.0,2535.0,2535.0,2535.0,2535.0,2535.0,2535.0,2535.0,2535.0,2535.0,2535.0,2535.0,2535.0,2535.0,2535.0,2535.0,2535.0,2535.0,2535.0,2535.0,2535.0,2535.0,2535.0,2535.0,2535.0,2535.0,2535.0,2535.0,2535.0,2535.0,2535.0,2535.0,2535.0,2535.0,2535.0,2535.0,2535.0,2535.0,2535.0,2535.0,2535.0,2535.0,2535.0,2581.0,2535.0,2535.0,2535.0,2535.0,2535.0,2535.0,2535.0,2535.0,2535.0,2535.0,2535.0,2535.0,2535.0,2535.0,2535.0,2535.0,2535.0,2535.0,2535.0,2535.0,2535.0,2535.0,2535.0,2535.0,2535.0,2535.0,2535.0,2535.0,2535.0,2535.0,2535.0,2535.0,2535.0,2535.0,2535.0,2535.0,2535.0,2535.0,2535.0,2535.0,2535.0,2581.0,2535.0,2535.0,2535.0,2535.0,2535.0,2535.0,2535.0,2535.0,2535.0,2535.0,2535.0,2535.0,2535.0,2535.0,2535.0,2535.0,2535.0,2535.0,2535.0,2535.0,2535.0,2535.0,2535.0,2535.0,2535.0,2604.0,2535.0,2535.0,2535.0,2535.0,2535.0,2535.0,2535.0,2535.0,2535.0,2535.0,2535.0,2580.0,2535.0,2535.0,2509.0,2535.0,2535.0,2535.0,2535.0,2535.0,2535.0,2535.0,2535.0,2555.0,2535.0,2588.0,2535.0,2535.0,2535.0,2535.0,2535.0,2535.0,2535.0,2535.0,2535.0,2535.0,2535.0,2535.0,2581.0,2535.0,2535.0,2535.0,2581.0,2535.0,2535.0,2535.0,2535.0,2535.0,2581.0,2535.0,2535.0,2535.0,2535.0,2535.0,2535.0,2535.0,2535.0,2535.0,2535.0,2535.0,2535.0,2535.0,2535.0,2535.0,2535.0,2535.0,2535.0,2535.0,2535.0,2535.0,2535.0,2535.0,2535.0,2535.0,2535.0,2564.0,2535.0,2535.0,2535.0,2535.0,2535.0,2573.0,2535.0,2535.0,2535.0,2573.0,2535.0,2535.0,2535.0,2535.0,2535.0,2535.0,2564.0,2564.0,2535.0,2535.0,2535.0,2535.0,2535.0,2535.0,2564.0,2535.0,2437.0,2535.0,2535.0,2535.0,2535.0,2535.0,2535.0,2549.0,2535.0,2535.0,2535.0,2535.0,2535.0,2471.0,2535.0,2535.0,2535.0,2535.0,2535.0,2535.0,2535.0,2535.0,2535.0,2535.0,2535.0,2535.0,2535.0,2535.0,2535.0,2535.0,2535.0,2535.0,2535.0,2509.0,2535.0,2535.0,2535.0,2535.0,2564.0,2535.0,2535.0,2535.0,2535.0,2535.0,2535.0,2535.0,2535.0,2535.0,2535.0,2535.0,2535.0,2535.0,2535.0,2535.0,2535.0,2535.0,2535.0,2535.0,2535.0,2535.0,2535.0,2564.0,2535.0,2535.0,2535.0,2535.0,2535.0,2535.0,2535.0,8312.0,8318.0,8312.0,8301.0,8312.0,8312.0,8286.0,8330.0,8312.0,8312.0,8373.0,8353.0,8312.0,8395.0,8547.0,8331.0,8312.0,8312.0,8312.0,8312.0,8312.0,8312.0,8312.0,8312.0,8312.0,8312.0,8312.0,8312.0,8312.0,8312.0,8312.0,8312.0,8312.0,8312.0,8312.0,8312.0,8307.0,8312.0,8312.0,8312.0,8312.0,8312.0,8312.0,8312.0,8312.0,8312.0,8312.0,8312.0,8312.0,8312.0,8312.0,8312.0,8312.0,8312.0,8353.0,8312.0,8312.0,8312.0,8312.0,8312.0,8312.0,8312.0,8312.0,8312.0,8312.0,8312.0,8312.0,8312.0,8353.0,8312.0,8312.0,8312.0,8312.0,8312.0,8312.0,8312.0,8312.0,8312.0,8312.0,8312.0,8312.0,8312.0,8312.0,8312.0,8312.0,8312.0,8312.0,8312.0,8312.0,8312.0,8312.0,8312.0,8341.0,8309.0,8312.0,8401.0,8312.0,8312.0,8312.0,8312.0,8312.0,8312.0,8312.0,8401.0,8312.0,8312.0,8312.0,8312.0,8312.0,8330.0,8330.0,8401.0,8312.0,8312.0,8312.0,8293.0,8312.0,8332.0,8312.0,8312.0,8312.0,8312.0,8312.0,8312.0,8318.0,8312.0,8312.0,8312.0,8312.0,8312.0,8223.0,8312.0,8312.0,8312.0,8312.0,8312.0,8312.0,8312.0,8312.0,8312.0,8312.0,8312.0,8312.0,8312.0,8312.0,8312.0,8312.0,8312.0,8312.0,8312.0,8312.0,8401.0,8324.0,8312.0,8312.0,8312.0,8312.0,8312.0,8312.0,8312.0,8312.0,8312.0,8312.0,8341.0,8330.0,8330.0,8312.0,8318.0,8312.0,8318.0,8312.0,8312.0,8312.0,8461.0,8401.0,8312.0,8312.0,8312.0,8311.0,8312.0,8312.0,8312.0,8401.0,8312.0,8312.0,8312.0,8312.0,8312.0,8312.0,8312.0,8312.0,8312.0,8312.0,8312.0,8312.0,8312.0,8312.0,8312.0,8312.0,8267.0,8312.0,8312.0,8312.0,8312.0,8267.0,8312.0,8312.0,8312.0,8312.0,8225.0,8312.0,8312.0,8312.0,8312.0,8312.0,8312.0,8223.0,8312.0,8312.0,8330.0,8330.0,8401.0,8312.0,8312.0,8540.0,8312.0,8330.0,8312.0,8401.0,8312.0,8312.0,8312.0,8312.0,8330.0,8312.0,8312.0,8312.0,8312.0,8312.0,8312.0,8312.0,8312.0,8312.0,8312.0,8312.0,8312.0,8312.0,8312.0,8312.0,8401.0,8312.0,8331.0,8312.0,8330.0,8312.0,8312.0,8312.0,8330.0,8401.0,8312.0,8312.0,8401.0,8312.0,8312.0,8312.0,8312.0,8312.0,8312.0,8312.0,8312.0,8312.0,8312.0,8312.0,8312.0,8312.0,8312.0,8312.0,8312.0,8312.0,8312.0,8312.0,8312.0,8312.0,8401.0,8312.0,8312.0,8330.0,8312.0,8312.0,8312.0,8401.0,8312.0,8401.0,8312.0,8401.0,8330.0,8312.0,8312.0,8312.0,8312.0,8312.0,8312.0,8330.0,8312.0,8330.0,8312.0,8312.0,8312.0,8401.0,8312.0,8312.0,8312.0,8312.0,8312.0,8312.0,8312.0,8312.0,8312.0,8312.0,8312.0,8312.0,8312.0,8312.0,8312.0,8312.0,8312.0,8312.0,8312.0,8401.0,8312.0,8401.0,8401.0,8312.0,8312.0,8312.0,8312.0,8312.0,8312.0,8331.0,8312.0,8312.0,8312.0,8312.0,8312.0,8312.0,8312.0,8312.0,8312.0,8312.0,8312.0,8312.0,8312.0,8312.0,8312.0,8401.0,8312.0,8341.0,8312.0,8312.0,8312.0,8401.0,8312.0,8312.0,8401.0,8312.0,8312.0,8312.0,8312.0,8312.0,8312.0,8312.0,8312.0,8401.0,8312.0,8312.0,8312.0,8401.0,8312.0,8312.0,8312.0,8312.0,8312.0,8312.0,8312.0,8312.0,8312.0,8312.0,8312.0,8401.0,8312.0,8401.0,8283.0,8312.0,8312.0,8312.0,8331.0,8312.0,8312.0,8401.0,8312.0,8401.0,8312.0,8312.0,8401.0,8401.0,8401.0,8312.0,8312.0,8331.0,8372.0,8312.0,8312.0,8401.0,8401.0,8331.0,8331.0,8401.0,8312.0,8401.0,8401.0,8401.0,8401.0,8413.0,8312.0,8401.0,8401.0,8331.0,8401.0,8401.0,8312.0,8401.0,8312.0,8401.0,8401.0,8401.0,8331.0,8401.0,8331.0,8401.0,8401.0,8331.0,8331.0,8331.0,8331.0,8331.0,8401.0,8401.0,8288.0,8331.0,8337.0,8331.0,8331.0,8331.0,8331.0,8312.0,8331.0,8331.0,8331.0,8331.0,8331.0,8331.0,8260.0,8331.0,8415.0,8331.0,8415.0,8331.0,8331.0,8413.0,8331.0,8312.0,8312.0,0.0,45.0,361.0,122.0,29.0,103.0,103.0,103.0,103.0,103.0,103.0,103.0,103.0,103.0,103.0,103.0,103.0,103.0,103.0,103.0,103.0,103.0,103.0,103.0,103.0,103.0,103.0,103.0,103.0,103.0,103.0,103.0,103.0,103.0,103.0,103.0,103.0,103.0,103.0,103.0,103.0,132.0,103.0,103.0,103.0,192.0,103.0,103.0,192.0,103.0,103.0,132.0,103.0,103.0,132.0,159.0,129.0,175.0,129.0,122.0,129.0,129.0,122.0,103.0,149.0,122.0,122.0,103.0,103.0,122.0,103.0,103.0,103.0,103.0,103.0,103.0,103.0,103.0,103.0,103.0,103.0,129.0,122.0,103.0,103.0,103.0,103.0,103.0,103.0,103.0,103.0,103.0,103.0,103.0,103.0,149.0,103.0,103.0,103.0,103.0,103.0,103.0,103.0,103.0,103.0,103.0,103.0,103.0,103.0,103.0,103.0,103.0,103.0,103.0,103.0,103.0,103.0,103.0,103.0,103.0,103.0,103.0,103.0,103.0,103.0,103.0,103.0,103.0,103.0,103.0,103.0,103.0,103.0,103.0,103.0,103.0,80.0,103.0,103.0,103.0,103.0,122.0,103.0,103.0,103.0,103.0,103.0,103.0,124.0,103.0,122.0,103.0,103.0,103.0,103.0,103.0,103.0,103.0,103.0,103.0,103.0,103.0,122.0,103.0,103.0,103.0,103.0,103.0,122.0,103.0,103.0,122.0,122.0,103.0,103.0,103.0,122.0,103.0,103.0,103.0,103.0,103.0,103.0,103.0,103.0,103.0,103.0,103.0,103.0,103.0,103.0,149.0,103.0,103.0,103.0,103.0,103.0,103.0,103.0,103.0,149.0,103.0,103.0,193.0,103.0,103.0,103.0,103.0,159.0,103.0,103.0,103.0,103.0,103.0,103.0,103.0,103.0,103.0,103.0,45.0,103.0,103.0,103.0,103.0,122.0,103.0,103.0,151.0,103.0,103.0,103.0,103.0,103.0,103.0,103.0,103.0,103.0,103.0,103.0,103.0,103.0,103.0,103.0,103.0,103.0,126.0,103.0,103.0,103.0,159.0,103.0,103.0,103.0,103.0,103.0,103.0,103.0,103.0,103.0,103.0,103.0,122.0,103.0,103.0,103.0,103.0,103.0,103.0,103.0,103.0,103.0,113.0,103.0,103.0,103.0,159.0,103.0,103.0,103.0,103.0,103.0,103.0,103.0,103.0,103.0,103.0,103.0,167.0,103.0,103.0,103.0,159.0,103.0,103.0,103.0,81.0,103.0,159.0,103.0,103.0,103.0,103.0,103.0,103.0,103.0,103.0,103.0,103.0,103.0,103.0,103.0,103.0,132.0,103.0,103.0,103.0,159.0,103.0,103.0,103.0,103.0,103.0,103.0,103.0,103.0,103.0,103.0,149.0,103.0,159.0,103.0,103.0,103.0,103.0,103.0,103.0,159.0,103.0,103.0,103.0,103.0,159.0,103.0,129.0,167.0,122.0,103.0,122.0,122.0,122.0,122.0,122.0,122.0,122.0,122.0,122.0,122.0,122.0,122.0,122.0,103.0,122.0,168.0,151.0,122.0,103.0,122.0,122.0,122.0,122.0,122.0,122.0,122.0,122.0,122.0,122.0,122.0,122.0,186.0,122.0,122.0,122.0,122.0
hDenV4/Colombia/SAN-BROAD-0000047/2004,3101.0,3079.0,3079.0,3079.0,3079.0,3079.0,3079.0,3100.0,3079.0,3148.0,3132.0,3214.0,3101.0,3065.0,3067.0,3067.0,3067.0,3105.0,3067.0,3105.0,3105.0,3071.0,3071.0,3071.0,3071.0,3091.0,3091.0,3105.0,3079.0,3105.0,3071.0,3079.0,3071.0,3105.0,3125.0,3091.0,3071.0,3076.0,3071.0,3071.0,3071.0,3071.0,3071.0,3105.0,3071.0,3071.0,3057.0,3105.0,3079.0,3079.0,3079.0,3079.0,3115.0,3115.0,3115.0,3163.0,3071.0,3079.0,3137.0,3071.0,3079.0,3071.0,3071.0,3071.0,3079.0,3079.0,3105.0,3071.0,3079.0,3105.0,3105.0,3071.0,3071.0,3105.0,3071.0,3071.0,3079.0,3079.0,3079.0,3079.0,3084.0,3079.0,3079.0,3079.0,3079.0,3084.0,3079.0,3057.0,3105.0,3079.0,3079.0,3079.0,3079.0,3079.0,3071.0,3079.0,3071.0,3071.0,3071.0,3079.0,3071.0,3079.0,3079.0,3071.0,3079.0,3079.0,3079.0,3071.0,3071.0,3079.0,3071.0,3065.0,3079.0,3079.0,3067.0,3079.0,3079.0,3079.0,3079.0,3079.0,3079.0,3071.0,3079.0,3105.0,3079.0,3079.0,3079.0,3079.0,3015.0,3079.0,3079.0,3079.0,3065.0,3079.0,3079.0,3079.0,3079.0,3137.0,3079.0,3079.0,3079.0,3079.0,3137.0,3065.0,3079.0,3071.0,3079.0,3065.0,3079.0,3079.0,3079.0,3079.0,3071.0,3079.0,3079.0,3079.0,3079.0,3071.0,3079.0,3079.0,3079.0,3079.0,3079.0,3079.0,3064.0,3079.0,3079.0,3079.0,3116.0,3079.0,3079.0,3079.0,3079.0,3079.0,3079.0,3079.0,3079.0,3079.0,3058.0,3079.0,3079.0,3079.0,3052.0,3079.0,3079.0,3186.0,3079.0,3079.0,3066.0,3079.0,3119.0,3079.0,3079.0,3079.0,3079.0,3079.0,3079.0,3060.0,3079.0,3079.0,3079.0,3079.0,3067.0,3137.0,3079.0,3079.0,3079.0,3079.0,3079.0,3079.0,3079.0,3079.0,3079.0,3079.0,3186.0,3079.0,3079.0,3079.0,3079.0,3079.0,3071.0,3079.0,3148.0,3079.0,3079.0,3079.0,3079.0,3079.0,3079.0,3079.0,3071.0,3079.0,3071.0,3071.0,3079.0,3071.0,3079.0,3079.0,3079.0,3079.0,3137.0,3079.0,3079.0,3071.0,3071.0,3071.0,3079.0,3079.0,3071.0,3079.0,3137.0,3079.0,3079.0,3071.0,3079.0,3079.0,3079.0,3079.0,3079.0,3079.0,3079.0,3079.0,3079.0,3079.0,3079.0,3143.0,3079.0,3079.0,3079.0,3079.0,3079.0,3079.0,3079.0,3079.0,3100.0,3079.0,3079.0,3079.0,3079.0,3079.0,3079.0,3079.0,3079.0,3065.0,3155.0,3071.0,3079.0,3079.0,3079.0,3079.0,3079.0,3079.0,3079.0,3089.0,3079.0,3079.0,3079.0,3079.0,3079.0,3065.0,3079.0,3079.0,3079.0,3079.0,3100.0,3079.0,3079.0,3079.0,3079.0,3065.0,3079.0,3079.0,3079.0,3065.0,3079.0,3079.0,3079.0,3079.0,3079.0,3079.0,3079.0,3079.0,3079.0,3079.0,3079.0,3079.0,3079.0,3079.0,3079.0,3079.0,3079.0,3079.0,3167.0,3079.0,3079.0,3079.0,3079.0,3079.0,3137.0,3079.0,3043.0,3079.0,3079.0,3100.0,3079.0,3079.0,3027.0,3061.0,3079.0,3079.0,3079.0,3067.0,3079.0,3079.0,3079.0,3064.0,3137.0,3079.0,3066.0,3079.0,3079.0,3079.0,3079.0,3079.0,3079.0,3079.0,3079.0,3079.0,3137.0,3079.0,3079.0,3079.0,3079.0,3079.0,3079.0,3079.0,3137.0,3079.0,2990.0,3079.0,3079.0,3079.0,3079.0,3079.0,3079.0,3103.0,3079.0,3079.0,3079.0,3067.0,3079.0,3079.0,3079.0,3079.0,3079.0,3079.0,3079.0,3079.0,3079.0,3079.0,3079.0,3079.0,3079.0,3137.0,3079.0,3079.0,3079.0,3079.0,3079.0,3079.0,3079.0,3137.0,3106.0,3079.0,3137.0,3079.0,3079.0,3079.0,3079.0,3079.0,3079.0,3079.0,3079.0,3079.0,3142.0,3079.0,3079.0,3142.0,3067.0,3151.0,3079.0,3067.0,3079.0,3061.0,3079.0,3137.0,3079.0,3079.0,3079.0,3117.0,3079.0,3079.0,3079.0,3043.0,3079.0,3201.0,3079.0,3079.0,3079.0,3142.0,3067.0,3079.0,3079.0,3111.0,3079.0,3137.0,3079.0,3079.0,3067.0,3071.0,3079.0,3079.0,3079.0,3079.0,3079.0,3079.0,3079.0,3079.0,3079.0,3015.0,3079.0,3079.0,3065.0,3079.0,3137.0,3079.0,3079.0,3079.0,3079.0,3079.0,3079.0,3079.0,3079.0,3061.0,3079.0,3137.0,3079.0,3137.0,3079.0,3079.0,3106.0,3079.0,3079.0,3067.0,3079.0,3079.0,3079.0,3079.0,3137.0,3079.0,3079.0,3079.0,3079.0,3067.0,3137.0,3079.0,3137.0,3079.0,3079.0,3137.0,3079.0,3079.0,3079.0,3065.0,3079.0,3079.0,3079.0,3079.0,3079.0,3079.0,3111.0,3067.0,3079.0,3079.0,3015.0,3015.0,3015.0,3137.0,3099.0,3079.0,3079.0,3079.0,3160.0,3079.0,3079.0,3015.0,3111.0,3079.0,3089.0,3079.0,3015.0,3137.0,3067.0,3079.0,3079.0,3079.0,3015.0,3079.0,3079.0,3079.0,3067.0,3109.0,3015.0,3079.0,3079.0,3015.0,3015.0,3015.0,3079.0,3111.0,3079.0,3079.0,3079.0,3015.0,3079.0,3015.0,3079.0,3079.0,3079.0,3015.0,3079.0,3137.0,3079.0,3067.0,3079.0,3015.0,3079.0,3015.0,3079.0,3152.0,3015.0,3137.0,3079.0,3079.0,3079.0,3079.0,3079.0,3137.0,3137.0,3079.0,3079.0,3079.0,3079.0,3079.0,3015.0,3073.0,3015.0,3079.0,3079.0,3079.0,3015.0,3015.0,3079.0,3079.0,3079.0,3117.0,3137.0,3079.0,3079.0,3079.0,3111.0,3079.0,3079.0,3079.0,3079.0,3079.0,3079.0,3079.0,3079.0,3079.0,3079.0,3079.0,3079.0,3111.0,3111.0,3079.0,3079.0,3101.0,3079.0,3079.0,3079.0,3079.0,3079.0,3079.0,3079.0,3079.0,3079.0,3079.0,3079.0,3160.0,3079.0,3079.0,3088.0,2980.0,3079.0,3079.0,3079.0,3079.0,3079.0,3079.0,3100.0,3079.0,3079.0,3079.0,3079.0,3117.0,3079.0,3079.0,3068.0,3079.0,3079.0,3079.0,3079.0,3079.0,3079.0,3015.0,3138.0,3079.0,3079.0,3067.0,3079.0,3079.0,3160.0,3160.0,3079.0,3137.0,3015.0,3015.0,3015.0,3079.0,3079.0,3156.0,3039.0,2410.0,2483.0,2483.0,2515.0,2451.0,2430.0,2478.0,2401.0,2483.0,2483.0,2483.0,2483.0,2483.0,2529.0,2483.0,2483.0,2483.0,2529.0,2454.0,2483.0,2483.0,2483.0,2454.0,2483.0,2454.0,2521.0,2483.0,2512.0,2483.0,2454.0,2454.0,2483.0,2483.0,2483.0,2483.0,2483.0,2483.0,2483.0,2483.0,2483.0,2454.0,2454.0,2483.0,2483.0,2483.0,2483.0,2454.0,2483.0,2483.0,2483.0,2483.0,2454.0,2483.0,2483.0,2483.0,2483.0,2483.0,2483.0,2483.0,2454.0,2483.0,2483.0,2494.0,2483.0,2483.0,2483.0,2425.0,2454.0,2483.0,2483.0,2454.0,2483.0,2483.0,2483.0,2483.0,2483.0,2483.0,2454.0,2454.0,2483.0,2547.0,2483.0,2483.0,2454.0,2483.0,2483.0,2483.0,2483.0,2483.0,2483.0,2483.0,2454.0,2483.0,2483.0,2454.0,2483.0,2483.0,2483.0,2483.0,2483.0,2454.0,2454.0,2483.0,2483.0,2483.0,2483.0,2483.0,2483.0,2454.0,2483.0,2483.0,2483.0,2483.0,2483.0,2483.0,2483.0,2483.0,2454.0,2483.0,2483.0,2483.0,2483.0,2483.0,2483.0,2483.0,2483.0,2483.0,2577.0,2483.0,2454.0,2483.0,2483.0,2483.0,2483.0,2483.0,2483.0,2483.0,2483.0,2483.0,2483.0,2483.0,2483.0,2483.0,2483.0,2483.0,2483.0,2483.0,2483.0,2483.0,2483.0,2483.0,2483.0,2483.0,2483.0,2485.0,2483.0,2483.0,2483.0,2483.0,2483.0,2483.0,2483.0,2483.0,2483.0,2483.0,2483.0,2483.0,2483.0,2483.0,2483.0,2483.0,2483.0,2483.0,2483.0,2483.0,2483.0,2483.0,2483.0,2483.0,2483.0,2483.0,2483.0,2483.0,2483.0,2483.0,2483.0,2483.0,2483.0,2483.0,2483.0,2483.0,2483.0,2483.0,2483.0,2483.0,2483.0,2483.0,2483.0,2483.0,2483.0,2483.0,2483.0,2483.0,2483.0,2529.0,2483.0,2483.0,2483.0,2483.0,2483.0,2483.0,2483.0,2483.0,2483.0,2483.0,2483.0,2483.0,2483.0,2483.0,2483.0,2483.0,2483.0,2483.0,2483.0,2483.0,2483.0,2483.0,2483.0,2483.0,2483.0,2483.0,2483.0,2483.0,2483.0,2483.0,2483.0,2483.0,2483.0,2483.0,2483.0,2483.0,2483.0,2483.0,2483.0,2483.0,2483.0,2529.0,2483.0,2483.0,2483.0,2483.0,2483.0,2483.0,2483.0,2483.0,2483.0,2483.0,2483.0,2483.0,2483.0,2483.0,2483.0,2483.0,2483.0,2483.0,2483.0,2483.0,2483.0,2483.0,2483.0,2483.0,2483.0,2552.0,2483.0,2483.0,2483.0,2483.0,2483.0,2483.0,2483.0,2483.0,2483.0,2483.0,2483.0,2528.0,2483.0,2483.0,2457.0,2483.0,2483.0,2483.0,2483.0,2483.0,2483.0,2483.0,2483.0,2503.0,2483.0,2536.0,2483.0,2483.0,2483.0,2483.0,2483.0,2483.0,2483.0,2483.0,2483.0,2483.0,2483.0,2483.0,2529.0,2483.0,2483.0,2483.0,2529.0,2483.0,2483.0,2483.0,2483.0,2483.0,2529.0,2483.0,2483.0,2483.0,2483.0,2483.0,2483.0,2483.0,2483.0,2483.0,2483.0,2483.0,2483.0,2483.0,2483.0,2483.0,2483.0,2483.0,2483.0,2483.0,2483.0,2483.0,2483.0,2483.0,2483.0,2483.0,2483.0,2512.0,2483.0,2483.0,2483.0,2483.0,2483.0,2521.0,2483.0,2483.0,2483.0,2521.0,2483.0,2483.0,2483.0,2483.0,2483.0,2483.0,2512.0,2512.0,2483.0,2483.0,2483.0,2483.0,2483.0,2483.0,2512.0,2483.0,2385.0,2483.0,2483.0,2483.0,2483.0,2483.0,2483.0,2497.0,2483.0,2483.0,2483.0,2483.0,2483.0,2419.0,2483.0,2483.0,2483.0,2483.0,2483.0,2483.0,2483.0,2483.0,2483.0,2483.0,2483.0,2483.0,2483.0,2483.0,2483.0,2483.0,2483.0,2483.0,2483.0,2457.0,2483.0,2483.0,2483.0,2483.0,2512.0,2483.0,2483.0,2483.0,2483.0,2483.0,2483.0,2483.0,2483.0,2483.0,2483.0,2483.0,2483.0,2483.0,2483.0,2483.0,2483.0,2483.0,2483.0,2483.0,2483.0,2483.0,2483.0,2512.0,2483.0,2483.0,2483.0,2483.0,2483.0,2483.0,2483.0,8263.0,8269.0,8263.0,8252.0,8263.0,8263.0,8237.0,8281.0,8263.0,8263.0,8324.0,8304.0,8263.0,8346.0,8498.0,8282.0,8263.0,8263.0,8263.0,8263.0,8263.0,8263.0,8263.0,8263.0,8263.0,8263.0,8263.0,8263.0,8263.0,8263.0,8263.0,8263.0,8263.0,8263.0,8263.0,8263.0,8258.0,8263.0,8263.0,8263.0,8263.0,8263.0,8263.0,8263.0,8263.0,8263.0,8263.0,8263.0,8263.0,8263.0,8263.0,8263.0,8263.0,8263.0,8304.0,8263.0,8263.0,8263.0,8263.0,8263.0,8263.0,8263.0,8263.0,8263.0,8263.0,8263.0,8263.0,8263.0,8304.0,8263.0,8263.0,8263.0,8263.0,8263.0,8263.0,8263.0,8263.0,8263.0,8263.0,8263.0,8263.0,8263.0,8263.0,8263.0,8263.0,8263.0,8263.0,8263.0,8263.0,8263.0,8263.0,8263.0,8292.0,8260.0,8263.0,8352.0,8263.0,8263.0,8263.0,8263.0,8263.0,8263.0,8263.0,8352.0,8263.0,8263.0,8263.0,8263.0,8263.0,8281.0,8281.0,8352.0,8263.0,8263.0,8263.0,8244.0,8263.0,8283.0,8263.0,8263.0,8263.0,8263.0,8263.0,8263.0,8269.0,8263.0,8263.0,8263.0,8263.0,8263.0,8174.0,8263.0,8263.0,8263.0,8263.0,8263.0,8263.0,8263.0,8263.0,8263.0,8263.0,8263.0,8263.0,8263.0,8263.0,8263.0,8263.0,8263.0,8263.0,8263.0,8263.0,8352.0,8275.0,8263.0,8263.0,8263.0,8263.0,8263.0,8263.0,8263.0,8263.0,8263.0,8263.0,8292.0,8281.0,8281.0,8263.0,8269.0,8263.0,8269.0,8263.0,8263.0,8263.0,8412.0,8352.0,8263.0,8263.0,8263.0,8262.0,8263.0,8263.0,8263.0,8352.0,8263.0,8263.0,8263.0,8263.0,8263.0,8263.0,8263.0,8263.0,8263.0,8263.0,8263.0,8263.0,8263.0,8263.0,8263.0,8263.0,8218.0,8263.0,8263.0,8263.0,8263.0,8218.0,8263.0,8263.0,8263.0,8263.0,8176.0,8263.0,8263.0,8263.0,8263.0,8263.0,8263.0,8174.0,8263.0,8263.0,8281.0,8281.0,8352.0,8263.0,8263.0,8491.0,8263.0,8281.0,8263.0,8352.0,8263.0,8263.0,8263.0,8263.0,8281.0,8263.0,8263.0,8263.0,8263.0,8263.0,8263.0,8263.0,8263.0,8263.0,8263.0,8263.0,8263.0,8263.0,8263.0,8263.0,8352.0,8263.0,8282.0,8263.0,8281.0,8263.0,8263.0,8263.0,8281.0,8352.0,8263.0,8263.0,8352.0,8263.0,8263.0,8263.0,8263.0,8263.0,8263.0,8263.0,8263.0,8263.0,8263.0,8263.0,8263.0,8263.0,8263.0,8263.0,8263.0,8263.0,8263.0,8263.0,8263.0,8263.0,8352.0,8263.0,8263.0,8281.0,8263.0,8263.0,8263.0,8352.0,8263.0,8352.0,8263.0,8352.0,8281.0,8263.0,8263.0,8263.0,8263.0,8263.0,8263.0,8281.0,8263.0,8281.0,8263.0,8263.0,8263.0,8352.0,8263.0,8263.0,8263.0,8263.0,8263.0,8263.0,8263.0,8263.0,8263.0,8263.0,8263.0,8263.0,8263.0,8263.0,8263.0,8263.0,8263.0,8263.0,8263.0,8352.0,8263.0,8352.0,8352.0,8263.0,8263.0,8263.0,8263.0,8263.0,8263.0,8282.0,8263.0,8263.0,8263.0,8263.0,8263.0,8263.0,8263.0,8263.0,8263.0,8263.0,8263.0,8263.0,8263.0,8263.0,8263.0,8352.0,8263.0,8292.0,8263.0,8263.0,8263.0,8352.0,8263.0,8263.0,8352.0,8263.0,8263.0,8263.0,8263.0,8263.0,8263.0,8263.0,8263.0,8352.0,8263.0,8263.0,8263.0,8352.0,8263.0,8263.0,8263.0,8263.0,8263.0,8263.0,8263.0,8263.0,8263.0,8263.0,8263.0,8352.0,8263.0,8352.0,8234.0,8263.0,8263.0,8263.0,8282.0,8263.0,8263.0,8352.0,8263.0,8352.0,8263.0,8263.0,8352.0,8352.0,8352.0,8263.0,8263.0,8282.0,8323.0,8263.0,8263.0,8352.0,8352.0,8282.0,8282.0,8352.0,8263.0,8352.0,8352.0,8352.0,8352.0,8364.0,8263.0,8352.0,8352.0,8282.0,8352.0,8352.0,8263.0,8352.0,8263.0,8352.0,8352.0,8352.0,8282.0,8352.0,8282.0,8352.0,8352.0,8282.0,8282.0,8282.0,8282.0,8282.0,8352.0,8352.0,8239.0,8282.0,8288.0,8282.0,8282.0,8282.0,8282.0,8263.0,8282.0,8282.0,8282.0,8282.0,8282.0,8282.0,8211.0,8282.0,8366.0,8282.0,8366.0,8282.0,8282.0,8364.0,8282.0,8263.0,8263.0,149.0,194.0,510.0,271.0,120.0,252.0,252.0,252.0,252.0,252.0,252.0,252.0,252.0,252.0,252.0,252.0,252.0,252.0,252.0,252.0,252.0,252.0,252.0,252.0,252.0,252.0,252.0,252.0,252.0,252.0,252.0,252.0,252.0,252.0,252.0,252.0,252.0,252.0,252.0,252.0,252.0,281.0,252.0,252.0,252.0,341.0,252.0,252.0,341.0,252.0,252.0,281.0,252.0,252.0,281.0,308.0,278.0,324.0,278.0,271.0,278.0,278.0,271.0,252.0,298.0,271.0,271.0,252.0,252.0,271.0,252.0,252.0,252.0,252.0,252.0,252.0,252.0,252.0,252.0,252.0,252.0,278.0,271.0,252.0,252.0,252.0,252.0,252.0,252.0,252.0,252.0,252.0,252.0,252.0,252.0,298.0,252.0,252.0,252.0,252.0,252.0,252.0,252.0,252.0,252.0,252.0,252.0,252.0,252.0,252.0,252.0,252.0,252.0,252.0,252.0,252.0,252.0,252.0,252.0,252.0,252.0,252.0,252.0,252.0,252.0,252.0,252.0,252.0,252.0,252.0,252.0,252.0,252.0,252.0,252.0,252.0,229.0,252.0,252.0,252.0,252.0,271.0,252.0,252.0,252.0,252.0,252.0,252.0,273.0,252.0,271.0,252.0,252.0,252.0,252.0,252.0,252.0,252.0,252.0,252.0,252.0,252.0,271.0,252.0,252.0,252.0,252.0,252.0,271.0,252.0,252.0,271.0,271.0,252.0,252.0,252.0,271.0,252.0,252.0,252.0,252.0,252.0,252.0,252.0,252.0,252.0,252.0,252.0,252.0,252.0,252.0,298.0,252.0,252.0,252.0,252.0,252.0,252.0,252.0,252.0,298.0,252.0,252.0,342.0,252.0,252.0,252.0,252.0,308.0,252.0,252.0,252.0,252.0,252.0,252.0,252.0,252.0,252.0,252.0,194.0,252.0,252.0,252.0,252.0,271.0,252.0,252.0,300.0,252.0,252.0,252.0,252.0,252.0,252.0,252.0,252.0,252.0,252.0,252.0,252.0,252.0,252.0,252.0,252.0,252.0,275.0,252.0,252.0,252.0,308.0,252.0,252.0,252.0,252.0,252.0,252.0,252.0,252.0,252.0,252.0,252.0,271.0,252.0,252.0,252.0,252.0,252.0,252.0,252.0,252.0,252.0,262.0,252.0,252.0,252.0,308.0,252.0,252.0,252.0,252.0,252.0,252.0,252.0,252.0,252.0,252.0,252.0,316.0,252.0,252.0,252.0,308.0,252.0,252.0,252.0,230.0,252.0,308.0,252.0,252.0,252.0,252.0,252.0,252.0,252.0,252.0,252.0,252.0,252.0,252.0,252.0,252.0,281.0,252.0,252.0,252.0,308.0,252.0,252.0,252.0,252.0,252.0,252.0,252.0,252.0,252.0,252.0,298.0,252.0,308.0,252.0,252.0,252.0,252.0,252.0,252.0,308.0,252.0,252.0,252.0,252.0,308.0,252.0,278.0,316.0,271.0,252.0,271.0,271.0,271.0,271.0,271.0,271.0,271.0,271.0,271.0,271.0,271.0,271.0,271.0,252.0,271.0,317.0,242.0,271.0,252.0,271.0,271.0,271.0,271.0,271.0,271.0,271.0,271.0,271.0,271.0,271.0,271.0,335.0,271.0,271.0,271.0,271.0
hDenV4/Colombia/SAN-BROAD-0000051/2004,3101.0,3079.0,3079.0,3079.0,3079.0,3079.0,3079.0,3100.0,3079.0,3148.0,3132.0,3214.0,3101.0,3065.0,3067.0,3067.0,3067.0,3105.0,3067.0,3105.0,3105.0,3071.0,3071.0,3071.0,3071.0,3091.0,3091.0,3105.0,3079.0,3105.0,3071.0,3079.0,3071.0,3105.0,3125.0,3091.0,3071.0,3076.0,3071.0,3071.0,3071.0,3071.0,3071.0,3105.0,3071.0,3071.0,3057.0,3105.0,3079.0,3079.0,3079.0,3079.0,3115.0,3115.0,3115.0,3163.0,3071.0,3079.0,3137.0,3071.0,3079.0,3071.0,3071.0,3071.0,3079.0,3079.0,3105.0,3071.0,3079.0,3105.0,3105.0,3071.0,3071.0,3105.0,3071.0,3071.0,3079.0,3079.0,3079.0,3079.0,3084.0,3079.0,3079.0,3079.0,3079.0,3084.0,3079.0,3057.0,3105.0,3079.0,3079.0,3079.0,3079.0,3079.0,3071.0,3079.0,3071.0,3071.0,3071.0,3079.0,3071.0,3079.0,3079.0,3071.0,3079.0,3079.0,3079.0,3071.0,3071.0,3079.0,3071.0,3065.0,3079.0,3079.0,3067.0,3079.0,3079.0,3079.0,3079.0,3079.0,3079.0,3071.0,3079.0,3105.0,3079.0,3079.0,3079.0,3079.0,3015.0,3079.0,3079.0,3079.0,3065.0,3079.0,3079.0,3079.0,3079.0,3137.0,3079.0,3079.0,3079.0,3079.0,3137.0,3065.0,3079.0,3071.0,3079.0,3065.0,3079.0,3079.0,3079.0,3079.0,3071.0,3079.0,3079.0,3079.0,3079.0,3071.0,3079.0,3079.0,3079.0,3079.0,3079.0,3079.0,3064.0,3079.0,3079.0,3079.0,3116.0,3079.0,3079.0,3079.0,3079.0,3079.0,3079.0,3079.0,3079.0,3079.0,3058.0,3079.0,3079.0,3079.0,3052.0,3079.0,3079.0,3186.0,3079.0,3079.0,3066.0,3079.0,3119.0,3079.0,3079.0,3079.0,3079.0,3079.0,3079.0,3060.0,3079.0,3079.0,3079.0,3079.0,3067.0,3137.0,3079.0,3079.0,3079.0,3079.0,3079.0,3079.0,3079.0,3079.0,3079.0,3079.0,3186.0,3079.0,3079.0,3079.0,3079.0,3079.0,3071.0,3079.0,3148.0,3079.0,3079.0,3079.0,3079.0,3079.0,3079.0,3079.0,3071.0,3079.0,3071.0,3071.0,3079.0,3071.0,3079.0,3079.0,3079.0,3079.0,3137.0,3079.0,3079.0,3071.0,3071.0,3071.0,3079.0,3079.0,3071.0,3079.0,3137.0,3079.0,3079.0,3071.0,3079.0,3079.0,3079.0,3079.0,3079.0,3079.0,3079.0,3079.0,3079.0,3079.0,3079.0,3143.0,3079.0,3079.0,3079.0,3079.0,3079.0,3079.0,3079.0,3079.0,3100.0,3079.0,3079.0,3079.0,3079.0,3079.0,3079.0,3079.0,3079.0,3065.0,3155.0,3071.0,3079.0,3079.0,3079.0,3079.0,3079.0,3079.0,3079.0,3089.0,3079.0,3079.0,3079.0,3079.0,3079.0,3065.0,3079.0,3079.0,3079.0,3079.0,3100.0,3079.0,3079.0,3079.0,3079.0,3065.0,3079.0,3079.0,3079.0,3065.0,3079.0,3079.0,3079.0,3079.0,3079.0,3079.0,3079.0,3079.0,3079.0,3079.0,3079.0,3079.0,3079.0,3079.0,3079.0,3079.0,3079.0,3079.0,3167.0,3079.0,3079.0,3079.0,3079.0,3079.0,3137.0,3079.0,3043.0,3079.0,3079.0,3100.0,3079.0,3079.0,3027.0,3061.0,3079.0,3079.0,3079.0,3067.0,3079.0,3079.0,3079.0,3064.0,3137.0,3079.0,3066.0,3079.0,3079.0,3079.0,3079.0,3079.0,3079.0,3079.0,3079.0,3079.0,3137.0,3079.0,3079.0,3079.0,3079.0,3079.0,3079.0,3079.0,3137.0,3079.0,2990.0,3079.0,3079.0,3079.0,3079.0,3079.0,3079.0,3103.0,3079.0,3079.0,3079.0,3067.0,3079.0,3079.0,3079.0,3079.0,3079.0,3079.0,3079.0,3079.0,3079.0,3079.0,3079.0,3079.0,3079.0,3137.0,3079.0,3079.0,3079.0,3079.0,3079.0,3079.0,3079.0,3137.0,3106.0,3079.0,3137.0,3079.0,3079.0,3079.0,3079.0,3079.0,3079.0,3079.0,3079.0,3079.0,3142.0,3079.0,3079.0,3142.0,3067.0,3151.0,3079.0,3067.0,3079.0,3061.0,3079.0,3137.0,3079.0,3079.0,3079.0,3117.0,3079.0,3079.0,3079.0,3043.0,3079.0,3201.0,3079.0,3079.0,3079.0,3142.0,3067.0,3079.0,3079.0,3111.0,3079.0,3137.0,3079.0,3079.0,3067.0,3071.0,3079.0,3079.0,3079.0,3079.0,3079.0,3079.0,3079.0,3079.0,3079.0,3015.0,3079.0,3079.0,3065.0,3079.0,3137.0,3079.0,3079.0,3079.0,3079.0,3079.0,3079.0,3079.0,3079.0,3061.0,3079.0,3137.0,3079.0,3137.0,3079.0,3079.0,3106.0,3079.0,3079.0,3067.0,3079.0,3079.0,3079.0,3079.0,3137.0,3079.0,3079.0,3079.0,3079.0,3067.0,3137.0,3079.0,3137.0,3079.0,3079.0,3137.0,3079.0,3079.0,3079.0,3065.0,3079.0,3079.0,3079.0,3079.0,3079.0,3079.0,3111.0,3067.0,3079.0,3079.0,3015.0,3015.0,3015.0,3137.0,3099.0,3079.0,3079.0,3079.0,3160.0,3079.0,3079.0,3015.0,3111.0,3079.0,3089.0,3079.0,3015.0,3137.0,3067.0,3079.0,3079.0,3079.0,3015.0,3079.0,3079.0,3079.0,3067.0,3109.0,3015.0,3079.0,3079.0,3015.0,3015.0,3015.0,3079.0,3111.0,3079.0,3079.0,3079.0,3015.0,3079.0,3015.0,3079.0,3079.0,3079.0,3015.0,3079.0,3137.0,3079.0,3067.0,3079.0,3015.0,3079.0,3015.0,3079.0,3152.0,3015.0,3137.0,3079.0,3079.0,3079.0,3079.0,3079.0,3137.0,3137.0,3079.0,3079.0,3079.0,3079.0,3079.0,3015.0,3073.0,3015.0,3079.0,3079.0,3079.0,3015.0,3015.0,3079.0,3079.0,3079.0,3117.0,3137.0,3079.0,3079.0,3079.0,3111.0,3079.0,3079.0,3079.0,3079.0,3079.0,3079.0,3079.0,3079.0,3079.0,3079.0,3079.0,3079.0,3111.0,3111.0,3079.0,3079.0,3101.0,3079.0,3079.0,3079.0,3079.0,3079.0,3079.0,3079.0,3079.0,3079.0,3079.0,3079.0,3160.0,3079.0,3079.0,3088.0,2980.0,3079.0,3079.0,3079.0,3079.0,3079.0,3079.0,3100.0,3079.0,3079.0,3079.0,3079.0,3117.0,3079.0,3079.0,3068.0,3079.0,3079.0,3079.0,3079.0,3079.0,3079.0,3015.0,3138.0,3079.0,3079.0,3067.0,3079.0,3079.0,3160.0,3160.0,3079.0,3137.0,3015.0,3015.0,3015.0,3079.0,3079.0,3156.0,3039.0,2410.0,2483.0,2483.0,2515.0,2451.0,2430.0,2478.0,2401.0,2483.0,2483.0,2483.0,2483.0,2483.0,2529.0,2483.0,2483.0,2483.0,2529.0,2454.0,2483.0,2483.0,2483.0,2454.0,2483.0,2454.0,2521.0,2483.0,2512.0,2483.0,2454.0,2454.0,2483.0,2483.0,2483.0,2483.0,2483.0,2483.0,2483.0,2483.0,2483.0,2454.0,2454.0,2483.0,2483.0,2483.0,2483.0,2454.0,2483.0,2483.0,2483.0,2483.0,2454.0,2483.0,2483.0,2483.0,2483.0,2483.0,2483.0,2483.0,2454.0,2483.0,2483.0,2494.0,2483.0,2483.0,2483.0,2425.0,2454.0,2483.0,2483.0,2454.0,2483.0,2483.0,2483.0,2483.0,2483.0,2483.0,2454.0,2454.0,2483.0,2547.0,2483.0,2483.0,2454.0,2483.0,2483.0,2483.0,2483.0,2483.0,2483.0,2483.0,2454.0,2483.0,2483.0,2454.0,2483.0,2483.0,2483.0,2483.0,2483.0,2454.0,2454.0,2483.0,2483.0,2483.0,2483.0,2483.0,2483.0,2454.0,2483.0,2483.0,2483.0,2483.0,2483.0,2483.0,2483.0,2483.0,2454.0,2483.0,2483.0,2483.0,2483.0,2483.0,2483.0,2483.0,2483.0,2483.0,2577.0,2483.0,2454.0,2483.0,2483.0,2483.0,2483.0,2483.0,2483.0,2483.0,2483.0,2483.0,2483.0,2483.0,2483.0,2483.0,2483.0,2483.0,2483.0,2483.0,2483.0,2483.0,2483.0,2483.0,2483.0,2483.0,2483.0,2485.0,2483.0,2483.0,2483.0,2483.0,2483.0,2483.0,2483.0,2483.0,2483.0,2483.0,2483.0,2483.0,2483.0,2483.0,2483.0,2483.0,2483.0,2483.0,2483.0,2483.0,2483.0,2483.0,2483.0,2483.0,2483.0,2483.0,2483.0,2483.0,2483.0,2483.0,2483.0,2483.0,2483.0,2483.0,2483.0,2483.0,2483.0,2483.0,2483.0,2483.0,2483.0,2483.0,2483.0,2483.0,2483.0,2483.0,2483.0,2483.0,2483.0,2529.0,2483.0,2483.0,2483.0,2483.0,2483.0,2483.0,2483.0,2483.0,2483.0,2483.0,2483.0,2483.0,2483.0,2483.0,2483.0,2483.0,2483.0,2483.0,2483.0,2483.0,2483.0,2483.0,2483.0,2483.0,2483.0,2483.0,2483.0,2483.0,2483.0,2483.0,2483.0,2483.0,2483.0,2483.0,2483.0,2483.0,2483.0,2483.0,2483.0,2483.0,2483.0,2529.0,2483.0,2483.0,2483.0,2483.0,2483.0,2483.0,2483.0,2483.0,2483.0,2483.0,2483.0,2483.0,2483.0,2483.0,2483.0,2483.0,2483.0,2483.0,2483.0,2483.0,2483.0,2483.0,2483.0,2483.0,2483.0,2552.0,2483.0,2483.0,2483.0,2483.0,2483.0,2483.0,2483.0,2483.0,2483.0,2483.0,2483.0,2528.0,2483.0,2483.0,2457.0,2483.0,2483.0,2483.0,2483.0,2483.0,2483.0,2483.0,2483.0,2503.0,2483.0,2536.0,2483.0,2483.0,2483.0,2483.0,2483.0,2483.0,2483.0,2483.0,2483.0,2483.0,2483.0,2483.0,2529.0,2483.0,2483.0,2483.0,2529.0,2483.0,2483.0,2483.0,2483.0,2483.0,2529.0,2483.0,2483.0,2483.0,2483.0,2483.0,2483.0,2483.0,2483.0,2483.0,2483.0,2483.0,2483.0,2483.0,2483.0,2483.0,2483.0,2483.0,2483.0,2483.0,2483.0,2483.0,2483.0,2483.0,2483.0,2483.0,2483.0,2512.0,2483.0,2483.0,2483.0,2483.0,2483.0,2521.0,2483.0,2483.0,2483.0,2521.0,2483.0,2483.0,2483.0,2483.0,2483.0,2483.0,2512.0,2512.0,2483.0,2483.0,2483.0,2483.0,2483.0,2483.0,2512.0,2483.0,2385.0,2483.0,2483.0,2483.0,2483.0,2483.0,2483.0,2497.0,2483.0,2483.0,2483.0,2483.0,2483.0,2419.0,2483.0,2483.0,2483.0,2483.0,2483.0,2483.0,2483.0,2483.0,2483.0,2483.0,2483.0,2483.0,2483.0,2483.0,2483.0,2483.0,2483.0,2483.0,2483.0,2457.0,2483.0,2483.0,2483.0,2483.0,2512.0,2483.0,2483.0,2483.0,2483.0,2483.0,2483.0,2483.0,2483.0,2483.0,2483.0,2483.0,2483.0,2483.0,2483.0,2483.0,2483.0,2483.0,2483.0,2483.0,2483.0,2483.0,2483.0,2512.0,2483.0,2483.0,2483.0,2483.0,2483.0,2483.0,2483.0,8263.0,8269.0,8263.0,8252.0,8263.0,8263.0,8237.0,8281.0,8263.0,8263.0,8324.0,8304.0,8263.0,8346.0,8498.0,8282.0,8263.0,8263.0,8263.0,8263.0,8263.0,8263.0,8263.0,8263.0,8263.0,8263.0,8263.0,8263.0,8263.0,8263.0,8263.0,8263.0,8263.0,8263.0,8263.0,8263.0,8258.0,8263.0,8263.0,8263.0,8263.0,8263.0,8263.0,8263.0,8263.0,8263.0,8263.0,8263.0,8263.0,8263.0,8263.0,8263.0,8263.0,8263.0,8304.0,8263.0,8263.0,8263.0,8263.0,8263.0,8263.0,8263.0,8263.0,8263.0,8263.0,8263.0,8263.0,8263.0,8304.0,8263.0,8263.0,8263.0,8263.0,8263.0,8263.0,8263.0,8263.0,8263.0,8263.0,8263.0,8263.0,8263.0,8263.0,8263.0,8263.0,8263.0,8263.0,8263.0,8263.0,8263.0,8263.0,8263.0,8292.0,8260.0,8263.0,8352.0,8263.0,8263.0,8263.0,8263.0,8263.0,8263.0,8263.0,8352.0,8263.0,8263.0,8263.0,8263.0,8263.0,8281.0,8281.0,8352.0,8263.0,8263.0,8263.0,8244.0,8263.0,8283.0,8263.0,8263.0,8263.0,8263.0,8263.0,8263.0,8269.0,8263.0,8263.0,8263.0,8263.0,8263.0,8174.0,8263.0,8263.0,8263.0,8263.0,8263.0,8263.0,8263.0,8263.0,8263.0,8263.0,8263.0,8263.0,8263.0,8263.0,8263.0,8263.0,8263.0,8263.0,8263.0,8263.0,8352.0,8275.0,8263.0,8263.0,8263.0,8263.0,8263.0,8263.0,8263.0,8263.0,8263.0,8263.0,8292.0,8281.0,8281.0,8263.0,8269.0,8263.0,8269.0,8263.0,8263.0,8263.0,8412.0,8352.0,8263.0,8263.0,8263.0,8262.0,8263.0,8263.0,8263.0,8352.0,8263.0,8263.0,8263.0,8263.0,8263.0,8263.0,8263.0,8263.0,8263.0,8263.0,8263.0,8263.0,8263.0,8263.0,8263.0,8263.0,8218.0,8263.0,8263.0,8263.0,8263.0,8218.0,8263.0,8263.0,8263.0,8263.0,8176.0,8263.0,8263.0,8263.0,8263.0,8263.0,8263.0,8174.0,8263.0,8263.0,8281.0,8281.0,8352.0,8263.0,8263.0,8491.0,8263.0,8281.0,8263.0,8352.0,8263.0,8263.0,8263.0,8263.0,8281.0,8263.0,8263.0,8263.0,8263.0,8263.0,8263.0,8263.0,8263.0,8263.0,8263.0,8263.0,8263.0,8263.0,8263.0,8263.0,8352.0,8263.0,8282.0,8263.0,8281.0,8263.0,8263.0,8263.0,8281.0,8352.0,8263.0,8263.0,8352.0,8263.0,8263.0,8263.0,8263.0,8263.0,8263.0,8263.0,8263.0,8263.0,8263.0,8263.0,8263.0,8263.0,8263.0,8263.0,8263.0,8263.0,8263.0,8263.0,8263.0,8263.0,8352.0,8263.0,8263.0,8281.0,8263.0,8263.0,8263.0,8352.0,8263.0,8352.0,8263.0,8352.0,8281.0,8263.0,8263.0,8263.0,8263.0,8263.0,8263.0,8281.0,8263.0,8281.0,8263.0,8263.0,8263.0,8352.0,8263.0,8263.0,8263.0,8263.0,8263.0,8263.0,8263.0,8263.0,8263.0,8263.0,8263.0,8263.0,8263.0,8263.0,8263.0,8263.0,8263.0,8263.0,8263.0,8352.0,8263.0,8352.0,8352.0,8263.0,8263.0,8263.0,8263.0,8263.0,8263.0,8282.0,8263.0,8263.0,8263.0,8263.0,8263.0,8263.0,8263.0,8263.0,8263.0,8263.0,8263.0,8263.0,8263.0,8263.0,8263.0,8352.0,8263.0,8292.0,8263.0,8263.0,8263.0,8352.0,8263.0,8263.0,8352.0,8263.0,8263.0,8263.0,8263.0,8263.0,8263.0,8263.0,8263.0,8352.0,8263.0,8263.0,8263.0,8352.0,8263.0,8263.0,8263.0,8263.0,8263.0,8263.0,8263.0,8263.0,8263.0,8263.0,8263.0,8352.0,8263.0,8352.0,8234.0,8263.0,8263.0,8263.0,8282.0,8263.0,8263.0,8352.0,8263.0,8352.0,8263.0,8263.0,8352.0,8352.0,8352.0,8263.0,8263.0,8282.0,8323.0,8263.0,8263.0,8352.0,8352.0,8282.0,8282.0,8352.0,8263.0,8352.0,8352.0,8352.0,8352.0,8364.0,8263.0,8352.0,8352.0,8282.0,8352.0,8352.0,8263.0,8352.0,8263.0,8352.0,8352.0,8352.0,8282.0,8352.0,8282.0,8352.0,8352.0,8282.0,8282.0,8282.0,8282.0,8282.0,8352.0,8352.0,8239.0,8282.0,8288.0,8282.0,8282.0,8282.0,8282.0,8263.0,8282.0,8282.0,8282.0,8282.0,8282.0,8282.0,8211.0,8282.0,8366.0,8282.0,8366.0,8282.0,8282.0,8364.0,8282.0,8263.0,8263.0,149.0,194.0,510.0,271.0,120.0,252.0,252.0,252.0,252.0,252.0,252.0,252.0,252.0,252.0,252.0,252.0,252.0,252.0,252.0,252.0,252.0,252.0,252.0,252.0,252.0,252.0,252.0,252.0,252.0,252.0,252.0,252.0,252.0,252.0,252.0,252.0,252.0,252.0,252.0,252.0,252.0,281.0,252.0,252.0,252.0,341.0,252.0,252.0,341.0,252.0,252.0,281.0,252.0,252.0,281.0,308.0,278.0,324.0,278.0,271.0,278.0,278.0,271.0,252.0,298.0,271.0,271.0,252.0,252.0,271.0,252.0,252.0,252.0,252.0,252.0,252.0,252.0,252.0,252.0,252.0,252.0,278.0,271.0,252.0,252.0,252.0,252.0,252.0,252.0,252.0,252.0,252.0,252.0,252.0,252.0,298.0,252.0,252.0,252.0,252.0,252.0,252.0,252.0,252.0,252.0,252.0,252.0,252.0,252.0,252.0,252.0,252.0,252.0,252.0,252.0,252.0,252.0,252.0,252.0,252.0,252.0,252.0,252.0,252.0,252.0,252.0,252.0,252.0,252.0,252.0,252.0,252.0,252.0,252.0,252.0,252.0,229.0,252.0,252.0,252.0,252.0,271.0,252.0,252.0,252.0,252.0,252.0,252.0,273.0,252.0,271.0,252.0,252.0,252.0,252.0,252.0,252.0,252.0,252.0,252.0,252.0,252.0,271.0,252.0,252.0,252.0,252.0,252.0,271.0,252.0,252.0,271.0,271.0,252.0,252.0,252.0,271.0,252.0,252.0,252.0,252.0,252.0,252.0,252.0,252.0,252.0,252.0,252.0,252.0,252.0,252.0,298.0,252.0,252.0,252.0,252.0,252.0,252.0,252.0,252.0,298.0,252.0,252.0,342.0,252.0,252.0,252.0,252.0,308.0,252.0,252.0,252.0,252.0,252.0,252.0,252.0,252.0,252.0,252.0,194.0,252.0,252.0,252.0,252.0,271.0,252.0,252.0,300.0,252.0,252.0,252.0,252.0,252.0,252.0,252.0,252.0,252.0,252.0,252.0,252.0,252.0,252.0,252.0,252.0,252.0,275.0,252.0,252.0,252.0,308.0,252.0,252.0,252.0,252.0,252.0,252.0,252.0,252.0,252.0,252.0,252.0,271.0,252.0,252.0,252.0,252.0,252.0,252.0,252.0,252.0,252.0,262.0,252.0,252.0,252.0,308.0,252.0,252.0,252.0,252.0,252.0,252.0,252.0,252.0,252.0,252.0,252.0,316.0,252.0,252.0,252.0,308.0,252.0,252.0,252.0,230.0,252.0,308.0,252.0,252.0,252.0,252.0,252.0,252.0,252.0,252.0,252.0,252.0,252.0,252.0,252.0,252.0,281.0,252.0,252.0,252.0,308.0,252.0,252.0,252.0,252.0,252.0,252.0,252.0,252.0,252.0,252.0,298.0,252.0,308.0,252.0,252.0,252.0,252.0,252.0,252.0,308.0,252.0,252.0,252.0,252.0,308.0,252.0,278.0,316.0,271.0,252.0,271.0,271.0,271.0,271.0,271.0,271.0,271.0,271.0,271.0,271.0,271.0,271.0,271.0,252.0,271.0,317.0,242.0,271.0,252.0,271.0,271.0,271.0,271.0,271.0,271.0,271.0,271.0,271.0,271.0,271.0,271.0,335.0,271.0,271.0,271.0,271.0
hDenV4/Colombia/SAN-BROAD-0000056/2001,3152.0,3130.0,3130.0,3130.0,3130.0,3130.0,3130.0,3151.0,3130.0,3199.0,3183.0,3265.0,3152.0,3116.0,3118.0,3118.0,3118.0,3212.0,3118.0,3212.0,3212.0,3122.0,3122.0,3122.0,3122.0,3142.0,3142.0,3212.0,3130.0,3212.0,3122.0,3130.0,3122.0,3212.0,3232.0,3142.0,3122.0,3183.0,3122.0,3122.0,3122.0,3122.0,3122.0,3212.0,3122.0,3122.0,3164.0,3212.0,3130.0,3130.0,3130.0,3130.0,3222.0,3222.0,3222.0,3270.0,3122.0,3130.0,3188.0,3122.0,3130.0,3122.0,3122.0,3122.0,3130.0,3130.0,3212.0,3122.0,3130.0,3212.0,3212.0,3122.0,3122.0,3212.0,3122.0,3122.0,3130.0,3130.0,3130.0,3130.0,3135.0,3130.0,3130.0,3130.0,3130.0,3135.0,3130.0,3108.0,3212.0,3130.0,3130.0,3130.0,3130.0,3130.0,3122.0,3130.0,3122.0,3122.0,3122.0,3130.0,3122.0,3130.0,3130.0,3122.0,3130.0,3130.0,3130.0,3122.0,3122.0,3130.0,3122.0,3116.0,3130.0,3130.0,3118.0,3130.0,3130.0,3130.0,3130.0,3130.0,3130.0,3122.0,3130.0,3212.0,3130.0,3130.0,3130.0,3130.0,3066.0,3130.0,3130.0,3130.0,3116.0,3130.0,3130.0,3130.0,3130.0,3188.0,3130.0,3130.0,3130.0,3130.0,3188.0,3116.0,3130.0,3122.0,3130.0,3116.0,3130.0,3130.0,3130.0,3130.0,3122.0,3130.0,3130.0,3130.0,3130.0,3122.0,3130.0,3130.0,3130.0,3130.0,3130.0,3130.0,3115.0,3130.0,3130.0,3130.0,3167.0,3130.0,3130.0,3130.0,3130.0,3130.0,3130.0,3130.0,3130.0,3130.0,3109.0,3130.0,3130.0,3130.0,3103.0,3130.0,3130.0,3237.0,3130.0,3130.0,3117.0,3130.0,3170.0,3130.0,3130.0,3130.0,3130.0,3130.0,3130.0,3111.0,3130.0,3130.0,3130.0,3130.0,3118.0,3188.0,3130.0,3130.0,3130.0,3130.0,3130.0,3130.0,3130.0,3130.0,3130.0,3130.0,3237.0,3130.0,3130.0,3130.0,3130.0,3130.0,3122.0,3130.0,3199.0,3130.0,3130.0,3130.0,3130.0,3130.0,3130.0,3130.0,3122.0,3130.0,3122.0,3122.0,3130.0,3122.0,3130.0,3130.0,3130.0,3130.0,3188.0,3130.0,3130.0,3122.0,3122.0,3122.0,3130.0,3130.0,3122.0,3130.0,3188.0,3130.0,3130.0,3122.0,3130.0,3130.0,3130.0,3130.0,3130.0,3130.0,3130.0,3130.0,3130.0,3130.0,3130.0,3194.0,3130.0,3130.0,3130.0,3130.0,3130.0,3130.0,3130.0,3130.0,3151.0,3130.0,3130.0,3130.0,3130.0,3130.0,3130.0,3130.0,3130.0,3116.0,3206.0,3122.0,3130.0,3130.0,3130.0,3130.0,3130.0,3130.0,3130.0,3140.0,3130.0,3130.0,3130.0,3130.0,3130.0,3116.0,3130.0,3130.0,3130.0,3130.0,3151.0,3130.0,3130.0,3130.0,3130.0,3116.0,3130.0,3130.0,3130.0,3116.0,3130.0,3130.0,3130.0,3130.0,3130.0,3130.0,3130.0,3130.0,3130.0,3130.0,3130.0,3130.0,3130.0,3130.0,3130.0,3130.0,3130.0,3130.0,3218.0,3130.0,3130.0,3130.0,3130.0,3130.0,3188.0,3130.0,3094.0,3130.0,3130.0,3151.0,3130.0,3130.0,3078.0,3112.0,3130.0,3130.0,3130.0,3118.0,3130.0,3130.0,3130.0,3115.0,3188.0,3130.0,3117.0,3130.0,3130.0,3130.0,3130.0,3130.0,3130.0,3130.0,3130.0,3130.0,3188.0,3130.0,3130.0,3130.0,3130.0,3130.0,3130.0,3130.0,3188.0,3130.0,3041.0,3130.0,3130.0,3130.0,3130.0,3130.0,3130.0,3154.0,3130.0,3130.0,3130.0,3118.0,3130.0,3130.0,3130.0,3130.0,3130.0,3130.0,3130.0,3130.0,3130.0,3130.0,3130.0,3130.0,3130.0,3188.0,3130.0,3130.0,3130.0,3130.0,3130.0,3130.0,3130.0,3188.0,3157.0,3130.0,3188.0,3130.0,3130.0,3130.0,3130.0,3130.0,3130.0,3130.0,3130.0,3130.0,3193.0,3130.0,3130.0,3193.0,3118.0,3202.0,3130.0,3118.0,3130.0,3112.0,3130.0,3188.0,3130.0,3130.0,3130.0,3168.0,3130.0,3130.0,3130.0,3094.0,3130.0,3252.0,3130.0,3130.0,3130.0,3193.0,3118.0,3130.0,3130.0,3162.0,3130.0,3188.0,3130.0,3130.0,3118.0,3122.0,3130.0,3130.0,3130.0,3130.0,3130.0,3130.0,3130.0,3130.0,3130.0,3066.0,3130.0,3130.0,3116.0,3130.0,3188.0,3130.0,3130.0,3130.0,3130.0,3130.0,3130.0,3130.0,3130.0,3112.0,3130.0,3188.0,3130.0,3188.0,3130.0,3130.0,3157.0,3130.0,3130.0,3118.0,3130.0,3130.0,3130.0,3130.0,3188.0,3130.0,3130.0,3130.0,3130.0,3118.0,3188.0,3130.0,3188.0,3130.0,3130.0,3188.0,3130.0,3130.0,3130.0,3116.0,3130.0,3130.0,3130.0,3130.0,3130.0,3130.0,3162.0,3118.0,3130.0,3130.0,3066.0,3066.0,3066.0,3188.0,3150.0,3130.0,3130.0,3130.0,3211.0,3130.0,3130.0,3066.0,3162.0,3130.0,3140.0,3130.0,3066.0,3188.0,3118.0,3130.0,3130.0,3130.0,3066.0,3130.0,3130.0,3130.0,3118.0,3160.0,3066.0,3130.0,3130.0,3066.0,3066.0,3066.0,3130.0,3162.0,3130.0,3130.0,3130.0,3066.0,3130.0,3066.0,3130.0,3130.0,3130.0,3066.0,3130.0,3188.0,3130.0,3118.0,3130.0,3066.0,3130.0,3066.0,3130.0,3203.0,3066.0,3188.0,3130.0,3130.0,3130.0,3130.0,3130.0,3188.0,3188.0,3130.0,3130.0,3130.0,3130.0,3130.0,3066.0,3124.0,3066.0,3130.0,3130.0,3130.0,3066.0,3066.0,3130.0,3130.0,3130.0,3168.0,3188.0,3130.0,3130.0,3130.0,3162.0,3130.0,3130.0,3130.0,3130.0,3130.0,3130.0,3130.0,3130.0,3130.0,3130.0,3130.0,3130.0,3162.0,3162.0,3130.0,3130.0,3152.0,3130.0,3130.0,3130.0,3130.0,3130.0,3130.0,3130.0,3130.0,3130.0,3130.0,3130.0,3211.0,3130.0,3130.0,3139.0,3031.0,3130.0,3130.0,3130.0,3130.0,3130.0,3130.0,3151.0,3130.0,3130.0,3130.0,3130.0,3168.0,3130.0,3130.0,3159.0,3130.0,3130.0,3130.0,3130.0,3130.0,3130.0,3066.0,3189.0,3130.0,3130.0,3118.0,3130.0,3130.0,3211.0,3211.0,3130.0,3188.0,3066.0,3066.0,3066.0,3130.0,3130.0,3207.0,3090.0,2462.0,2535.0,2535.0,2567.0,2503.0,2482.0,2530.0,2453.0,2535.0,2535.0,2535.0,2535.0,2535.0,2581.0,2535.0,2535.0,2535.0,2581.0,2506.0,2535.0,2535.0,2535.0,2506.0,2535.0,2506.0,2573.0,2535.0,2564.0,2535.0,2506.0,2506.0,2535.0,2535.0,2535.0,2535.0,2535.0,2535.0,2535.0,2535.0,2535.0,2506.0,2506.0,2535.0,2535.0,2535.0,2535.0,2506.0,2535.0,2535.0,2535.0,2535.0,2506.0,2535.0,2535.0,2535.0,2535.0,2535.0,2535.0,2535.0,2506.0,2535.0,2535.0,2546.0,2535.0,2535.0,2535.0,2477.0,2506.0,2535.0,2535.0,2506.0,2535.0,2535.0,2535.0,2535.0,2535.0,2535.0,2506.0,2506.0,2535.0,2599.0,2535.0,2535.0,2506.0,2535.0,2535.0,2535.0,2535.0,2535.0,2535.0,2535.0,2506.0,2535.0,2535.0,2506.0,2535.0,2535.0,2535.0,2535.0,2535.0,2506.0,2506.0,2535.0,2535.0,2535.0,2535.0,2535.0,2535.0,2506.0,2535.0,2535.0,2535.0,2535.0,2535.0,2535.0,2535.0,2535.0,2506.0,2535.0,2535.0,2535.0,2535.0,2535.0,2535.0,2535.0,2535.0,2535.0,2629.0,2535.0,2506.0,2535.0,2535.0,2535.0,2535.0,2535.0,2535.0,2535.0,2535.0,2535.0,2535.0,2535.0,2535.0,2535.0,2535.0,2535.0,2535.0,2535.0,2535.0,2535.0,2535.0,2535.0,2535.0,2535.0,2535.0,2537.0,2535.0,2535.0,2535.0,2535.0,2535.0,2535.0,2535.0,2535.0,2535.0,2535.0,2535.0,2535.0,2535.0,2535.0,2535.0,2535.0,2535.0,2535.0,2535.0,2535.0,2535.0,2535.0,2535.0,2535.0,2535.0,2535.0,2535.0,2535.0,2535.0,2535.0,2535.0,2535.0,2535.0,2535.0,2535.0,2535.0,2535.0,2535.0,2535.0,2535.0,2535.0,2535.0,2535.0,2535.0,2535.0,2535.0,2535.0,2535.0,2535.0,2581.0,2535.0,2535.0,2535.0,2535.0,2535.0,2535.0,2535.0,2535.0,2535.0,2535.0,2535.0,2535.0,2535.0,2535.0,2535.0,2535.0,2535.0,2535.0,2535.0,2535.0,2535.0,2535.0,2535.0,2535.0,2535.0,2535.0,2535.0,2535.0,2535.0,2535.0,2535.0,2535.0,2535.0,2535.0,2535.0,2535.0,2535.0,2535.0,2535.0,2535.0,2535.0,2581.0,2535.0,2535.0,2535.0,2535.0,2535.0,2535.0,2535.0,2535.0,2535.0,2535.0,2535.0,2535.0,2535.0,2535.0,2535.0,2535.0,2535.0,2535.0,2535.0,2535.0,2535.0,2535.0,2535.0,2535.0,2535.0,2604.0,2535.0,2535.0,2535.0,2535.0,2535.0,2535.0,2535.0,2535.0,2535.0,2535.0,2535.0,2580.0,2535.0,2535.0,2509.0,2535.0,2535.0,2535.0,2535.0,2535.0,2535.0,2535.0,2535.0,2555.0,2535.0,2588.0,2535.0,2535.0,2535.0,2535.0,2535.0,2535.0,2535.0,2535.0,2535.0,2535.0,2535.0,2535.0,2581.0,2535.0,2535.0,2535.0,2581.0,2535.0,2535.0,2535.0,2535.0,2535.0,2581.0,2535.0,2535.0,2535.0,2535.0,2535.0,2535.0,2535.0,2535.0,2535.0,2535.0,2535.0,2535.0,2535.0,2535.0,2535.0,2535.0,2535.0,2535.0,2535.0,2535.0,2535.0,2535.0,2535.0,2535.0,2535.0,2535.0,2564.0,2535.0,2535.0,2535.0,2535.0,2535.0,2573.0,2535.0,2535.0,2535.0,2573.0,2535.0,2535.0,2535.0,2535.0,2535.0,2535.0,2564.0,2564.0,2535.0,2535.0,2535.0,2535.0,2535.0,2535.0,2564.0,2535.0,2437.0,2535.0,2535.0,2535.0,2535.0,2535.0,2535.0,2549.0,2535.0,2535.0,2535.0,2535.0,2535.0,2471.0,2535.0,2535.0,2535.0,2535.0,2535.0,2535.0,2535.0,2535.0,2535.0,2535.0,2535.0,2535.0,2535.0,2535.0,2535.0,2535.0,2535.0,2535.0,2535.0,2509.0,2535.0,2535.0,2535.0,2535.0,2564.0,2535.0,2535.0,2535.0,2535.0,2535.0,2535.0,2535.0,2535.0,2535.0,2535.0,2535.0,2535.0,2535.0,2535.0,2535.0,2535.0,2535.0,2535.0,2535.0,2535.0,2535.0,2535.0,2564.0,2535.0,2535.0,2535.0,2535.0,2535.0,2535.0,2535.0,8312.0,8318.0,8312.0,8301.0,8312.0,8312.0,8286.0,8330.0,8312.0,8312.0,8373.0,8353.0,8312.0,8395.0,8547.0,8331.0,8312.0,8312.0,8312.0,8312.0,8312.0,8312.0,8312.0,8312.0,8312.0,8312.0,8312.0,8312.0,8312.0,8312.0,8312.0,8312.0,8312.0,8312.0,8312.0,8312.0,8307.0,8312.0,8312.0,8312.0,8312.0,8312.0,8312.0,8312.0,8312.0,8312.0,8312.0,8312.0,8312.0,8312.0,8312.0,8312.0,8312.0,8312.0,8353.0,8312.0,8312.0,8312.0,8312.0,8312.0,8312.0,8312.0,8312.0,8312.0,8312.0,8312.0,8312.0,8312.0,8353.0,8312.0,8312.0,8312.0,8312.0,8312.0,8312.0,8312.0,8312.0,8312.0,8312.0,8312.0,8312.0,8312.0,8312.0,8312.0,8312.0,8312.0,8312.0,8312.0,8312.0,8312.0,8312.0,8312.0,8341.0,8309.0,8312.0,8401.0,8312.0,8312.0,8312.0,8312.0,8312.0,8312.0,8312.0,8401.0,8312.0,8312.0,8312.0,8312.0,8312.0,8330.0,8330.0,8401.0,8312.0,8312.0,8312.0,8293.0,8312.0,8332.0,8312.0,8312.0,8312.0,8312.0,8312.0,8312.0,8318.0,8312.0,8312.0,8312.0,8312.0,8312.0,8223.0,8312.0,8312.0,8312.0,8312.0,8312.0,8312.0,8312.0,8312.0,8312.0,8312.0,8312.0,8312.0,8312.0,8312.0,8312.0,8312.0,8312.0,8312.0,8312.0,8312.0,8401.0,8324.0,8312.0,8312.0,8312.0,8312.0,8312.0,8312.0,8312.0,8312.0,8312.0,8312.0,8341.0,8330.0,8330.0,8312.0,8318.0,8312.0,8318.0,8312.0,8312.0,8312.0,8461.0,8401.0,8312.0,8312.0,8312.0,8311.0,8312.0,8312.0,8312.0,8401.0,8312.0,8312.0,8312.0,8312.0,8312.0,8312.0,8312.0,8312.0,8312.0,8312.0,8312.0,8312.0,8312.0,8312.0,8312.0,8312.0,8267.0,8312.0,8312.0,8312.0,8312.0,8267.0,8312.0,8312.0,8312.0,8312.0,8225.0,8312.0,8312.0,8312.0,8312.0,8312.0,8312.0,8223.0,8312.0,8312.0,8330.0,8330.0,8401.0,8312.0,8312.0,8540.0,8312.0,8330.0,8312.0,8401.0,8312.0,8312.0,8312.0,8312.0,8330.0,8312.0,8312.0,8312.0,8312.0,8312.0,8312.0,8312.0,8312.0,8312.0,8312.0,8312.0,8312.0,8312.0,8312.0,8312.0,8401.0,8312.0,8331.0,8312.0,8330.0,8312.0,8312.0,8312.0,8330.0,8401.0,8312.0,8312.0,8401.0,8312.0,8312.0,8312.0,8312.0,8312.0,8312.0,8312.0,8312.0,8312.0,8312.0,8312.0,8312.0,8312.0,8312.0,8312.0,8312.0,8312.0,8312.0,8312.0,8312.0,8312.0,8401.0,8312.0,8312.0,8330.0,8312.0,8312.0,8312.0,8401.0,8312.0,8401.0,8312.0,8401.0,8330.0,8312.0,8312.0,8312.0,8312.0,8312.0,8312.0,8330.0,8312.0,8330.0,8312.0,8312.0,8312.0,8401.0,8312.0,8312.0,8312.0,8312.0,8312.0,8312.0,8312.0,8312.0,8312.0,8312.0,8312.0,8312.0,8312.0,8312.0,8312.0,8312.0,8312.0,8312.0,8312.0,8401.0,8312.0,8401.0,8401.0,8312.0,8312.0,8312.0,8312.0,8312.0,8312.0,8331.0,8312.0,8312.0,8312.0,8312.0,8312.0,8312.0,8312.0,8312.0,8312.0,8312.0,8312.0,8312.0,8312.0,8312.0,8312.0,8401.0,8312.0,8341.0,8312.0,8312.0,8312.0,8401.0,8312.0,8312.0,8401.0,8312.0,8312.0,8312.0,8312.0,8312.0,8312.0,8312.0,8312.0,8401.0,8312.0,8312.0,8312.0,8401.0,8312.0,8312.0,8312.0,8312.0,8312.0,8312.0,8312.0,8312.0,8312.0,8312.0,8312.0,8401.0,8312.0,8401.0,8283.0,8312.0,8312.0,8312.0,8331.0,8312.0,8312.0,8401.0,8312.0,8401.0,8312.0,8312.0,8401.0,8401.0,8401.0,8312.0,8312.0,8331.0,8372.0,8312.0,8312.0,8401.0,8401.0,8331.0,8331.0,8401.0,8312.0,8401.0,8401.0,8401.0,8401.0,8413.0,8312.0,8401.0,8401.0,8331.0,8401.0,8401.0,8312.0,8401.0,8312.0,8401.0,8401.0,8401.0,8331.0,8401.0,8331.0,8401.0,8401.0,8331.0,8331.0,8331.0,8331.0,8331.0,8401.0,8401.0,8288.0,8331.0,8337.0,8331.0,8331.0,8331.0,8331.0,8312.0,8331.0,8331.0,8331.0,8331.0,8331.0,8331.0,8260.0,8331.0,8415.0,8331.0,8415.0,8331.0,8331.0,8413.0,8331.0,8312.0,8312.0,0.0,45.0,361.0,122.0,29.0,103.0,103.0,103.0,103.0,103.0,103.0,103.0,103.0,103.0,103.0,103.0,103.0,103.0,103.0,103.0,103.0,103.0,103.0,103.0,103.0,103.0,103.0,103.0,103.0,103.0,103.0,103.0,103.0,103.0,103.0,103.0,103.0,103.0,103.0,103.0,103.0,132.0,103.0,103.0,103.0,192.0,103.0,103.0,192.0,103.0,103.0,132.0,103.0,103.0,132.0,159.0,129.0,175.0,129.0,122.0,129.0,129.0,122.0,103.0,149.0,122.0,122.0,103.0,103.0,122.0,103.0,103.0,103.0,103.0,103.0,103.0,103.0,103.0,103.0,103.0,103.0,129.0,122.0,103.0,103.0,103.0,103.0,103.0,103.0,103.0,103.0,103.0,103.0,103.0,103.0,149.0,103.0,103.0,103.0,103.0,103.0,103.0,103.0,103.0,103.0,103.0,103.0,103.0,103.0,103.0,103.0,103.0,103.0,103.0,103.0,103.0,103.0,103.0,103.0,103.0,103.0,103.0,103.0,103.0,103.0,103.0,103.0,103.0,103.0,103.0,103.0,103.0,103.0,103.0,103.0,103.0,80.0,103.0,103.0,103.0,103.0,122.0,103.0,103.0,103.0,103.0,103.0,103.0,124.0,103.0,122.0,103.0,103.0,103.0,103.0,103.0,103.0,103.0,103.0,103.0,103.0,103.0,122.0,103.0,103.0,103.0,103.0,103.0,122.0,103.0,103.0,122.0,122.0,103.0,103.0,103.0,122.0,103.0,103.0,103.0,103.0,103.0,103.0,103.0,103.0,103.0,103.0,103.0,103.0,103.0,103.0,149.0,103.0,103.0,103.0,103.0,103.0,103.0,103.0,103.0,149.0,103.0,103.0,193.0,103.0,103.0,103.0,103.0,159.0,103.0,103.0,103.0,103.0,103.0,103.0,103.0,103.0,103.0,103.0,45.0,103.0,103.0,103.0,103.0,122.0,103.0,103.0,151.0,103.0,103.0,103.0,103.0,103.0,103.0,103.0,103.0,103.0,103.0,103.0,103.0,103.0,103.0,103.0,103.0,103.0,126.0,103.0,103.0,103.0,159.0,103.0,103.0,103.0,103.0,103.0,103.0,103.0,103.0,103.0,103.0,103.0,122.0,103.0,103.0,103.0,103.0,103.0,103.0,103.0,103.0,103.0,113.0,103.0,103.0,103.0,159.0,103.0,103.0,103.0,103.0,103.0,103.0,103.0,103.0,103.0,103.0,103.0,167.0,103.0,103.0,103.0,159.0,103.0,103.0,103.0,81.0,103.0,159.0,103.0,103.0,103.0,103.0,103.0,103.0,103.0,103.0,103.0,103.0,103.0,103.0,103.0,103.0,132.0,103.0,103.0,103.0,159.0,103.0,103.0,103.0,103.0,103.0,103.0,103.0,103.0,103.0,103.0,149.0,103.0,159.0,103.0,103.0,103.0,103.0,103.0,103.0,159.0,103.0,103.0,103.0,103.0,159.0,103.0,129.0,167.0,122.0,103.0,122.0,122.0,122.0,122.0,122.0,122.0,122.0,122.0,122.0,122.0,122.0,122.0,122.0,103.0,122.0,168.0,151.0,122.0,103.0,122.0,122.0,122.0,122.0,122.0,122.0,122.0,122.0,122.0,122.0,122.0,122.0,186.0,122.0,122.0,122.0,122.0
hDenV4/Colombia/SAN-UIS-0000021/2004,3080.0,3058.0,3058.0,3058.0,3058.0,3058.0,3058.0,3079.0,3058.0,3127.0,3111.0,3193.0,3080.0,3044.0,3046.0,3046.0,3046.0,3084.0,3046.0,3084.0,3084.0,3050.0,3050.0,3050.0,3050.0,3070.0,3070.0,3084.0,3058.0,3084.0,3050.0,3058.0,3050.0,3084.0,3104.0,3070.0,3050.0,3055.0,3050.0,3050.0,3050.0,3050.0,3050.0,3084.0,3050.0,3050.0,3036.0,3084.0,3058.0,3058.0,3058.0,3058.0,3094.0,3094.0,3094.0,3142.0,3050.0,3058.0,3116.0,3050.0,3058.0,3050.0,3050.0,3050.0,3058.0,3058.0,3084.0,3050.0,3058.0,3084.0,3084.0,3050.0,3050.0,3084.0,3050.0,3050.0,3058.0,3058.0,3058.0,3058.0,3063.0,3058.0,3058.0,3058.0,3058.0,3063.0,3058.0,3036.0,3084.0,3058.0,3058.0,3058.0,3058.0,3058.0,3050.0,3058.0,3050.0,3050.0,3050.0,3058.0,3050.0,3058.0,3058.0,3050.0,3058.0,3058.0,3058.0,3050.0,3050.0,3058.0,3050.0,3044.0,3058.0,3058.0,3046.0,3058.0,3058.0,3058.0,3058.0,3058.0,3058.0,3050.0,3058.0,3084.0,3058.0,3058.0,3058.0,3058.0,2994.0,3058.0,3058.0,3058.0,3044.0,3058.0,3058.0,3058.0,3058.0,3116.0,3058.0,3058.0,3058.0,3058.0,3116.0,3044.0,3058.0,3050.0,3058.0,3044.0,3058.0,3058.0,3058.0,3058.0,3050.0,3058.0,3058.0,3058.0,3058.0,3050.0,3058.0,3058.0,3058.0,3058.0,3058.0,3058.0,3043.0,3058.0,3058.0,3058.0,3095.0,3058.0,3058.0,3058.0,3058.0,3058.0,3058.0,3058.0,3058.0,3058.0,3037.0,3058.0,3058.0,3058.0,3031.0,3058.0,3058.0,3165.0,3058.0,3058.0,3045.0,3058.0,3098.0,3058.0,3058.0,3058.0,3058.0,3058.0,3058.0,3039.0,3058.0,3058.0,3058.0,3058.0,3046.0,3116.0,3058.0,3058.0,3058.0,3058.0,3058.0,3058.0,3058.0,3058.0,3058.0,3058.0,3165.0,3058.0,3058.0,3058.0,3058.0,3058.0,3050.0,3058.0,3127.0,3058.0,3058.0,3058.0,3058.0,3058.0,3058.0,3058.0,3050.0,3058.0,3050.0,3050.0,3058.0,3050.0,3058.0,3058.0,3058.0,3058.0,3116.0,3058.0,3058.0,3050.0,3050.0,3050.0,3058.0,3058.0,3050.0,3058.0,3116.0,3058.0,3058.0,3050.0,3058.0,3058.0,3058.0,3058.0,3058.0,3058.0,3058.0,3058.0,3058.0,3058.0,3058.0,3122.0,3058.0,3058.0,3058.0,3058.0,3058.0,3058.0,3058.0,3058.0,3079.0,3058.0,3058.0,3058.0,3058.0,3058.0,3058.0,3058.0,3058.0,3044.0,3134.0,3050.0,3058.0,3058.0,3058.0,3058.0,3058.0,3058.0,3058.0,3068.0,3058.0,3058.0,3058.0,3058.0,3058.0,3044.0,3058.0,3058.0,3058.0,3058.0,3079.0,3058.0,3058.0,3058.0,3058.0,3044.0,3058.0,3058.0,3058.0,3044.0,3058.0,3058.0,3058.0,3058.0,3058.0,3058.0,3058.0,3058.0,3058.0,3058.0,3058.0,3058.0,3058.0,3058.0,3058.0,3058.0,3058.0,3058.0,3146.0,3058.0,3058.0,3058.0,3058.0,3058.0,3116.0,3058.0,3022.0,3058.0,3058.0,3079.0,3058.0,3058.0,3006.0,3040.0,3058.0,3058.0,3058.0,3046.0,3058.0,3058.0,3058.0,3043.0,3116.0,3058.0,3045.0,3058.0,3058.0,3058.0,3058.0,3058.0,3058.0,3058.0,3058.0,3058.0,3116.0,3058.0,3058.0,3058.0,3058.0,3058.0,3058.0,3058.0,3116.0,3058.0,2969.0,3058.0,3058.0,3058.0,3058.0,3058.0,3058.0,3082.0,3058.0,3058.0,3058.0,3046.0,3058.0,3058.0,3058.0,3058.0,3058.0,3058.0,3058.0,3058.0,3058.0,3058.0,3058.0,3058.0,3058.0,3116.0,3058.0,3058.0,3058.0,3058.0,3058.0,3058.0,3058.0,3116.0,3085.0,3058.0,3116.0,3058.0,3058.0,3058.0,3058.0,3058.0,3058.0,3058.0,3058.0,3058.0,3121.0,3058.0,3058.0,3121.0,3046.0,3130.0,3058.0,3046.0,3058.0,3040.0,3058.0,3116.0,3058.0,3058.0,3058.0,3096.0,3058.0,3058.0,3058.0,3022.0,3058.0,3180.0,3058.0,3058.0,3058.0,3121.0,3046.0,3058.0,3058.0,3090.0,3058.0,3116.0,3058.0,3058.0,3046.0,3050.0,3058.0,3058.0,3058.0,3058.0,3058.0,3058.0,3058.0,3058.0,3058.0,2994.0,3058.0,3058.0,3044.0,3058.0,3116.0,3058.0,3058.0,3058.0,3058.0,3058.0,3058.0,3058.0,3058.0,3040.0,3058.0,3116.0,3058.0,3116.0,3058.0,3058.0,3085.0,3058.0,3058.0,3046.0,3058.0,3058.0,3058.0,3058.0,3116.0,3058.0,3058.0,3058.0,3058.0,3046.0,3116.0,3058.0,3116.0,3058.0,3058.0,3116.0,3058.0,3058.0,3058.0,3044.0,3058.0,3058.0,3058.0,3058.0,3058.0,3058.0,3090.0,3046.0,3058.0,3058.0,2994.0,2994.0,2994.0,3116.0,3078.0,3058.0,3058.0,3058.0,3139.0,3058.0,3058.0,2994.0,3090.0,3058.0,3068.0,3058.0,2994.0,3116.0,3046.0,3058.0,3058.0,3058.0,2994.0,3058.0,3058.0,3058.0,3046.0,3088.0,2994.0,3058.0,3058.0,2994.0,2994.0,2994.0,3058.0,3090.0,3058.0,3058.0,3058.0,2994.0,3058.0,2994.0,3058.0,3058.0,3058.0,2994.0,3058.0,3116.0,3058.0,3046.0,3058.0,2994.0,3058.0,2994.0,3058.0,3131.0,2994.0,3116.0,3058.0,3058.0,3058.0,3058.0,3058.0,3116.0,3116.0,3058.0,3058.0,3058.0,3058.0,3058.0,2994.0,3052.0,2994.0,3058.0,3058.0,3058.0,2994.0,2994.0,3058.0,3058.0,3058.0,3096.0,3116.0,3058.0,3058.0,3058.0,3090.0,3058.0,3058.0,3058.0,3058.0,3058.0,3058.0,3058.0,3058.0,3058.0,3058.0,3058.0,3058.0,3090.0,3090.0,3058.0,3058.0,3080.0,3058.0,3058.0,3058.0,3058.0,3058.0,3058.0,3058.0,3058.0,3058.0,3058.0,3058.0,3139.0,3058.0,3058.0,3067.0,2959.0,3058.0,3058.0,3058.0,3058.0,3058.0,3058.0,3079.0,3058.0,3058.0,3058.0,3058.0,3096.0,3058.0,3058.0,3087.0,3058.0,3058.0,3058.0,3058.0,3058.0,3058.0,2994.0,3117.0,3058.0,3058.0,3046.0,3058.0,3058.0,3139.0,3139.0,3058.0,3116.0,2994.0,2994.0,2994.0,3058.0,3058.0,3135.0,3018.0,2429.0,2502.0,2502.0,2534.0,2470.0,2449.0,2497.0,2420.0,2502.0,2502.0,2502.0,2502.0,2502.0,2548.0,2502.0,2502.0,2502.0,2548.0,2473.0,2502.0,2502.0,2502.0,2473.0,2502.0,2473.0,2540.0,2502.0,2531.0,2502.0,2473.0,2473.0,2502.0,2502.0,2502.0,2502.0,2502.0,2502.0,2502.0,2502.0,2502.0,2473.0,2473.0,2502.0,2502.0,2502.0,2502.0,2473.0,2502.0,2502.0,2502.0,2502.0,2473.0,2502.0,2502.0,2502.0,2502.0,2502.0,2502.0,2502.0,2473.0,2502.0,2502.0,2513.0,2502.0,2502.0,2502.0,2444.0,2473.0,2502.0,2502.0,2473.0,2502.0,2502.0,2502.0,2502.0,2502.0,2502.0,2473.0,2473.0,2502.0,2566.0,2502.0,2502.0,2473.0,2502.0,2502.0,2502.0,2502.0,2502.0,2502.0,2502.0,2473.0,2502.0,2502.0,2473.0,2502.0,2502.0,2502.0,2502.0,2502.0,2473.0,2473.0,2502.0,2502.0,2502.0,2502.0,2502.0,2502.0,2473.0,2502.0,2502.0,2502.0,2502.0,2502.0,2502.0,2502.0,2502.0,2473.0,2502.0,2502.0,2502.0,2502.0,2502.0,2502.0,2502.0,2502.0,2502.0,2596.0,2502.0,2473.0,2502.0,2502.0,2502.0,2502.0,2502.0,2502.0,2502.0,2502.0,2502.0,2502.0,2502.0,2502.0,2502.0,2502.0,2502.0,2502.0,2502.0,2502.0,2502.0,2502.0,2502.0,2502.0,2502.0,2502.0,2504.0,2502.0,2502.0,2502.0,2502.0,2502.0,2502.0,2502.0,2502.0,2502.0,2502.0,2502.0,2502.0,2502.0,2502.0,2502.0,2502.0,2502.0,2502.0,2502.0,2502.0,2502.0,2502.0,2502.0,2502.0,2502.0,2502.0,2502.0,2502.0,2502.0,2502.0,2502.0,2502.0,2502.0,2502.0,2502.0,2502.0,2502.0,2502.0,2502.0,2502.0,2502.0,2502.0,2502.0,2502.0,2502.0,2502.0,2502.0,2502.0,2502.0,2548.0,2502.0,2502.0,2502.0,2502.0,2502.0,2502.0,2502.0,2502.0,2502.0,2502.0,2502.0,2502.0,2502.0,2502.0,2502.0,2502.0,2502.0,2502.0,2502.0,2502.0,2502.0,2502.0,2502.0,2502.0,2502.0,2502.0,2502.0,2502.0,2502.0,2502.0,2502.0,2502.0,2502.0,2502.0,2502.0,2502.0,2502.0,2502.0,2502.0,2502.0,2502.0,2548.0,2502.0,2502.0,2502.0,2502.0,2502.0,2502.0,2502.0,2502.0,2502.0,2502.0,2502.0,2502.0,2502.0,2502.0,2502.0,2502.0,2502.0,2502.0,2502.0,2502.0,2502.0,2502.0,2502.0,2502.0,2502.0,2571.0,2502.0,2502.0,2502.0,2502.0,2502.0,2502.0,2502.0,2502.0,2502.0,2502.0,2502.0,2547.0,2502.0,2502.0,2476.0,2502.0,2502.0,2502.0,2502.0,2502.0,2502.0,2502.0,2502.0,2522.0,2502.0,2555.0,2502.0,2502.0,2502.0,2502.0,2502.0,2502.0,2502.0,2502.0,2502.0,2502.0,2502.0,2502.0,2548.0,2502.0,2502.0,2502.0,2548.0,2502.0,2502.0,2502.0,2502.0,2502.0,2548.0,2502.0,2502.0,2502.0,2502.0,2502.0,2502.0,2502.0,2502.0,2502.0,2502.0,2502.0,2502.0,2502.0,2502.0,2502.0,2502.0,2502.0,2502.0,2502.0,2502.0,2502.0,2502.0,2502.0,2502.0,2502.0,2502.0,2531.0,2502.0,2502.0,2502.0,2502.0,2502.0,2540.0,2502.0,2502.0,2502.0,2540.0,2502.0,2502.0,2502.0,2502.0,2502.0,2502.0,2531.0,2531.0,2502.0,2502.0,2502.0,2502.0,2502.0,2502.0,2531.0,2502.0,2404.0,2502.0,2502.0,2502.0,2502.0,2502.0,2502.0,2516.0,2502.0,2502.0,2502.0,2502.0,2502.0,2438.0,2502.0,2502.0,2502.0,2502.0,2502.0,2502.0,2502.0,2502.0,2502.0,2502.0,2502.0,2502.0,2502.0,2502.0,2502.0,2502.0,2502.0,2502.0,2502.0,2476.0,2502.0,2502.0,2502.0,2502.0,2531.0,2502.0,2502.0,2502.0,2502.0,2502.0,2502.0,2502.0,2502.0,2502.0,2502.0,2502.0,2502.0,2502.0,2502.0,2502.0,2502.0,2502.0,2502.0,2502.0,2502.0,2502.0,2502.0,2531.0,2502.0,2502.0,2502.0,2502.0,2502.0,2502.0,2502.0,8245.0,8251.0,8245.0,8234.0,8245.0,8245.0,8219.0,8263.0,8245.0,8245.0,8306.0,8286.0,8245.0,8328.0,8480.0,8264.0,8245.0,8245.0,8245.0,8245.0,8245.0,8245.0,8245.0,8245.0,8245.0,8245.0,8245.0,8245.0,8245.0,8245.0,8245.0,8245.0,8245.0,8245.0,8245.0,8245.0,8240.0,8245.0,8245.0,8245.0,8245.0,8245.0,8245.0,8245.0,8245.0,8245.0,8245.0,8245.0,8245.0,8245.0,8245.0,8245.0,8245.0,8245.0,8286.0,8245.0,8245.0,8245.0,8245.0,8245.0,8245.0,8245.0,8245.0,8245.0,8245.0,8245.0,8245.0,8245.0,8286.0,8245.0,8245.0,8245.0,8245.0,8245.0,8245.0,8245.0,8245.0,8245.0,8245.0,8245.0,8245.0,8245.0,8245.0,8245.0,8245.0,8245.0,8245.0,8245.0,8245.0,8245.0,8245.0,8245.0,8274.0,8242.0,8245.0,8334.0,8245.0,8245.0,8245.0,8245.0,8245.0,8245.0,8245.0,8334.0,8245.0,8245.0,8245.0,8245.0,8245.0,8263.0,8263.0,8334.0,8245.0,8245.0,8245.0,8226.0,8245.0,8265.0,8245.0,8245.0,8245.0,8245.0,8245.0,8245.0,8251.0,8245.0,8245.0,8245.0,8245.0,8245.0,8156.0,8245.0,8245.0,8245.0,8245.0,8245.0,8245.0,8245.0,8245.0,8245.0,8245.0,8245.0,8245.0,8245.0,8245.0,8245.0,8245.0,8245.0,8245.0,8245.0,8245.0,8334.0,8257.0,8245.0,8245.0,8245.0,8245.0,8245.0,8245.0,8245.0,8245.0,8245.0,8245.0,8274.0,8263.0,8263.0,8245.0,8251.0,8245.0,8251.0,8245.0,8245.0,8245.0,8394.0,8334.0,8245.0,8245.0,8245.0,8244.0,8245.0,8245.0,8245.0,8334.0,8245.0,8245.0,8245.0,8245.0,8245.0,8245.0,8245.0,8245.0,8245.0,8245.0,8245.0,8245.0,8245.0,8245.0,8245.0,8245.0,8200.0,8245.0,8245.0,8245.0,8245.0,8200.0,8245.0,8245.0,8245.0,8245.0,8158.0,8245.0,8245.0,8245.0,8245.0,8245.0,8245.0,8156.0,8245.0,8245.0,8263.0,8263.0,8334.0,8245.0,8245.0,8473.0,8245.0,8263.0,8245.0,8334.0,8245.0,8245.0,8245.0,8245.0,8263.0,8245.0,8245.0,8245.0,8245.0,8245.0,8245.0,8245.0,8245.0,8245.0,8245.0,8245.0,8245.0,8245.0,8245.0,8245.0,8334.0,8245.0,8264.0,8245.0,8263.0,8245.0,8245.0,8245.0,8263.0,8334.0,8245.0,8245.0,8334.0,8245.0,8245.0,8245.0,8245.0,8245.0,8245.0,8245.0,8245.0,8245.0,8245.0,8245.0,8245.0,8245.0,8245.0,8245.0,8245.0,8245.0,8245.0,8245.0,8245.0,8245.0,8334.0,8245.0,8245.0,8263.0,8245.0,8245.0,8245.0,8334.0,8245.0,8334.0,8245.0,8334.0,8263.0,8245.0,8245.0,8245.0,8245.0,8245.0,8245.0,8263.0,8245.0,8263.0,8245.0,8245.0,8245.0,8334.0,8245.0,8245.0,8245.0,8245.0,8245.0,8245.0,8245.0,8245.0,8245.0,8245.0,8245.0,8245.0,8245.0,8245.0,8245.0,8245.0,8245.0,8245.0,8245.0,8334.0,8245.0,8334.0,8334.0,8245.0,8245.0,8245.0,8245.0,8245.0,8245.0,8264.0,8245.0,8245.0,8245.0,8245.0,8245.0,8245.0,8245.0,8245.0,8245.0,8245.0,8245.0,8245.0,8245.0,8245.0,8245.0,8334.0,8245.0,8274.0,8245.0,8245.0,8245.0,8334.0,8245.0,8245.0,8334.0,8245.0,8245.0,8245.0,8245.0,8245.0,8245.0,8245.0,8245.0,8334.0,8245.0,8245.0,8245.0,8334.0,8245.0,8245.0,8245.0,8245.0,8245.0,8245.0,8245.0,8245.0,8245.0,8245.0,8245.0,8334.0,8245.0,8334.0,8216.0,8245.0,8245.0,8245.0,8264.0,8245.0,8245.0,8334.0,8245.0,8334.0,8245.0,8245.0,8334.0,8334.0,8334.0,8245.0,8245.0,8264.0,8305.0,8245.0,8245.0,8334.0,8334.0,8264.0,8264.0,8334.0,8245.0,8334.0,8334.0,8334.0,8334.0,8346.0,8245.0,8334.0,8334.0,8264.0,8334.0,8334.0,8245.0,8334.0,8245.0,8334.0,8334.0,8334.0,8264.0,8334.0,8264.0,8334.0,8334.0,8264.0,8264.0,8264.0,8264.0,8264.0,8334.0,8334.0,8221.0,8264.0,8270.0,8264.0,8264.0,8264.0,8264.0,8245.0,8264.0,8264.0,8264.0,8264.0,8264.0,8264.0,8193.0,8264.0,8348.0,8264.0,8348.0,8264.0,8264.0,8346.0,8264.0,8245.0,8245.0,128.0,173.0,489.0,250.0,99.0,231.0,231.0,231.0,231.0,231.0,231.0,231.0,231.0,231.0,231.0,231.0,231.0,231.0,231.0,231.0,231.0,231.0,231.0,231.0,231.0,231.0,231.0,231.0,231.0,231.0,231.0,231.0,231.0,231.0,231.0,231.0,231.0,231.0,231.0,231.0,231.0,260.0,231.0,231.0,231.0,320.0,231.0,231.0,320.0,231.0,231.0,260.0,231.0,231.0,260.0,287.0,257.0,303.0,257.0,250.0,257.0,257.0,250.0,231.0,277.0,250.0,250.0,231.0,231.0,250.0,231.0,231.0,231.0,231.0,231.0,231.0,231.0,231.0,231.0,231.0,231.0,257.0,250.0,231.0,231.0,231.0,231.0,231.0,231.0,231.0,231.0,231.0,231.0,231.0,231.0,277.0,231.0,231.0,231.0,231.0,231.0,231.0,231.0,231.0,231.0,231.0,231.0,231.0,231.0,231.0,231.0,231.0,231.0,231.0,231.0,231.0,231.0,231.0,231.0,231.0,231.0,231.0,231.0,231.0,231.0,231.0,231.0,231.0,231.0,231.0,231.0,231.0,231.0,231.0,231.0,231.0,208.0,231.0,231.0,231.0,231.0,250.0,231.0,231.0,231.0,231.0,231.0,231.0,252.0,231.0,250.0,231.0,231.0,231.0,231.0,231.0,231.0,231.0,231.0,231.0,231.0,231.0,250.0,231.0,231.0,231.0,231.0,231.0,250.0,231.0,231.0,250.0,250.0,231.0,231.0,231.0,250.0,231.0,231.0,231.0,231.0,231.0,231.0,231.0,231.0,231.0,231.0,231.0,231.0,231.0,231.0,277.0,231.0,231.0,231.0,231.0,231.0,231.0,231.0,231.0,277.0,231.0,231.0,321.0,231.0,231.0,231.0,231.0,287.0,231.0,231.0,231.0,231.0,231.0,231.0,231.0,231.0,231.0,231.0,173.0,231.0,231.0,231.0,231.0,250.0,231.0,231.0,279.0,231.0,231.0,231.0,231.0,231.0,231.0,231.0,231.0,231.0,231.0,231.0,231.0,231.0,231.0,231.0,231.0,231.0,254.0,231.0,231.0,231.0,287.0,231.0,231.0,231.0,231.0,231.0,231.0,231.0,231.0,231.0,231.0,231.0,250.0,231.0,231.0,231.0,231.0,231.0,231.0,231.0,231.0,231.0,241.0,231.0,231.0,231.0,287.0,231.0,231.0,231.0,231.0,231.0,231.0,231.0,231.0,231.0,231.0,231.0,295.0,231.0,231.0,231.0,287.0,231.0,231.0,231.0,209.0,231.0,287.0,231.0,231.0,231.0,231.0,231.0,231.0,231.0,231.0,231.0,231.0,231.0,231.0,231.0,231.0,260.0,231.0,231.0,231.0,287.0,231.0,231.0,231.0,231.0,231.0,231.0,231.0,231.0,231.0,231.0,277.0,231.0,287.0,231.0,231.0,231.0,231.0,231.0,231.0,287.0,231.0,231.0,231.0,231.0,287.0,231.0,257.0,295.0,250.0,231.0,250.0,250.0,250.0,250.0,250.0,250.0,250.0,250.0,250.0,250.0,250.0,250.0,250.0,231.0,250.0,296.0,221.0,250.0,231.0,250.0,250.0,250.0,250.0,250.0,250.0,250.0,250.0,250.0,250.0,250.0,250.0,314.0,250.0,250.0,250.0,250.0
hDenV4/Colombia/SAN-UIS-0000022/2001,3152.0,3130.0,3130.0,3130.0,3130.0,3130.0,3130.0,3151.0,3130.0,3199.0,3183.0,3265.0,3152.0,3116.0,3118.0,3118.0,3118.0,3212.0,3118.0,3212.0,3212.0,3122.0,3122.0,3122.0,3122.0,3142.0,3142.0,3212.0,3130.0,3212.0,3122.0,3130.0,3122.0,3212.0,3232.0,3142.0,3122.0,3183.0,3122.0,3122.0,3122.0,3122.0,3122.0,3212.0,3122.0,3122.0,3164.0,3212.0,3130.0,3130.0,3130.0,3130.0,3222.0,3222.0,3222.0,3270.0,3122.0,3130.0,3188.0,3122.0,3130.0,3122.0,3122.0,3122.0,3130.0,3130.0,3212.0,3122.0,3130.0,3212.0,3212.0,3122.0,3122.0,3212.0,3122.0,3122.0,3130.0,3130.0,3130.0,3130.0,3135.0,3130.0,3130.0,3130.0,3130.0,3135.0,3130.0,3108.0,3212.0,3130.0,3130.0,3130.0,3130.0,3130.0,3122.0,3130.0,3122.0,3122.0,3122.0,3130.0,3122.0,3130.0,3130.0,3122.0,3130.0,3130.0,3130.0,3122.0,3122.0,3130.0,3122.0,3116.0,3130.0,3130.0,3118.0,3130.0,3130.0,3130.0,3130.0,3130.0,3130.0,3122.0,3130.0,3212.0,3130.0,3130.0,3130.0,3130.0,3066.0,3130.0,3130.0,3130.0,3116.0,3130.0,3130.0,3130.0,3130.0,3188.0,3130.0,3130.0,3130.0,3130.0,3188.0,3116.0,3130.0,3122.0,3130.0,3116.0,3130.0,3130.0,3130.0,3130.0,3122.0,3130.0,3130.0,3130.0,3130.0,3122.0,3130.0,3130.0,3130.0,3130.0,3130.0,3130.0,3115.0,3130.0,3130.0,3130.0,3167.0,3130.0,3130.0,3130.0,3130.0,3130.0,3130.0,3130.0,3130.0,3130.0,3109.0,3130.0,3130.0,3130.0,3103.0,3130.0,3130.0,3237.0,3130.0,3130.0,3117.0,3130.0,3170.0,3130.0,3130.0,3130.0,3130.0,3130.0,3130.0,3111.0,3130.0,3130.0,3130.0,3130.0,3118.0,3188.0,3130.0,3130.0,3130.0,3130.0,3130.0,3130.0,3130.0,3130.0,3130.0,3130.0,3237.0,3130.0,3130.0,3130.0,3130.0,3130.0,3122.0,3130.0,3199.0,3130.0,3130.0,3130.0,3130.0,3130.0,3130.0,3130.0,3122.0,3130.0,3122.0,3122.0,3130.0,3122.0,3130.0,3130.0,3130.0,3130.0,3188.0,3130.0,3130.0,3122.0,3122.0,3122.0,3130.0,3130.0,3122.0,3130.0,3188.0,3130.0,3130.0,3122.0,3130.0,3130.0,3130.0,3130.0,3130.0,3130.0,3130.0,3130.0,3130.0,3130.0,3130.0,3194.0,3130.0,3130.0,3130.0,3130.0,3130.0,3130.0,3130.0,3130.0,3151.0,3130.0,3130.0,3130.0,3130.0,3130.0,3130.0,3130.0,3130.0,3116.0,3206.0,3122.0,3130.0,3130.0,3130.0,3130.0,3130.0,3130.0,3130.0,3140.0,3130.0,3130.0,3130.0,3130.0,3130.0,3116.0,3130.0,3130.0,3130.0,3130.0,3151.0,3130.0,3130.0,3130.0,3130.0,3116.0,3130.0,3130.0,3130.0,3116.0,3130.0,3130.0,3130.0,3130.0,3130.0,3130.0,3130.0,3130.0,3130.0,3130.0,3130.0,3130.0,3130.0,3130.0,3130.0,3130.0,3130.0,3130.0,3218.0,3130.0,3130.0,3130.0,3130.0,3130.0,3188.0,3130.0,3094.0,3130.0,3130.0,3151.0,3130.0,3130.0,3078.0,3112.0,3130.0,3130.0,3130.0,3118.0,3130.0,3130.0,3130.0,3115.0,3188.0,3130.0,3117.0,3130.0,3130.0,3130.0,3130.0,3130.0,3130.0,3130.0,3130.0,3130.0,3188.0,3130.0,3130.0,3130.0,3130.0,3130.0,3130.0,3130.0,3188.0,3130.0,3041.0,3130.0,3130.0,3130.0,3130.0,3130.0,3130.0,3154.0,3130.0,3130.0,3130.0,3118.0,3130.0,3130.0,3130.0,3130.0,3130.0,3130.0,3130.0,3130.0,3130.0,3130.0,3130.0,3130.0,3130.0,3188.0,3130.0,3130.0,3130.0,3130.0,3130.0,3130.0,3130.0,3188.0,3157.0,3130.0,3188.0,3130.0,3130.0,3130.0,3130.0,3130.0,3130.0,3130.0,3130.0,3130.0,3193.0,3130.0,3130.0,3193.0,3118.0,3202.0,3130.0,3118.0,3130.0,3112.0,3130.0,3188.0,3130.0,3130.0,3130.0,3168.0,3130.0,3130.0,3130.0,3094.0,3130.0,3252.0,3130.0,3130.0,3130.0,3193.0,3118.0,3130.0,3130.0,3162.0,3130.0,3188.0,3130.0,3130.0,3118.0,3122.0,3130.0,3130.0,3130.0,3130.0,3130.0,3130.0,3130.0,3130.0,3130.0,3066.0,3130.0,3130.0,3116.0,3130.0,3188.0,3130.0,3130.0,3130.0,3130.0,3130.0,3130.0,3130.0,3130.0,3112.0,3130.0,3188.0,3130.0,3188.0,3130.0,3130.0,3157.0,3130.0,3130.0,3118.0,3130.0,3130.0,3130.0,3130.0,3188.0,3130.0,3130.0,3130.0,3130.0,3118.0,3188.0,3130.0,3188.0,3130.0,3130.0,3188.0,3130.0,3130.0,3130.0,3116.0,3130.0,3130.0,3130.0,3130.0,3130.0,3130.0,3162.0,3118.0,3130.0,3130.0,3066.0,3066.0,3066.0,3188.0,3150.0,3130.0,3130.0,3130.0,3211.0,3130.0,3130.0,3066.0,3162.0,3130.0,3140.0,3130.0,3066.0,3188.0,3118.0,3130.0,3130.0,3130.0,3066.0,3130.0,3130.0,3130.0,3118.0,3160.0,3066.0,3130.0,3130.0,3066.0,3066.0,3066.0,3130.0,3162.0,3130.0,3130.0,3130.0,3066.0,3130.0,3066.0,3130.0,3130.0,3130.0,3066.0,3130.0,3188.0,3130.0,3118.0,3130.0,3066.0,3130.0,3066.0,3130.0,3203.0,3066.0,3188.0,3130.0,3130.0,3130.0,3130.0,3130.0,3188.0,3188.0,3130.0,3130.0,3130.0,3130.0,3130.0,3066.0,3124.0,3066.0,3130.0,3130.0,3130.0,3066.0,3066.0,3130.0,3130.0,3130.0,3168.0,3188.0,3130.0,3130.0,3130.0,3162.0,3130.0,3130.0,3130.0,3130.0,3130.0,3130.0,3130.0,3130.0,3130.0,3130.0,3130.0,3130.0,3162.0,3162.0,3130.0,3130.0,3152.0,3130.0,3130.0,3130.0,3130.0,3130.0,3130.0,3130.0,3130.0,3130.0,3130.0,3130.0,3211.0,3130.0,3130.0,3139.0,3031.0,3130.0,3130.0,3130.0,3130.0,3130.0,3130.0,3151.0,3130.0,3130.0,3130.0,3130.0,3168.0,3130.0,3130.0,3159.0,3130.0,3130.0,3130.0,3130.0,3130.0,3130.0,3066.0,3189.0,3130.0,3130.0,3118.0,3130.0,3130.0,3211.0,3211.0,3130.0,3188.0,3066.0,3066.0,3066.0,3130.0,3130.0,3207.0,3090.0,2462.0,2535.0,2535.0,2567.0,2503.0,2482.0,2530.0,2453.0,2535.0,2535.0,2535.0,2535.0,2535.0,2581.0,2535.0,2535.0,2535.0,2581.0,2506.0,2535.0,2535.0,2535.0,2506.0,2535.0,2506.0,2573.0,2535.0,2564.0,2535.0,2506.0,2506.0,2535.0,2535.0,2535.0,2535.0,2535.0,2535.0,2535.0,2535.0,2535.0,2506.0,2506.0,2535.0,2535.0,2535.0,2535.0,2506.0,2535.0,2535.0,2535.0,2535.0,2506.0,2535.0,2535.0,2535.0,2535.0,2535.0,2535.0,2535.0,2506.0,2535.0,2535.0,2546.0,2535.0,2535.0,2535.0,2477.0,2506.0,2535.0,2535.0,2506.0,2535.0,2535.0,2535.0,2535.0,2535.0,2535.0,2506.0,2506.0,2535.0,2599.0,2535.0,2535.0,2506.0,2535.0,2535.0,2535.0,2535.0,2535.0,2535.0,2535.0,2506.0,2535.0,2535.0,2506.0,2535.0,2535.0,2535.0,2535.0,2535.0,2506.0,2506.0,2535.0,2535.0,2535.0,2535.0,2535.0,2535.0,2506.0,2535.0,2535.0,2535.0,2535.0,2535.0,2535.0,2535.0,2535.0,2506.0,2535.0,2535.0,2535.0,2535.0,2535.0,2535.0,2535.0,2535.0,2535.0,2629.0,2535.0,2506.0,2535.0,2535.0,2535.0,2535.0,2535.0,2535.0,2535.0,2535.0,2535.0,2535.0,2535.0,2535.0,2535.0,2535.0,2535.0,2535.0,2535.0,2535.0,2535.0,2535.0,2535.0,2535.0,2535.0,2535.0,2537.0,2535.0,2535.0,2535.0,2535.0,2535.0,2535.0,2535.0,2535.0,2535.0,2535.0,2535.0,2535.0,2535.0,2535.0,2535.0,2535.0,2535.0,2535.0,2535.0,2535.0,2535.0,2535.0,2535.0,2535.0,2535.0,2535.0,2535.0,2535.0,2535.0,2535.0,2535.0,2535.0,2535.0,2535.0,2535.0,2535.0,2535.0,2535.0,2535.0,2535.0,2535.0,2535.0,2535.0,2535.0,2535.0,2535.0,2535.0,2535.0,2535.0,2581.0,2535.0,2535.0,2535.0,2535.0,2535.0,2535.0,2535.0,2535.0,2535.0,2535.0,2535.0,2535.0,2535.0,2535.0,2535.0,2535.0,2535.0,2535.0,2535.0,2535.0,2535.0,2535.0,2535.0,2535.0,2535.0,2535.0,2535.0,2535.0,2535.0,2535.0,2535.0,2535.0,2535.0,2535.0,2535.0,2535.0,2535.0,2535.0,2535.0,2535.0,2535.0,2581.0,2535.0,2535.0,2535.0,2535.0,2535.0,2535.0,2535.0,2535.0,2535.0,2535.0,2535.0,2535.0,2535.0,2535.0,2535.0,2535.0,2535.0,2535.0,2535.0,2535.0,2535.0,2535.0,2535.0,2535.0,2535.0,2604.0,2535.0,2535.0,2535.0,2535.0,2535.0,2535.0,2535.0,2535.0,2535.0,2535.0,2535.0,2580.0,2535.0,2535.0,2509.0,2535.0,2535.0,2535.0,2535.0,2535.0,2535.0,2535.0,2535.0,2555.0,2535.0,2588.0,2535.0,2535.0,2535.0,2535.0,2535.0,2535.0,2535.0,2535.0,2535.0,2535.0,2535.0,2535.0,2581.0,2535.0,2535.0,2535.0,2581.0,2535.0,2535.0,2535.0,2535.0,2535.0,2581.0,2535.0,2535.0,2535.0,2535.0,2535.0,2535.0,2535.0,2535.0,2535.0,2535.0,2535.0,2535.0,2535.0,2535.0,2535.0,2535.0,2535.0,2535.0,2535.0,2535.0,2535.0,2535.0,2535.0,2535.0,2535.0,2535.0,2564.0,2535.0,2535.0,2535.0,2535.0,2535.0,2573.0,2535.0,2535.0,2535.0,2573.0,2535.0,2535.0,2535.0,2535.0,2535.0,2535.0,2564.0,2564.0,2535.0,2535.0,2535.0,2535.0,2535.0,2535.0,2564.0,2535.0,2437.0,2535.0,2535.0,2535.0,2535.0,2535.0,2535.0,2549.0,2535.0,2535.0,2535.0,2535.0,2535.0,2471.0,2535.0,2535.0,2535.0,2535.0,2535.0,2535.0,2535.0,2535.0,2535.0,2535.0,2535.0,2535.0,2535.0,2535.0,2535.0,2535.0,2535.0,2535.0,2535.0,2509.0,2535.0,2535.0,2535.0,2535.0,2564.0,2535.0,2535.0,2535.0,2535.0,2535.0,2535.0,2535.0,2535.0,2535.0,2535.0,2535.0,2535.0,2535.0,2535.0,2535.0,2535.0,2535.0,2535.0,2535.0,2535.0,2535.0,2535.0,2564.0,2535.0,2535.0,2535.0,2535.0,2535.0,2535.0,2535.0,8312.0,8318.0,8312.0,8301.0,8312.0,8312.0,8286.0,8330.0,8312.0,8312.0,8373.0,8353.0,8312.0,8395.0,8547.0,8331.0,8312.0,8312.0,8312.0,8312.0,8312.0,8312.0,8312.0,8312.0,8312.0,8312.0,8312.0,8312.0,8312.0,8312.0,8312.0,8312.0,8312.0,8312.0,8312.0,8312.0,8307.0,8312.0,8312.0,8312.0,8312.0,8312.0,8312.0,8312.0,8312.0,8312.0,8312.0,8312.0,8312.0,8312.0,8312.0,8312.0,8312.0,8312.0,8353.0,8312.0,8312.0,8312.0,8312.0,8312.0,8312.0,8312.0,8312.0,8312.0,8312.0,8312.0,8312.0,8312.0,8353.0,8312.0,8312.0,8312.0,8312.0,8312.0,8312.0,8312.0,8312.0,8312.0,8312.0,8312.0,8312.0,8312.0,8312.0,8312.0,8312.0,8312.0,8312.0,8312.0,8312.0,8312.0,8312.0,8312.0,8341.0,8309.0,8312.0,8401.0,8312.0,8312.0,8312.0,8312.0,8312.0,8312.0,8312.0,8401.0,8312.0,8312.0,8312.0,8312.0,8312.0,8330.0,8330.0,8401.0,8312.0,8312.0,8312.0,8293.0,8312.0,8332.0,8312.0,8312.0,8312.0,8312.0,8312.0,8312.0,8318.0,8312.0,8312.0,8312.0,8312.0,8312.0,8223.0,8312.0,8312.0,8312.0,8312.0,8312.0,8312.0,8312.0,8312.0,8312.0,8312.0,8312.0,8312.0,8312.0,8312.0,8312.0,8312.0,8312.0,8312.0,8312.0,8312.0,8401.0,8324.0,8312.0,8312.0,8312.0,8312.0,8312.0,8312.0,8312.0,8312.0,8312.0,8312.0,8341.0,8330.0,8330.0,8312.0,8318.0,8312.0,8318.0,8312.0,8312.0,8312.0,8461.0,8401.0,8312.0,8312.0,8312.0,8311.0,8312.0,8312.0,8312.0,8401.0,8312.0,8312.0,8312.0,8312.0,8312.0,8312.0,8312.0,8312.0,8312.0,8312.0,8312.0,8312.0,8312.0,8312.0,8312.0,8312.0,8267.0,8312.0,8312.0,8312.0,8312.0,8267.0,8312.0,8312.0,8312.0,8312.0,8225.0,8312.0,8312.0,8312.0,8312.0,8312.0,8312.0,8223.0,8312.0,8312.0,8330.0,8330.0,8401.0,8312.0,8312.0,8540.0,8312.0,8330.0,8312.0,8401.0,8312.0,8312.0,8312.0,8312.0,8330.0,8312.0,8312.0,8312.0,8312.0,8312.0,8312.0,8312.0,8312.0,8312.0,8312.0,8312.0,8312.0,8312.0,8312.0,8312.0,8401.0,8312.0,8331.0,8312.0,8330.0,8312.0,8312.0,8312.0,8330.0,8401.0,8312.0,8312.0,8401.0,8312.0,8312.0,8312.0,8312.0,8312.0,8312.0,8312.0,8312.0,8312.0,8312.0,8312.0,8312.0,8312.0,8312.0,8312.0,8312.0,8312.0,8312.0,8312.0,8312.0,8312.0,8401.0,8312.0,8312.0,8330.0,8312.0,8312.0,8312.0,8401.0,8312.0,8401.0,8312.0,8401.0,8330.0,8312.0,8312.0,8312.0,8312.0,8312.0,8312.0,8330.0,8312.0,8330.0,8312.0,8312.0,8312.0,8401.0,8312.0,8312.0,8312.0,8312.0,8312.0,8312.0,8312.0,8312.0,8312.0,8312.0,8312.0,8312.0,8312.0,8312.0,8312.0,8312.0,8312.0,8312.0,8312.0,8401.0,8312.0,8401.0,8401.0,8312.0,8312.0,8312.0,8312.0,8312.0,8312.0,8331.0,8312.0,8312.0,8312.0,8312.0,8312.0,8312.0,8312.0,8312.0,8312.0,8312.0,8312.0,8312.0,8312.0,8312.0,8312.0,8401.0,8312.0,8341.0,8312.0,8312.0,8312.0,8401.0,8312.0,8312.0,8401.0,8312.0,8312.0,8312.0,8312.0,8312.0,8312.0,8312.0,8312.0,8401.0,8312.0,8312.0,8312.0,8401.0,8312.0,8312.0,8312.0,8312.0,8312.0,8312.0,8312.0,8312.0,8312.0,8312.0,8312.0,8401.0,8312.0,8401.0,8283.0,8312.0,8312.0,8312.0,8331.0,8312.0,8312.0,8401.0,8312.0,8401.0,8312.0,8312.0,8401.0,8401.0,8401.0,8312.0,8312.0,8331.0,8372.0,8312.0,8312.0,8401.0,8401.0,8331.0,8331.0,8401.0,8312.0,8401.0,8401.0,8401.0,8401.0,8413.0,8312.0,8401.0,8401.0,8331.0,8401.0,8401.0,8312.0,8401.0,8312.0,8401.0,8401.0,8401.0,8331.0,8401.0,8331.0,8401.0,8401.0,8331.0,8331.0,8331.0,8331.0,8331.0,8401.0,8401.0,8288.0,8331.0,8337.0,8331.0,8331.0,8331.0,8331.0,8312.0,8331.0,8331.0,8331.0,8331.0,8331.0,8331.0,8260.0,8331.0,8415.0,8331.0,8415.0,8331.0,8331.0,8413.0,8331.0,8312.0,8312.0,0.0,45.0,361.0,122.0,29.0,103.0,103.0,103.0,103.0,103.0,103.0,103.0,103.0,103.0,103.0,103.0,103.0,103.0,103.0,103.0,103.0,103.0,103.0,103.0,103.0,103.0,103.0,103.0,103.0,103.0,103.0,103.0,103.0,103.0,103.0,103.0,103.0,103.0,103.0,103.0,103.0,132.0,103.0,103.0,103.0,192.0,103.0,103.0,192.0,103.0,103.0,132.0,103.0,103.0,132.0,159.0,129.0,175.0,129.0,122.0,129.0,129.0,122.0,103.0,149.0,122.0,122.0,103.0,103.0,122.0,103.0,103.0,103.0,103.0,103.0,103.0,103.0,103.0,103.0,103.0,103.0,129.0,122.0,103.0,103.0,103.0,103.0,103.0,103.0,103.0,103.0,103.0,103.0,103.0,103.0,149.0,103.0,103.0,103.0,103.0,103.0,103.0,103.0,103.0,103.0,103.0,103.0,103.0,103.0,103.0,103.0,103.0,103.0,103.0,103.0,103.0,103.0,103.0,103.0,103.0,103.0,103.0,103.0,103.0,103.0,103.0,103.0,103.0,103.0,103.0,103.0,103.0,103.0,103.0,103.0,103.0,80.0,103.0,103.0,103.0,103.0,122.0,103.0,103.0,103.0,103.0,103.0,103.0,124.0,103.0,122.0,103.0,103.0,103.0,103.0,103.0,103.0,103.0,103.0,103.0,103.0,103.0,122.0,103.0,103.0,103.0,103.0,103.0,122.0,103.0,103.0,122.0,122.0,103.0,103.0,103.0,122.0,103.0,103.0,103.0,103.0,103.0,103.0,103.0,103.0,103.0,103.0,103.0,103.0,103.0,103.0,149.0,103.0,103.0,103.0,103.0,103.0,103.0,103.0,103.0,149.0,103.0,103.0,193.0,103.0,103.0,103.0,103.0,159.0,103.0,103.0,103.0,103.0,103.0,103.0,103.0,103.0,103.0,103.0,45.0,103.0,103.0,103.0,103.0,122.0,103.0,103.0,151.0,103.0,103.0,103.0,103.0,103.0,103.0,103.0,103.0,103.0,103.0,103.0,103.0,103.0,103.0,103.0,103.0,103.0,126.0,103.0,103.0,103.0,159.0,103.0,103.0,103.0,103.0,103.0,103.0,103.0,103.0,103.0,103.0,103.0,122.0,103.0,103.0,103.0,103.0,103.0,103.0,103.0,103.0,103.0,113.0,103.0,103.0,103.0,159.0,103.0,103.0,103.0,103.0,103.0,103.0,103.0,103.0,103.0,103.0,103.0,167.0,103.0,103.0,103.0,159.0,103.0,103.0,103.0,81.0,103.0,159.0,103.0,103.0,103.0,103.0,103.0,103.0,103.0,103.0,103.0,103.0,103.0,103.0,103.0,103.0,132.0,103.0,103.0,103.0,159.0,103.0,103.0,103.0,103.0,103.0,103.0,103.0,103.0,103.0,103.0,149.0,103.0,159.0,103.0,103.0,103.0,103.0,103.0,103.0,159.0,103.0,103.0,103.0,103.0,159.0,103.0,129.0,167.0,122.0,103.0,122.0,122.0,122.0,122.0,122.0,122.0,122.0,122.0,122.0,122.0,122.0,122.0,122.0,103.0,122.0,168.0,151.0,122.0,103.0,122.0,122.0,122.0,122.0,122.0,122.0,122.0,122.0,122.0,122.0,122.0,122.0,186.0,122.0,122.0,122.0,122.0
hDenV4/Colombia/SAN-UIS-0000024/2004,3152.0,3130.0,3130.0,3130.0,3130.0,3130.0,3130.0,3151.0,3130.0,3199.0,3183.0,3265.0,3152.0,3116.0,3118.0,3118.0,3118.0,3212.0,3118.0,3212.0,3212.0,3122.0,3122.0,3122.0,3122.0,3142.0,3142.0,3212.0,3130.0,3212.0,3122.0,3130.0,3122.0,3212.0,3232.0,3142.0,3122.0,3183.0,3122.0,3122.0,3122.0,3122.0,3122.0,3212.0,3122.0,3122.0,3164.0,3212.0,3130.0,3130.0,3130.0,3130.0,3222.0,3222.0,3222.0,3270.0,3122.0,3130.0,3188.0,3122.0,3130.0,3122.0,3122.0,3122.0,3130.0,3130.0,3212.0,3122.0,3130.0,3212.0,3212.0,3122.0,3122.0,3212.0,3122.0,3122.0,3130.0,3130.0,3130.0,3130.0,3135.0,3130.0,3130.0,3130.0,3130.0,3135.0,3130.0,3108.0,3212.0,3130.0,3130.0,3130.0,3130.0,3130.0,3122.0,3130.0,3122.0,3122.0,3122.0,3130.0,3122.0,3130.0,3130.0,3122.0,3130.0,3130.0,3130.0,3122.0,3122.0,3130.0,3122.0,3116.0,3130.0,3130.0,3118.0,3130.0,3130.0,3130.0,3130.0,3130.0,3130.0,3122.0,3130.0,3212.0,3130.0,3130.0,3130.0,3130.0,3066.0,3130.0,3130.0,3130.0,3116.0,3130.0,3130.0,3130.0,3130.0,3188.0,3130.0,3130.0,3130.0,3130.0,3188.0,3116.0,3130.0,3122.0,3130.0,3116.0,3130.0,3130.0,3130.0,3130.0,3122.0,3130.0,3130.0,3130.0,3130.0,3122.0,3130.0,3130.0,3130.0,3130.0,3130.0,3130.0,3115.0,3130.0,3130.0,3130.0,3167.0,3130.0,3130.0,3130.0,3130.0,3130.0,3130.0,3130.0,3130.0,3130.0,3109.0,3130.0,3130.0,3130.0,3103.0,3130.0,3130.0,3237.0,3130.0,3130.0,3117.0,3130.0,3170.0,3130.0,3130.0,3130.0,3130.0,3130.0,3130.0,3111.0,3130.0,3130.0,3130.0,3130.0,3118.0,3188.0,3130.0,3130.0,3130.0,3130.0,3130.0,3130.0,3130.0,3130.0,3130.0,3130.0,3237.0,3130.0,3130.0,3130.0,3130.0,3130.0,3122.0,3130.0,3199.0,3130.0,3130.0,3130.0,3130.0,3130.0,3130.0,3130.0,3122.0,3130.0,3122.0,3122.0,3130.0,3122.0,3130.0,3130.0,3130.0,3130.0,3188.0,3130.0,3130.0,3122.0,3122.0,3122.0,3130.0,3130.0,3122.0,3130.0,3188.0,3130.0,3130.0,3122.0,3130.0,3130.0,3130.0,3130.0,3130.0,3130.0,3130.0,3130.0,3130.0,3130.0,3130.0,3194.0,3130.0,3130.0,3130.0,3130.0,3130.0,3130.0,3130.0,3130.0,3151.0,3130.0,3130.0,3130.0,3130.0,3130.0,3130.0,3130.0,3130.0,3116.0,3206.0,3122.0,3130.0,3130.0,3130.0,3130.0,3130.0,3130.0,3130.0,3140.0,3130.0,3130.0,3130.0,3130.0,3130.0,3116.0,3130.0,3130.0,3130.0,3130.0,3151.0,3130.0,3130.0,3130.0,3130.0,3116.0,3130.0,3130.0,3130.0,3116.0,3130.0,3130.0,3130.0,3130.0,3130.0,3130.0,3130.0,3130.0,3130.0,3130.0,3130.0,3130.0,3130.0,3130.0,3130.0,3130.0,3130.0,3130.0,3218.0,3130.0,3130.0,3130.0,3130.0,3130.0,3188.0,3130.0,3094.0,3130.0,3130.0,3151.0,3130.0,3130.0,3078.0,3112.0,3130.0,3130.0,3130.0,3118.0,3130.0,3130.0,3130.0,3115.0,3188.0,3130.0,3117.0,3130.0,3130.0,3130.0,3130.0,3130.0,3130.0,3130.0,3130.0,3130.0,3188.0,3130.0,3130.0,3130.0,3130.0,3130.0,3130.0,3130.0,3188.0,3130.0,3041.0,3130.0,3130.0,3130.0,3130.0,3130.0,3130.0,3154.0,3130.0,3130.0,3130.0,3118.0,3130.0,3130.0,3130.0,3130.0,3130.0,3130.0,3130.0,3130.0,3130.0,3130.0,3130.0,3130.0,3130.0,3188.0,3130.0,3130.0,3130.0,3130.0,3130.0,3130.0,3130.0,3188.0,3157.0,3130.0,3188.0,3130.0,3130.0,3130.0,3130.0,3130.0,3130.0,3130.0,3130.0,3130.0,3193.0,3130.0,3130.0,3193.0,3118.0,3202.0,3130.0,3118.0,3130.0,3112.0,3130.0,3188.0,3130.0,3130.0,3130.0,3168.0,3130.0,3130.0,3130.0,3094.0,3130.0,3252.0,3130.0,3130.0,3130.0,3193.0,3118.0,3130.0,3130.0,3162.0,3130.0,3188.0,3130.0,3130.0,3118.0,3122.0,3130.0,3130.0,3130.0,3130.0,3130.0,3130.0,3130.0,3130.0,3130.0,3066.0,3130.0,3130.0,3116.0,3130.0,3188.0,3130.0,3130.0,3130.0,3130.0,3130.0,3130.0,3130.0,3130.0,3112.0,3130.0,3188.0,3130.0,3188.0,3130.0,3130.0,3157.0,3130.0,3130.0,3118.0,3130.0,3130.0,3130.0,3130.0,3188.0,3130.0,3130.0,3130.0,3130.0,3118.0,3188.0,3130.0,3188.0,3130.0,3130.0,3188.0,3130.0,3130.0,3130.0,3116.0,3130.0,3130.0,3130.0,3130.0,3130.0,3130.0,3162.0,3118.0,3130.0,3130.0,3066.0,3066.0,3066.0,3188.0,3150.0,3130.0,3130.0,3130.0,3211.0,3130.0,3130.0,3066.0,3162.0,3130.0,3140.0,3130.0,3066.0,3188.0,3118.0,3130.0,3130.0,3130.0,3066.0,3130.0,3130.0,3130.0,3118.0,3160.0,3066.0,3130.0,3130.0,3066.0,3066.0,3066.0,3130.0,3162.0,3130.0,3130.0,3130.0,3066.0,3130.0,3066.0,3130.0,3130.0,3130.0,3066.0,3130.0,3188.0,3130.0,3118.0,3130.0,3066.0,3130.0,3066.0,3130.0,3203.0,3066.0,3188.0,3130.0,3130.0,3130.0,3130.0,3130.0,3188.0,3188.0,3130.0,3130.0,3130.0,3130.0,3130.0,3066.0,3124.0,3066.0,3130.0,3130.0,3130.0,3066.0,3066.0,3130.0,3130.0,3130.0,3168.0,3188.0,3130.0,3130.0,3130.0,3162.0,3130.0,3130.0,3130.0,3130.0,3130.0,3130.0,3130.0,3130.0,3130.0,3130.0,3130.0,3130.0,3162.0,3162.0,3130.0,3130.0,3152.0,3130.0,3130.0,3130.0,3130.0,3130.0,3130.0,3130.0,3130.0,3130.0,3130.0,3130.0,3211.0,3130.0,3130.0,3139.0,3031.0,3130.0,3130.0,3130.0,3130.0,3130.0,3130.0,3151.0,3130.0,3130.0,3130.0,3130.0,3168.0,3130.0,3130.0,3159.0,3130.0,3130.0,3130.0,3130.0,3130.0,3130.0,3066.0,3189.0,3130.0,3130.0,3118.0,3130.0,3130.0,3211.0,3211.0,3130.0,3188.0,3066.0,3066.0,3066.0,3130.0,3130.0,3207.0,3090.0,2462.0,2535.0,2535.0,2567.0,2503.0,2482.0,2530.0,2453.0,2535.0,2535.0,2535.0,2535.0,2535.0,2581.0,2535.0,2535.0,2535.0,2581.0,2506.0,2535.0,2535.0,2535.0,2506.0,2535.0,2506.0,2573.0,2535.0,2564.0,2535.0,2506.0,2506.0,2535.0,2535.0,2535.0,2535.0,2535.0,2535.0,2535.0,2535.0,2535.0,2506.0,2506.0,2535.0,2535.0,2535.0,2535.0,2506.0,2535.0,2535.0,2535.0,2535.0,2506.0,2535.0,2535.0,2535.0,2535.0,2535.0,2535.0,2535.0,2506.0,2535.0,2535.0,2546.0,2535.0,2535.0,2535.0,2477.0,2506.0,2535.0,2535.0,2506.0,2535.0,2535.0,2535.0,2535.0,2535.0,2535.0,2506.0,2506.0,2535.0,2599.0,2535.0,2535.0,2506.0,2535.0,2535.0,2535.0,2535.0,2535.0,2535.0,2535.0,2506.0,2535.0,2535.0,2506.0,2535.0,2535.0,2535.0,2535.0,2535.0,2506.0,2506.0,2535.0,2535.0,2535.0,2535.0,2535.0,2535.0,2506.0,2535.0,2535.0,2535.0,2535.0,2535.0,2535.0,2535.0,2535.0,2506.0,2535.0,2535.0,2535.0,2535.0,2535.0,2535.0,2535.0,2535.0,2535.0,2629.0,2535.0,2506.0,2535.0,2535.0,2535.0,2535.0,2535.0,2535.0,2535.0,2535.0,2535.0,2535.0,2535.0,2535.0,2535.0,2535.0,2535.0,2535.0,2535.0,2535.0,2535.0,2535.0,2535.0,2535.0,2535.0,2535.0,2537.0,2535.0,2535.0,2535.0,2535.0,2535.0,2535.0,2535.0,2535.0,2535.0,2535.0,2535.0,2535.0,2535.0,2535.0,2535.0,2535.0,2535.0,2535.0,2535.0,2535.0,2535.0,2535.0,2535.0,2535.0,2535.0,2535.0,2535.0,2535.0,2535.0,2535.0,2535.0,2535.0,2535.0,2535.0,2535.0,2535.0,2535.0,2535.0,2535.0,2535.0,2535.0,2535.0,2535.0,2535.0,2535.0,2535.0,2535.0,2535.0,2535.0,2581.0,2535.0,2535.0,2535.0,2535.0,2535.0,2535.0,2535.0,2535.0,2535.0,2535.0,2535.0,2535.0,2535.0,2535.0,2535.0,2535.0,2535.0,2535.0,2535.0,2535.0,2535.0,2535.0,2535.0,2535.0,2535.0,2535.0,2535.0,2535.0,2535.0,2535.0,2535.0,2535.0,2535.0,2535.0,2535.0,2535.0,2535.0,2535.0,2535.0,2535.0,2535.0,2581.0,2535.0,2535.0,2535.0,2535.0,2535.0,2535.0,2535.0,2535.0,2535.0,2535.0,2535.0,2535.0,2535.0,2535.0,2535.0,2535.0,2535.0,2535.0,2535.0,2535.0,2535.0,2535.0,2535.0,2535.0,2535.0,2604.0,2535.0,2535.0,2535.0,2535.0,2535.0,2535.0,2535.0,2535.0,2535.0,2535.0,2535.0,2580.0,2535.0,2535.0,2509.0,2535.0,2535.0,2535.0,2535.0,2535.0,2535.0,2535.0,2535.0,2555.0,2535.0,2588.0,2535.0,2535.0,2535.0,2535.0,2535.0,2535.0,2535.0,2535.0,2535.0,2535.0,2535.0,2535.0,2581.0,2535.0,2535.0,2535.0,2581.0,2535.0,2535.0,2535.0,2535.0,2535.0,2581.0,2535.0,2535.0,2535.0,2535.0,2535.0,2535.0,2535.0,2535.0,2535.0,2535.0,2535.0,2535.0,2535.0,2535.0,2535.0,2535.0,2535.0,2535.0,2535.0,2535.0,2535.0,2535.0,2535.0,2535.0,2535.0,2535.0,2564.0,2535.0,2535.0,2535.0,2535.0,2535.0,2573.0,2535.0,2535.0,2535.0,2573.0,2535.0,2535.0,2535.0,2535.0,2535.0,2535.0,2564.0,2564.0,2535.0,2535.0,2535.0,2535.0,2535.0,2535.0,2564.0,2535.0,2437.0,2535.0,2535.0,2535.0,2535.0,2535.0,2535.0,2549.0,2535.0,2535.0,2535.0,2535.0,2535.0,2471.0,2535.0,2535.0,2535.0,2535.0,2535.0,2535.0,2535.0,2535.0,2535.0,2535.0,2535.0,2535.0,2535.0,2535.0,2535.0,2535.0,2535.0,2535.0,2535.0,2509.0,2535.0,2535.0,2535.0,2535.0,2564.0,2535.0,2535.0,2535.0,2535.0,2535.0,2535.0,2535.0,2535.0,2535.0,2535.0,2535.0,2535.0,2535.0,2535.0,2535.0,2535.0,2535.0,2535.0,2535.0,2535.0,2535.0,2535.0,2564.0,2535.0,2535.0,2535.0,2535.0,2535.0,2535.0,2535.0,8312.0,8318.0,8312.0,8301.0,8312.0,8312.0,8286.0,8330.0,8312.0,8312.0,8373.0,8353.0,8312.0,8395.0,8547.0,8331.0,8312.0,8312.0,8312.0,8312.0,8312.0,8312.0,8312.0,8312.0,8312.0,8312.0,8312.0,8312.0,8312.0,8312.0,8312.0,8312.0,8312.0,8312.0,8312.0,8312.0,8307.0,8312.0,8312.0,8312.0,8312.0,8312.0,8312.0,8312.0,8312.0,8312.0,8312.0,8312.0,8312.0,8312.0,8312.0,8312.0,8312.0,8312.0,8353.0,8312.0,8312.0,8312.0,8312.0,8312.0,8312.0,8312.0,8312.0,8312.0,8312.0,8312.0,8312.0,8312.0,8353.0,8312.0,8312.0,8312.0,8312.0,8312.0,8312.0,8312.0,8312.0,8312.0,8312.0,8312.0,8312.0,8312.0,8312.0,8312.0,8312.0,8312.0,8312.0,8312.0,8312.0,8312.0,8312.0,8312.0,8341.0,8309.0,8312.0,8401.0,8312.0,8312.0,8312.0,8312.0,8312.0,8312.0,8312.0,8401.0,8312.0,8312.0,8312.0,8312.0,8312.0,8330.0,8330.0,8401.0,8312.0,8312.0,8312.0,8293.0,8312.0,8332.0,8312.0,8312.0,8312.0,8312.0,8312.0,8312.0,8318.0,8312.0,8312.0,8312.0,8312.0,8312.0,8223.0,8312.0,8312.0,8312.0,8312.0,8312.0,8312.0,8312.0,8312.0,8312.0,8312.0,8312.0,8312.0,8312.0,8312.0,8312.0,8312.0,8312.0,8312.0,8312.0,8312.0,8401.0,8324.0,8312.0,8312.0,8312.0,8312.0,8312.0,8312.0,8312.0,8312.0,8312.0,8312.0,8341.0,8330.0,8330.0,8312.0,8318.0,8312.0,8318.0,8312.0,8312.0,8312.0,8461.0,8401.0,8312.0,8312.0,8312.0,8311.0,8312.0,8312.0,8312.0,8401.0,8312.0,8312.0,8312.0,8312.0,8312.0,8312.0,8312.0,8312.0,8312.0,8312.0,8312.0,8312.0,8312.0,8312.0,8312.0,8312.0,8267.0,8312.0,8312.0,8312.0,8312.0,8267.0,8312.0,8312.0,8312.0,8312.0,8225.0,8312.0,8312.0,8312.0,8312.0,8312.0,8312.0,8223.0,8312.0,8312.0,8330.0,8330.0,8401.0,8312.0,8312.0,8540.0,8312.0,8330.0,8312.0,8401.0,8312.0,8312.0,8312.0,8312.0,8330.0,8312.0,8312.0,8312.0,8312.0,8312.0,8312.0,8312.0,8312.0,8312.0,8312.0,8312.0,8312.0,8312.0,8312.0,8312.0,8401.0,8312.0,8331.0,8312.0,8330.0,8312.0,8312.0,8312.0,8330.0,8401.0,8312.0,8312.0,8401.0,8312.0,8312.0,8312.0,8312.0,8312.0,8312.0,8312.0,8312.0,8312.0,8312.0,8312.0,8312.0,8312.0,8312.0,8312.0,8312.0,8312.0,8312.0,8312.0,8312.0,8312.0,8401.0,8312.0,8312.0,8330.0,8312.0,8312.0,8312.0,8401.0,8312.0,8401.0,8312.0,8401.0,8330.0,8312.0,8312.0,8312.0,8312.0,8312.0,8312.0,8330.0,8312.0,8330.0,8312.0,8312.0,8312.0,8401.0,8312.0,8312.0,8312.0,8312.0,8312.0,8312.0,8312.0,8312.0,8312.0,8312.0,8312.0,8312.0,8312.0,8312.0,8312.0,8312.0,8312.0,8312.0,8312.0,8401.0,8312.0,8401.0,8401.0,8312.0,8312.0,8312.0,8312.0,8312.0,8312.0,8331.0,8312.0,8312.0,8312.0,8312.0,8312.0,8312.0,8312.0,8312.0,8312.0,8312.0,8312.0,8312.0,8312.0,8312.0,8312.0,8401.0,8312.0,8341.0,8312.0,8312.0,8312.0,8401.0,8312.0,8312.0,8401.0,8312.0,8312.0,8312.0,8312.0,8312.0,8312.0,8312.0,8312.0,8401.0,8312.0,8312.0,8312.0,8401.0,8312.0,8312.0,8312.0,8312.0,8312.0,8312.0,8312.0,8312.0,8312.0,8312.0,8312.0,8401.0,8312.0,8401.0,8283.0,8312.0,8312.0,8312.0,8331.0,8312.0,8312.0,8401.0,8312.0,8401.0,8312.0,8312.0,8401.0,8401.0,8401.0,8312.0,8312.0,8331.0,8372.0,8312.0,8312.0,8401.0,8401.0,8331.0,8331.0,8401.0,8312.0,8401.0,8401.0,8401.0,8401.0,8413.0,8312.0,8401.0,8401.0,8331.0,8401.0,8401.0,8312.0,8401.0,8312.0,8401.0,8401.0,8401.0,8331.0,8401.0,8331.0,8401.0,8401.0,8331.0,8331.0,8331.0,8331.0,8331.0,8401.0,8401.0,8288.0,8331.0,8337.0,8331.0,8331.0,8331.0,8331.0,8312.0,8331.0,8331.0,8331.0,8331.0,8331.0,8331.0,8260.0,8331.0,8415.0,8331.0,8415.0,8331.0,8331.0,8413.0,8331.0,8312.0,8312.0,0.0,45.0,361.0,122.0,29.0,103.0,103.0,103.0,103.0,103.0,103.0,103.0,103.0,103.0,103.0,103.0,103.0,103.0,103.0,103.0,103.0,103.0,103.0,103.0,103.0,103.0,103.0,103.0,103.0,103.0,103.0,103.0,103.0,103.0,103.0,103.0,103.0,103.0,103.0,103.0,103.0,132.0,103.0,103.0,103.0,192.0,103.0,103.0,192.0,103.0,103.0,132.0,103.0,103.0,132.0,159.0,129.0,175.0,129.0,122.0,129.0,129.0,122.0,103.0,149.0,122.0,122.0,103.0,103.0,122.0,103.0,103.0,103.0,103.0,103.0,103.0,103.0,103.0,103.0,103.0,103.0,129.0,122.0,103.0,103.0,103.0,103.0,103.0,103.0,103.0,103.0,103.0,103.0,103.0,103.0,149.0,103.0,103.0,103.0,103.0,103.0,103.0,103.0,103.0,103.0,103.0,103.0,103.0,103.0,103.0,103.0,103.0,103.0,103.0,103.0,103.0,103.0,103.0,103.0,103.0,103.0,103.0,103.0,103.0,103.0,103.0,103.0,103.0,103.0,103.0,103.0,103.0,103.0,103.0,103.0,103.0,80.0,103.0,103.0,103.0,103.0,122.0,103.0,103.0,103.0,103.0,103.0,103.0,124.0,103.0,122.0,103.0,103.0,103.0,103.0,103.0,103.0,103.0,103.0,103.0,103.0,103.0,122.0,103.0,103.0,103.0,103.0,103.0,122.0,103.0,103.0,122.0,122.0,103.0,103.0,103.0,122.0,103.0,103.0,103.0,103.0,103.0,103.0,103.0,103.0,103.0,103.0,103.0,103.0,103.0,103.0,149.0,103.0,103.0,103.0,103.0,103.0,103.0,103.0,103.0,149.0,103.0,103.0,193.0,103.0,103.0,103.0,103.0,159.0,103.0,103.0,103.0,103.0,103.0,103.0,103.0,103.0,103.0,103.0,45.0,103.0,103.0,103.0,103.0,122.0,103.0,103.0,151.0,103.0,103.0,103.0,103.0,103.0,103.0,103.0,103.0,103.0,103.0,103.0,103.0,103.0,103.0,103.0,103.0,103.0,126.0,103.0,103.0,103.0,159.0,103.0,103.0,103.0,103.0,103.0,103.0,103.0,103.0,103.0,103.0,103.0,122.0,103.0,103.0,103.0,103.0,103.0,103.0,103.0,103.0,103.0,113.0,103.0,103.0,103.0,159.0,103.0,103.0,103.0,103.0,103.0,103.0,103.0,103.0,103.0,103.0,103.0,167.0,103.0,103.0,103.0,159.0,103.0,103.0,103.0,81.0,103.0,159.0,103.0,103.0,103.0,103.0,103.0,103.0,103.0,103.0,103.0,103.0,103.0,103.0,103.0,103.0,132.0,103.0,103.0,103.0,159.0,103.0,103.0,103.0,103.0,103.0,103.0,103.0,103.0,103.0,103.0,149.0,103.0,159.0,103.0,103.0,103.0,103.0,103.0,103.0,159.0,103.0,103.0,103.0,103.0,159.0,103.0,129.0,167.0,122.0,103.0,122.0,122.0,122.0,122.0,122.0,122.0,122.0,122.0,122.0,122.0,122.0,122.0,122.0,103.0,122.0,168.0,151.0,122.0,103.0,122.0,122.0,122.0,122.0,122.0,122.0,122.0,122.0,122.0,122.0,122.0,122.0,186.0,122.0,122.0,122.0,122.0
hDenV4/Colombia/SAN-UIS-0000025/2004,3080.0,3058.0,3058.0,3058.0,3058.0,3058.0,3058.0,3079.0,3058.0,3127.0,3111.0,3193.0,3080.0,3044.0,3046.0,3046.0,3046.0,3084.0,3046.0,3084.0,3084.0,3050.0,3050.0,3050.0,3050.0,3070.0,3070.0,3084.0,3058.0,3084.0,3050.0,3058.0,3050.0,3084.0,3104.0,3070.0,3050.0,3055.0,3050.0,3050.0,3050.0,3050.0,3050.0,3084.0,3050.0,3050.0,3036.0,3084.0,3058.0,3058.0,3058.0,3058.0,3094.0,3094.0,3094.0,3142.0,3050.0,3058.0,3116.0,3050.0,3058.0,3050.0,3050.0,3050.0,3058.0,3058.0,3084.0,3050.0,3058.0,3084.0,3084.0,3050.0,3050.0,3084.0,3050.0,3050.0,3058.0,3058.0,3058.0,3058.0,3063.0,3058.0,3058.0,3058.0,3058.0,3063.0,3058.0,3036.0,3084.0,3058.0,3058.0,3058.0,3058.0,3058.0,3050.0,3058.0,3050.0,3050.0,3050.0,3058.0,3050.0,3058.0,3058.0,3050.0,3058.0,3058.0,3058.0,3050.0,3050.0,3058.0,3050.0,3044.0,3058.0,3058.0,3046.0,3058.0,3058.0,3058.0,3058.0,3058.0,3058.0,3050.0,3058.0,3084.0,3058.0,3058.0,3058.0,3058.0,2994.0,3058.0,3058.0,3058.0,3044.0,3058.0,3058.0,3058.0,3058.0,3116.0,3058.0,3058.0,3058.0,3058.0,3116.0,3044.0,3058.0,3050.0,3058.0,3044.0,3058.0,3058.0,3058.0,3058.0,3050.0,3058.0,3058.0,3058.0,3058.0,3050.0,3058.0,3058.0,3058.0,3058.0,3058.0,3058.0,3043.0,3058.0,3058.0,3058.0,3095.0,3058.0,3058.0,3058.0,3058.0,3058.0,3058.0,3058.0,3058.0,3058.0,3037.0,3058.0,3058.0,3058.0,3031.0,3058.0,3058.0,3165.0,3058.0,3058.0,3045.0,3058.0,3098.0,3058.0,3058.0,3058.0,3058.0,3058.0,3058.0,3039.0,3058.0,3058.0,3058.0,3058.0,3046.0,3116.0,3058.0,3058.0,3058.0,3058.0,3058.0,3058.0,3058.0,3058.0,3058.0,3058.0,3165.0,3058.0,3058.0,3058.0,3058.0,3058.0,3050.0,3058.0,3127.0,3058.0,3058.0,3058.0,3058.0,3058.0,3058.0,3058.0,3050.0,3058.0,3050.0,3050.0,3058.0,3050.0,3058.0,3058.0,3058.0,3058.0,3116.0,3058.0,3058.0,3050.0,3050.0,3050.0,3058.0,3058.0,3050.0,3058.0,3116.0,3058.0,3058.0,3050.0,3058.0,3058.0,3058.0,3058.0,3058.0,3058.0,3058.0,3058.0,3058.0,3058.0,3058.0,3122.0,3058.0,3058.0,3058.0,3058.0,3058.0,3058.0,3058.0,3058.0,3079.0,3058.0,3058.0,3058.0,3058.0,3058.0,3058.0,3058.0,3058.0,3044.0,3134.0,3050.0,3058.0,3058.0,3058.0,3058.0,3058.0,3058.0,3058.0,3068.0,3058.0,3058.0,3058.0,3058.0,3058.0,3044.0,3058.0,3058.0,3058.0,3058.0,3079.0,3058.0,3058.0,3058.0,3058.0,3044.0,3058.0,3058.0,3058.0,3044.0,3058.0,3058.0,3058.0,3058.0,3058.0,3058.0,3058.0,3058.0,3058.0,3058.0,3058.0,3058.0,3058.0,3058.0,3058.0,3058.0,3058.0,3058.0,3146.0,3058.0,3058.0,3058.0,3058.0,3058.0,3116.0,3058.0,3022.0,3058.0,3058.0,3079.0,3058.0,3058.0,3006.0,3040.0,3058.0,3058.0,3058.0,3046.0,3058.0,3058.0,3058.0,3043.0,3116.0,3058.0,3045.0,3058.0,3058.0,3058.0,3058.0,3058.0,3058.0,3058.0,3058.0,3058.0,3116.0,3058.0,3058.0,3058.0,3058.0,3058.0,3058.0,3058.0,3116.0,3058.0,2969.0,3058.0,3058.0,3058.0,3058.0,3058.0,3058.0,3082.0,3058.0,3058.0,3058.0,3046.0,3058.0,3058.0,3058.0,3058.0,3058.0,3058.0,3058.0,3058.0,3058.0,3058.0,3058.0,3058.0,3058.0,3116.0,3058.0,3058.0,3058.0,3058.0,3058.0,3058.0,3058.0,3116.0,3085.0,3058.0,3116.0,3058.0,3058.0,3058.0,3058.0,3058.0,3058.0,3058.0,3058.0,3058.0,3121.0,3058.0,3058.0,3121.0,3046.0,3130.0,3058.0,3046.0,3058.0,3040.0,3058.0,3116.0,3058.0,3058.0,3058.0,3096.0,3058.0,3058.0,3058.0,3022.0,3058.0,3180.0,3058.0,3058.0,3058.0,3121.0,3046.0,3058.0,3058.0,3090.0,3058.0,3116.0,3058.0,3058.0,3046.0,3050.0,3058.0,3058.0,3058.0,3058.0,3058.0,3058.0,3058.0,3058.0,3058.0,2994.0,3058.0,3058.0,3044.0,3058.0,3116.0,3058.0,3058.0,3058.0,3058.0,3058.0,3058.0,3058.0,3058.0,3040.0,3058.0,3116.0,3058.0,3116.0,3058.0,3058.0,3085.0,3058.0,3058.0,3046.0,3058.0,3058.0,3058.0,3058.0,3116.0,3058.0,3058.0,3058.0,3058.0,3046.0,3116.0,3058.0,3116.0,3058.0,3058.0,3116.0,3058.0,3058.0,3058.0,3044.0,3058.0,3058.0,3058.0,3058.0,3058.0,3058.0,3090.0,3046.0,3058.0,3058.0,2994.0,2994.0,2994.0,3116.0,3078.0,3058.0,3058.0,3058.0,3139.0,3058.0,3058.0,2994.0,3090.0,3058.0,3068.0,3058.0,2994.0,3116.0,3046.0,3058.0,3058.0,3058.0,2994.0,3058.0,3058.0,3058.0,3046.0,3088.0,2994.0,3058.0,3058.0,2994.0,2994.0,2994.0,3058.0,3090.0,3058.0,3058.0,3058.0,2994.0,3058.0,2994.0,3058.0,3058.0,3058.0,2994.0,3058.0,3116.0,3058.0,3046.0,3058.0,2994.0,3058.0,2994.0,3058.0,3131.0,2994.0,3116.0,3058.0,3058.0,3058.0,3058.0,3058.0,3116.0,3116.0,3058.0,3058.0,3058.0,3058.0,3058.0,2994.0,3052.0,2994.0,3058.0,3058.0,3058.0,2994.0,2994.0,3058.0,3058.0,3058.0,3096.0,3116.0,3058.0,3058.0,3058.0,3090.0,3058.0,3058.0,3058.0,3058.0,3058.0,3058.0,3058.0,3058.0,3058.0,3058.0,3058.0,3058.0,3090.0,3090.0,3058.0,3058.0,3080.0,3058.0,3058.0,3058.0,3058.0,3058.0,3058.0,3058.0,3058.0,3058.0,3058.0,3058.0,3139.0,3058.0,3058.0,3067.0,2959.0,3058.0,3058.0,3058.0,3058.0,3058.0,3058.0,3079.0,3058.0,3058.0,3058.0,3058.0,3096.0,3058.0,3058.0,3087.0,3058.0,3058.0,3058.0,3058.0,3058.0,3058.0,2994.0,3117.0,3058.0,3058.0,3046.0,3058.0,3058.0,3139.0,3139.0,3058.0,3116.0,2994.0,2994.0,2994.0,3058.0,3058.0,3135.0,3018.0,2429.0,2502.0,2502.0,2534.0,2470.0,2449.0,2497.0,2420.0,2502.0,2502.0,2502.0,2502.0,2502.0,2548.0,2502.0,2502.0,2502.0,2548.0,2473.0,2502.0,2502.0,2502.0,2473.0,2502.0,2473.0,2540.0,2502.0,2531.0,2502.0,2473.0,2473.0,2502.0,2502.0,2502.0,2502.0,2502.0,2502.0,2502.0,2502.0,2502.0,2473.0,2473.0,2502.0,2502.0,2502.0,2502.0,2473.0,2502.0,2502.0,2502.0,2502.0,2473.0,2502.0,2502.0,2502.0,2502.0,2502.0,2502.0,2502.0,2473.0,2502.0,2502.0,2513.0,2502.0,2502.0,2502.0,2444.0,2473.0,2502.0,2502.0,2473.0,2502.0,2502.0,2502.0,2502.0,2502.0,2502.0,2473.0,2473.0,2502.0,2566.0,2502.0,2502.0,2473.0,2502.0,2502.0,2502.0,2502.0,2502.0,2502.0,2502.0,2473.0,2502.0,2502.0,2473.0,2502.0,2502.0,2502.0,2502.0,2502.0,2473.0,2473.0,2502.0,2502.0,2502.0,2502.0,2502.0,2502.0,2473.0,2502.0,2502.0,2502.0,2502.0,2502.0,2502.0,2502.0,2502.0,2473.0,2502.0,2502.0,2502.0,2502.0,2502.0,2502.0,2502.0,2502.0,2502.0,2596.0,2502.0,2473.0,2502.0,2502.0,2502.0,2502.0,2502.0,2502.0,2502.0,2502.0,2502.0,2502.0,2502.0,2502.0,2502.0,2502.0,2502.0,2502.0,2502.0,2502.0,2502.0,2502.0,2502.0,2502.0,2502.0,2502.0,2504.0,2502.0,2502.0,2502.0,2502.0,2502.0,2502.0,2502.0,2502.0,2502.0,2502.0,2502.0,2502.0,2502.0,2502.0,2502.0,2502.0,2502.0,2502.0,2502.0,2502.0,2502.0,2502.0,2502.0,2502.0,2502.0,2502.0,2502.0,2502.0,2502.0,2502.0,2502.0,2502.0,2502.0,2502.0,2502.0,2502.0,2502.0,2502.0,2502.0,2502.0,2502.0,2502.0,2502.0,2502.0,2502.0,2502.0,2502.0,2502.0,2502.0,2548.0,2502.0,2502.0,2502.0,2502.0,2502.0,2502.0,2502.0,2502.0,2502.0,2502.0,2502.0,2502.0,2502.0,2502.0,2502.0,2502.0,2502.0,2502.0,2502.0,2502.0,2502.0,2502.0,2502.0,2502.0,2502.0,2502.0,2502.0,2502.0,2502.0,2502.0,2502.0,2502.0,2502.0,2502.0,2502.0,2502.0,2502.0,2502.0,2502.0,2502.0,2502.0,2548.0,2502.0,2502.0,2502.0,2502.0,2502.0,2502.0,2502.0,2502.0,2502.0,2502.0,2502.0,2502.0,2502.0,2502.0,2502.0,2502.0,2502.0,2502.0,2502.0,2502.0,2502.0,2502.0,2502.0,2502.0,2502.0,2571.0,2502.0,2502.0,2502.0,2502.0,2502.0,2502.0,2502.0,2502.0,2502.0,2502.0,2502.0,2547.0,2502.0,2502.0,2476.0,2502.0,2502.0,2502.0,2502.0,2502.0,2502.0,2502.0,2502.0,2522.0,2502.0,2555.0,2502.0,2502.0,2502.0,2502.0,2502.0,2502.0,2502.0,2502.0,2502.0,2502.0,2502.0,2502.0,2548.0,2502.0,2502.0,2502.0,2548.0,2502.0,2502.0,2502.0,2502.0,2502.0,2548.0,2502.0,2502.0,2502.0,2502.0,2502.0,2502.0,2502.0,2502.0,2502.0,2502.0,2502.0,2502.0,2502.0,2502.0,2502.0,2502.0,2502.0,2502.0,2502.0,2502.0,2502.0,2502.0,2502.0,2502.0,2502.0,2502.0,2531.0,2502.0,2502.0,2502.0,2502.0,2502.0,2540.0,2502.0,2502.0,2502.0,2540.0,2502.0,2502.0,2502.0,2502.0,2502.0,2502.0,2531.0,2531.0,2502.0,2502.0,2502.0,2502.0,2502.0,2502.0,2531.0,2502.0,2404.0,2502.0,2502.0,2502.0,2502.0,2502.0,2502.0,2516.0,2502.0,2502.0,2502.0,2502.0,2502.0,2438.0,2502.0,2502.0,2502.0,2502.0,2502.0,2502.0,2502.0,2502.0,2502.0,2502.0,2502.0,2502.0,2502.0,2502.0,2502.0,2502.0,2502.0,2502.0,2502.0,2476.0,2502.0,2502.0,2502.0,2502.0,2531.0,2502.0,2502.0,2502.0,2502.0,2502.0,2502.0,2502.0,2502.0,2502.0,2502.0,2502.0,2502.0,2502.0,2502.0,2502.0,2502.0,2502.0,2502.0,2502.0,2502.0,2502.0,2502.0,2531.0,2502.0,2502.0,2502.0,2502.0,2502.0,2502.0,2502.0,8245.0,8251.0,8245.0,8234.0,8245.0,8245.0,8219.0,8263.0,8245.0,8245.0,8306.0,8286.0,8245.0,8328.0,8480.0,8264.0,8245.0,8245.0,8245.0,8245.0,8245.0,8245.0,8245.0,8245.0,8245.0,8245.0,8245.0,8245.0,8245.0,8245.0,8245.0,8245.0,8245.0,8245.0,8245.0,8245.0,8240.0,8245.0,8245.0,8245.0,8245.0,8245.0,8245.0,8245.0,8245.0,8245.0,8245.0,8245.0,8245.0,8245.0,8245.0,8245.0,8245.0,8245.0,8286.0,8245.0,8245.0,8245.0,8245.0,8245.0,8245.0,8245.0,8245.0,8245.0,8245.0,8245.0,8245.0,8245.0,8286.0,8245.0,8245.0,8245.0,8245.0,8245.0,8245.0,8245.0,8245.0,8245.0,8245.0,8245.0,8245.0,8245.0,8245.0,8245.0,8245.0,8245.0,8245.0,8245.0,8245.0,8245.0,8245.0,8245.0,8274.0,8242.0,8245.0,8334.0,8245.0,8245.0,8245.0,8245.0,8245.0,8245.0,8245.0,8334.0,8245.0,8245.0,8245.0,8245.0,8245.0,8263.0,8263.0,8334.0,8245.0,8245.0,8245.0,8226.0,8245.0,8265.0,8245.0,8245.0,8245.0,8245.0,8245.0,8245.0,8251.0,8245.0,8245.0,8245.0,8245.0,8245.0,8156.0,8245.0,8245.0,8245.0,8245.0,8245.0,8245.0,8245.0,8245.0,8245.0,8245.0,8245.0,8245.0,8245.0,8245.0,8245.0,8245.0,8245.0,8245.0,8245.0,8245.0,8334.0,8257.0,8245.0,8245.0,8245.0,8245.0,8245.0,8245.0,8245.0,8245.0,8245.0,8245.0,8274.0,8263.0,8263.0,8245.0,8251.0,8245.0,8251.0,8245.0,8245.0,8245.0,8394.0,8334.0,8245.0,8245.0,8245.0,8244.0,8245.0,8245.0,8245.0,8334.0,8245.0,8245.0,8245.0,8245.0,8245.0,8245.0,8245.0,8245.0,8245.0,8245.0,8245.0,8245.0,8245.0,8245.0,8245.0,8245.0,8200.0,8245.0,8245.0,8245.0,8245.0,8200.0,8245.0,8245.0,8245.0,8245.0,8158.0,8245.0,8245.0,8245.0,8245.0,8245.0,8245.0,8156.0,8245.0,8245.0,8263.0,8263.0,8334.0,8245.0,8245.0,8473.0,8245.0,8263.0,8245.0,8334.0,8245.0,8245.0,8245.0,8245.0,8263.0,8245.0,8245.0,8245.0,8245.0,8245.0,8245.0,8245.0,8245.0,8245.0,8245.0,8245.0,8245.0,8245.0,8245.0,8245.0,8334.0,8245.0,8264.0,8245.0,8263.0,8245.0,8245.0,8245.0,8263.0,8334.0,8245.0,8245.0,8334.0,8245.0,8245.0,8245.0,8245.0,8245.0,8245.0,8245.0,8245.0,8245.0,8245.0,8245.0,8245.0,8245.0,8245.0,8245.0,8245.0,8245.0,8245.0,8245.0,8245.0,8245.0,8334.0,8245.0,8245.0,8263.0,8245.0,8245.0,8245.0,8334.0,8245.0,8334.0,8245.0,8334.0,8263.0,8245.0,8245.0,8245.0,8245.0,8245.0,8245.0,8263.0,8245.0,8263.0,8245.0,8245.0,8245.0,8334.0,8245.0,8245.0,8245.0,8245.0,8245.0,8245.0,8245.0,8245.0,8245.0,8245.0,8245.0,8245.0,8245.0,8245.0,8245.0,8245.0,8245.0,8245.0,8245.0,8334.0,8245.0,8334.0,8334.0,8245.0,8245.0,8245.0,8245.0,8245.0,8245.0,8264.0,8245.0,8245.0,8245.0,8245.0,8245.0,8245.0,8245.0,8245.0,8245.0,8245.0,8245.0,8245.0,8245.0,8245.0,8245.0,8334.0,8245.0,8274.0,8245.0,8245.0,8245.0,8334.0,8245.0,8245.0,8334.0,8245.0,8245.0,8245.0,8245.0,8245.0,8245.0,8245.0,8245.0,8334.0,8245.0,8245.0,8245.0,8334.0,8245.0,8245.0,8245.0,8245.0,8245.0,8245.0,8245.0,8245.0,8245.0,8245.0,8245.0,8334.0,8245.0,8334.0,8216.0,8245.0,8245.0,8245.0,8264.0,8245.0,8245.0,8334.0,8245.0,8334.0,8245.0,8245.0,8334.0,8334.0,8334.0,8245.0,8245.0,8264.0,8305.0,8245.0,8245.0,8334.0,8334.0,8264.0,8264.0,8334.0,8245.0,8334.0,8334.0,8334.0,8334.0,8346.0,8245.0,8334.0,8334.0,8264.0,8334.0,8334.0,8245.0,8334.0,8245.0,8334.0,8334.0,8334.0,8264.0,8334.0,8264.0,8334.0,8334.0,8264.0,8264.0,8264.0,8264.0,8264.0,8334.0,8334.0,8221.0,8264.0,8270.0,8264.0,8264.0,8264.0,8264.0,8245.0,8264.0,8264.0,8264.0,8264.0,8264.0,8264.0,8193.0,8264.0,8348.0,8264.0,8348.0,8264.0,8264.0,8346.0,8264.0,8245.0,8245.0,128.0,173.0,489.0,250.0,99.0,231.0,231.0,231.0,231.0,231.0,231.0,231.0,231.0,231.0,231.0,231.0,231.0,231.0,231.0,231.0,231.0,231.0,231.0,231.0,231.0,231.0,231.0,231.0,231.0,231.0,231.0,231.0,231.0,231.0,231.0,231.0,231.0,231.0,231.0,231.0,231.0,260.0,231.0,231.0,231.0,320.0,231.0,231.0,320.0,231.0,231.0,260.0,231.0,231.0,260.0,287.0,257.0,303.0,257.0,250.0,257.0,257.0,250.0,231.0,277.0,250.0,250.0,231.0,231.0,250.0,231.0,231.0,231.0,231.0,231.0,231.0,231.0,231.0,231.0,231.0,231.0,257.0,250.0,231.0,231.0,231.0,231.0,231.0,231.0,231.0,231.0,231.0,231.0,231.0,231.0,277.0,231.0,231.0,231.0,231.0,231.0,231.0,231.0,231.0,231.0,231.0,231.0,231.0,231.0,231.0,231.0,231.0,231.0,231.0,231.0,231.0,231.0,231.0,231.0,231.0,231.0,231.0,231.0,231.0,231.0,231.0,231.0,231.0,231.0,231.0,231.0,231.0,231.0,231.0,231.0,231.0,208.0,231.0,231.0,231.0,231.0,250.0,231.0,231.0,231.0,231.0,231.0,231.0,252.0,231.0,250.0,231.0,231.0,231.0,231.0,231.0,231.0,231.0,231.0,231.0,231.0,231.0,250.0,231.0,231.0,231.0,231.0,231.0,250.0,231.0,231.0,250.0,250.0,231.0,231.0,231.0,250.0,231.0,231.0,231.0,231.0,231.0,231.0,231.0,231.0,231.0,231.0,231.0,231.0,231.0,231.0,277.0,231.0,231.0,231.0,231.0,231.0,231.0,231.0,231.0,277.0,231.0,231.0,321.0,231.0,231.0,231.0,231.0,287.0,231.0,231.0,231.0,231.0,231.0,231.0,231.0,231.0,231.0,231.0,173.0,231.0,231.0,231.0,231.0,250.0,231.0,231.0,279.0,231.0,231.0,231.0,231.0,231.0,231.0,231.0,231.0,231.0,231.0,231.0,231.0,231.0,231.0,231.0,231.0,231.0,254.0,231.0,231.0,231.0,287.0,231.0,231.0,231.0,231.0,231.0,231.0,231.0,231.0,231.0,231.0,231.0,250.0,231.0,231.0,231.0,231.0,231.0,231.0,231.0,231.0,231.0,241.0,231.0,231.0,231.0,287.0,231.0,231.0,231.0,231.0,231.0,231.0,231.0,231.0,231.0,231.0,231.0,295.0,231.0,231.0,231.0,287.0,231.0,231.0,231.0,209.0,231.0,287.0,231.0,231.0,231.0,231.0,231.0,231.0,231.0,231.0,231.0,231.0,231.0,231.0,231.0,231.0,260.0,231.0,231.0,231.0,287.0,231.0,231.0,231.0,231.0,231.0,231.0,231.0,231.0,231.0,231.0,277.0,231.0,287.0,231.0,231.0,231.0,231.0,231.0,231.0,287.0,231.0,231.0,231.0,231.0,287.0,231.0,257.0,295.0,250.0,231.0,250.0,250.0,250.0,250.0,250.0,250.0,250.0,250.0,250.0,250.0,250.0,250.0,250.0,231.0,250.0,296.0,221.0,250.0,231.0,250.0,250.0,250.0,250.0,250.0,250.0,250.0,250.0,250.0,250.0,250.0,250.0,314.0,250.0,250.0,250.0,250.0
hDenV4/Colombia/SAN-UIS-0000026/2001,3222.0,3200.0,3200.0,3200.0,3200.0,3200.0,3200.0,3221.0,3200.0,3269.0,3253.0,3335.0,3222.0,3186.0,3188.0,3188.0,3188.0,3226.0,3188.0,3226.0,3226.0,3192.0,3192.0,3192.0,3192.0,3212.0,3212.0,3226.0,3200.0,3226.0,3192.0,3200.0,3192.0,3226.0,3246.0,3212.0,3192.0,3197.0,3192.0,3192.0,3192.0,3192.0,3192.0,3226.0,3192.0,3192.0,3178.0,3226.0,3200.0,3200.0,3200.0,3200.0,3236.0,3236.0,3236.0,3284.0,3192.0,3200.0,3258.0,3192.0,3200.0,3192.0,3192.0,3192.0,3200.0,3200.0,3226.0,3192.0,3200.0,3226.0,3226.0,3192.0,3192.0,3226.0,3192.0,3192.0,3200.0,3200.0,3200.0,3200.0,3201.0,3200.0,3200.0,3200.0,3200.0,3201.0,3200.0,3178.0,3226.0,3200.0,3200.0,3200.0,3200.0,3200.0,3192.0,3200.0,3192.0,3192.0,3192.0,3200.0,3192.0,3200.0,3200.0,3192.0,3200.0,3200.0,3200.0,3192.0,3192.0,3200.0,3192.0,3186.0,3200.0,3200.0,3188.0,3200.0,3200.0,3200.0,3200.0,3200.0,3200.0,3192.0,3200.0,3226.0,3200.0,3200.0,3200.0,3200.0,3136.0,3200.0,3200.0,3200.0,3186.0,3200.0,3200.0,3200.0,3200.0,3258.0,3200.0,3200.0,3200.0,3200.0,3258.0,3186.0,3200.0,3192.0,3200.0,3186.0,3200.0,3200.0,3200.0,3200.0,3192.0,3200.0,3200.0,3200.0,3200.0,3192.0,3200.0,3200.0,3200.0,3200.0,3200.0,3200.0,3181.0,3200.0,3200.0,3200.0,3237.0,3200.0,3200.0,3200.0,3200.0,3200.0,3200.0,3200.0,3200.0,3200.0,3179.0,3200.0,3200.0,3200.0,3173.0,3200.0,3200.0,3307.0,3200.0,3200.0,3159.0,3200.0,3240.0,3200.0,3200.0,3200.0,3200.0,3200.0,3200.0,3181.0,3200.0,3200.0,3200.0,3200.0,3188.0,3258.0,3200.0,3200.0,3200.0,3200.0,3200.0,3200.0,3200.0,3200.0,3200.0,3200.0,3307.0,3200.0,3200.0,3200.0,3200.0,3200.0,3192.0,3200.0,3269.0,3200.0,3200.0,3200.0,3200.0,3200.0,3200.0,3200.0,3192.0,3200.0,3192.0,3192.0,3200.0,3192.0,3200.0,3200.0,3200.0,3200.0,3258.0,3200.0,3200.0,3192.0,3192.0,3192.0,3200.0,3200.0,3192.0,3200.0,3258.0,3200.0,3200.0,3192.0,3200.0,3200.0,3200.0,3200.0,3200.0,3200.0,3200.0,3200.0,3200.0,3200.0,3200.0,3264.0,3200.0,3200.0,3200.0,3200.0,3200.0,3200.0,3200.0,3200.0,3221.0,3200.0,3200.0,3200.0,3200.0,3200.0,3200.0,3200.0,3200.0,3186.0,3276.0,3192.0,3200.0,3200.0,3200.0,3200.0,3200.0,3200.0,3200.0,3210.0,3200.0,3200.0,3200.0,3200.0,3200.0,3186.0,3200.0,3200.0,3200.0,3200.0,3221.0,3200.0,3200.0,3200.0,3200.0,3186.0,3200.0,3200.0,3200.0,3186.0,3200.0,3200.0,3200.0,3200.0,3200.0,3200.0,3200.0,3200.0,3200.0,3200.0,3200.0,3200.0,3200.0,3200.0,3200.0,3200.0,3200.0,3200.0,3288.0,3200.0,3200.0,3200.0,3200.0,3200.0,3258.0,3200.0,3164.0,3200.0,3200.0,3221.0,3200.0,3200.0,3148.0,3182.0,3200.0,3200.0,3200.0,3188.0,3200.0,3200.0,3200.0,3185.0,3258.0,3200.0,3125.0,3200.0,3200.0,3200.0,3200.0,3200.0,3200.0,3200.0,3200.0,3200.0,3258.0,3200.0,3200.0,3200.0,3200.0,3200.0,3200.0,3200.0,3258.0,3200.0,3111.0,3200.0,3200.0,3200.0,3200.0,3200.0,3200.0,3224.0,3200.0,3200.0,3200.0,3188.0,3200.0,3200.0,3200.0,3200.0,3200.0,3200.0,3200.0,3200.0,3200.0,3200.0,3200.0,3200.0,3200.0,3258.0,3200.0,3200.0,3200.0,3200.0,3200.0,3200.0,3200.0,3258.0,3227.0,3200.0,3258.0,3200.0,3200.0,3200.0,3200.0,3200.0,3200.0,3200.0,3200.0,3200.0,3263.0,3200.0,3200.0,3263.0,3188.0,3272.0,3200.0,3188.0,3200.0,3182.0,3200.0,3258.0,3200.0,3200.0,3200.0,3238.0,3200.0,3200.0,3200.0,3164.0,3200.0,3322.0,3200.0,3200.0,3200.0,3263.0,3188.0,3200.0,3200.0,3232.0,3200.0,3258.0,3200.0,3200.0,3188.0,3192.0,3200.0,3200.0,3200.0,3200.0,3200.0,3200.0,3200.0,3200.0,3200.0,3136.0,3200.0,3200.0,3186.0,3200.0,3258.0,3200.0,3200.0,3200.0,3200.0,3200.0,3200.0,3200.0,3200.0,3182.0,3200.0,3258.0,3200.0,3258.0,3200.0,3200.0,3227.0,3200.0,3200.0,3188.0,3200.0,3200.0,3200.0,3200.0,3258.0,3200.0,3200.0,3200.0,3200.0,3188.0,3258.0,3200.0,3258.0,3200.0,3200.0,3258.0,3200.0,3200.0,3200.0,3186.0,3200.0,3200.0,3200.0,3200.0,3200.0,3200.0,3232.0,3188.0,3200.0,3200.0,3136.0,3136.0,3136.0,3258.0,3220.0,3200.0,3200.0,3200.0,3281.0,3200.0,3200.0,3136.0,3232.0,3200.0,3210.0,3200.0,3136.0,3258.0,3188.0,3200.0,3200.0,3200.0,3136.0,3200.0,3200.0,3200.0,3188.0,3230.0,3136.0,3200.0,3200.0,3136.0,3136.0,3136.0,3200.0,3232.0,3200.0,3200.0,3200.0,3136.0,3200.0,3136.0,3200.0,3200.0,3200.0,3136.0,3200.0,3258.0,3200.0,3188.0,3200.0,3136.0,3200.0,3136.0,3200.0,3273.0,3136.0,3258.0,3200.0,3200.0,3200.0,3200.0,3200.0,3258.0,3258.0,3200.0,3200.0,3200.0,3200.0,3200.0,3136.0,3194.0,3136.0,3200.0,3200.0,3200.0,3136.0,3136.0,3200.0,3200.0,3200.0,3238.0,3258.0,3200.0,3200.0,3200.0,3232.0,3200.0,3200.0,3200.0,3200.0,3200.0,3200.0,3200.0,3200.0,3200.0,3200.0,3200.0,3200.0,3232.0,3232.0,3200.0,3200.0,3222.0,3200.0,3200.0,3200.0,3200.0,3200.0,3200.0,3200.0,3200.0,3200.0,3200.0,3200.0,3281.0,3200.0,3200.0,3209.0,3101.0,3200.0,3200.0,3200.0,3200.0,3200.0,3200.0,3221.0,3200.0,3200.0,3200.0,3200.0,3238.0,3200.0,3200.0,3229.0,3200.0,3200.0,3200.0,3200.0,3200.0,3200.0,3136.0,3259.0,3200.0,3200.0,3188.0,3200.0,3200.0,3281.0,3281.0,3200.0,3258.0,3136.0,3136.0,3136.0,3200.0,3200.0,3277.0,3160.0,2532.0,2605.0,2605.0,2637.0,2573.0,2552.0,2600.0,2523.0,2605.0,2605.0,2605.0,2605.0,2605.0,2651.0,2605.0,2605.0,2605.0,2651.0,2576.0,2605.0,2605.0,2605.0,2576.0,2605.0,2576.0,2643.0,2605.0,2634.0,2605.0,2576.0,2576.0,2605.0,2605.0,2605.0,2605.0,2605.0,2605.0,2605.0,2605.0,2605.0,2576.0,2576.0,2605.0,2605.0,2605.0,2605.0,2576.0,2605.0,2605.0,2605.0,2605.0,2576.0,2605.0,2605.0,2605.0,2605.0,2605.0,2605.0,2605.0,2576.0,2605.0,2605.0,2616.0,2605.0,2605.0,2605.0,2547.0,2576.0,2605.0,2605.0,2576.0,2605.0,2605.0,2605.0,2605.0,2605.0,2605.0,2576.0,2576.0,2605.0,2669.0,2605.0,2605.0,2576.0,2605.0,2605.0,2605.0,2605.0,2605.0,2605.0,2605.0,2576.0,2605.0,2605.0,2576.0,2605.0,2605.0,2605.0,2605.0,2605.0,2576.0,2576.0,2605.0,2605.0,2605.0,2605.0,2605.0,2605.0,2576.0,2605.0,2605.0,2605.0,2605.0,2605.0,2605.0,2605.0,2605.0,2576.0,2605.0,2605.0,2605.0,2605.0,2605.0,2605.0,2605.0,2605.0,2605.0,2699.0,2605.0,2576.0,2605.0,2605.0,2605.0,2605.0,2605.0,2605.0,2605.0,2605.0,2605.0,2605.0,2605.0,2605.0,2605.0,2605.0,2605.0,2605.0,2605.0,2605.0,2605.0,2605.0,2605.0,2605.0,2605.0,2605.0,2607.0,2605.0,2605.0,2605.0,2605.0,2605.0,2605.0,2605.0,2605.0,2605.0,2605.0,2605.0,2605.0,2605.0,2605.0,2605.0,2605.0,2605.0,2605.0,2605.0,2605.0,2605.0,2605.0,2605.0,2605.0,2605.0,2605.0,2605.0,2605.0,2605.0,2605.0,2605.0,2605.0,2605.0,2605.0,2605.0,2605.0,2605.0,2605.0,2605.0,2605.0,2605.0,2605.0,2605.0,2605.0,2605.0,2605.0,2605.0,2605.0,2605.0,2651.0,2605.0,2605.0,2605.0,2605.0,2605.0,2605.0,2605.0,2605.0,2605.0,2605.0,2605.0,2605.0,2605.0,2605.0,2605.0,2605.0,2605.0,2605.0,2605.0,2605.0,2605.0,2605.0,2605.0,2605.0,2605.0,2605.0,2605.0,2605.0,2605.0,2605.0,2605.0,2605.0,2605.0,2605.0,2605.0,2605.0,2605.0,2605.0,2605.0,2605.0,2605.0,2651.0,2605.0,2605.0,2605.0,2605.0,2605.0,2605.0,2605.0,2605.0,2605.0,2605.0,2605.0,2605.0,2605.0,2605.0,2605.0,2605.0,2605.0,2605.0,2605.0,2605.0,2605.0,2605.0,2605.0,2605.0,2605.0,2674.0,2605.0,2605.0,2605.0,2605.0,2605.0,2605.0,2605.0,2605.0,2605.0,2605.0,2605.0,2650.0,2605.0,2605.0,2579.0,2605.0,2605.0,2605.0,2605.0,2605.0,2605.0,2605.0,2605.0,2625.0,2605.0,2658.0,2605.0,2605.0,2605.0,2605.0,2605.0,2605.0,2605.0,2605.0,2605.0,2605.0,2605.0,2605.0,2651.0,2605.0,2605.0,2605.0,2651.0,2605.0,2605.0,2605.0,2605.0,2605.0,2651.0,2605.0,2605.0,2605.0,2605.0,2605.0,2605.0,2605.0,2605.0,2605.0,2605.0,2605.0,2605.0,2605.0,2605.0,2605.0,2605.0,2605.0,2605.0,2605.0,2605.0,2605.0,2605.0,2605.0,2605.0,2605.0,2605.0,2634.0,2605.0,2605.0,2605.0,2605.0,2605.0,2643.0,2605.0,2605.0,2605.0,2643.0,2605.0,2605.0,2605.0,2605.0,2605.0,2605.0,2634.0,2634.0,2605.0,2605.0,2605.0,2605.0,2605.0,2605.0,2634.0,2605.0,2507.0,2605.0,2605.0,2605.0,2605.0,2605.0,2605.0,2619.0,2605.0,2605.0,2605.0,2605.0,2605.0,2541.0,2605.0,2605.0,2605.0,2605.0,2605.0,2605.0,2605.0,2605.0,2605.0,2605.0,2605.0,2605.0,2605.0,2605.0,2605.0,2605.0,2605.0,2605.0,2605.0,2579.0,2605.0,2605.0,2605.0,2605.0,2634.0,2605.0,2605.0,2605.0,2605.0,2605.0,2605.0,2605.0,2605.0,2605.0,2605.0,2605.0,2605.0,2605.0,2605.0,2605.0,2605.0,2605.0,2605.0,2605.0,2605.0,2605.0,2605.0,2634.0,2605.0,2605.0,2605.0,2605.0,2605.0,2605.0,2605.0,8307.0,8313.0,8307.0,8296.0,8307.0,8307.0,8281.0,8325.0,8307.0,8307.0,8368.0,8348.0,8307.0,8390.0,8542.0,8326.0,8307.0,8307.0,8307.0,8307.0,8307.0,8307.0,8307.0,8307.0,8307.0,8307.0,8307.0,8307.0,8307.0,8307.0,8307.0,8307.0,8307.0,8307.0,8307.0,8307.0,8302.0,8307.0,8307.0,8307.0,8307.0,8307.0,8307.0,8307.0,8307.0,8307.0,8307.0,8307.0,8307.0,8307.0,8307.0,8307.0,8307.0,8307.0,8348.0,8307.0,8307.0,8307.0,8307.0,8307.0,8307.0,8307.0,8307.0,8307.0,8307.0,8307.0,8307.0,8307.0,8348.0,8307.0,8307.0,8307.0,8307.0,8307.0,8307.0,8307.0,8307.0,8307.0,8307.0,8307.0,8307.0,8307.0,8307.0,8307.0,8307.0,8307.0,8307.0,8307.0,8307.0,8307.0,8307.0,8307.0,8336.0,8304.0,8307.0,8396.0,8307.0,8307.0,8307.0,8307.0,8307.0,8307.0,8307.0,8396.0,8307.0,8307.0,8307.0,8307.0,8307.0,8325.0,8325.0,8396.0,8307.0,8307.0,8307.0,8288.0,8307.0,8292.0,8307.0,8307.0,8307.0,8307.0,8307.0,8307.0,8313.0,8307.0,8307.0,8307.0,8307.0,8307.0,8218.0,8307.0,8307.0,8307.0,8307.0,8307.0,8307.0,8307.0,8307.0,8307.0,8307.0,8307.0,8307.0,8307.0,8307.0,8307.0,8307.0,8307.0,8307.0,8307.0,8307.0,8396.0,8319.0,8307.0,8307.0,8307.0,8307.0,8307.0,8307.0,8307.0,8307.0,8307.0,8307.0,8336.0,8325.0,8325.0,8307.0,8313.0,8307.0,8313.0,8307.0,8307.0,8307.0,8456.0,8396.0,8307.0,8307.0,8307.0,8306.0,8307.0,8307.0,8307.0,8396.0,8307.0,8307.0,8307.0,8307.0,8307.0,8307.0,8307.0,8307.0,8307.0,8307.0,8307.0,8307.0,8307.0,8307.0,8307.0,8307.0,8262.0,8307.0,8307.0,8307.0,8307.0,8262.0,8307.0,8307.0,8307.0,8307.0,8220.0,8307.0,8307.0,8307.0,8307.0,8307.0,8307.0,8218.0,8307.0,8307.0,8325.0,8325.0,8396.0,8307.0,8307.0,8535.0,8307.0,8325.0,8307.0,8396.0,8307.0,8307.0,8307.0,8307.0,8325.0,8307.0,8307.0,8307.0,8307.0,8307.0,8307.0,8307.0,8307.0,8307.0,8307.0,8307.0,8307.0,8307.0,8307.0,8307.0,8396.0,8307.0,8326.0,8307.0,8325.0,8307.0,8307.0,8307.0,8325.0,8396.0,8307.0,8307.0,8396.0,8307.0,8307.0,8307.0,8307.0,8307.0,8307.0,8307.0,8307.0,8307.0,8307.0,8307.0,8307.0,8307.0,8307.0,8307.0,8307.0,8307.0,8307.0,8307.0,8307.0,8307.0,8396.0,8307.0,8307.0,8325.0,8307.0,8307.0,8307.0,8396.0,8307.0,8396.0,8307.0,8396.0,8325.0,8307.0,8307.0,8307.0,8307.0,8307.0,8307.0,8325.0,8307.0,8325.0,8307.0,8307.0,8307.0,8396.0,8307.0,8307.0,8307.0,8307.0,8307.0,8307.0,8307.0,8307.0,8307.0,8307.0,8307.0,8307.0,8307.0,8307.0,8307.0,8307.0,8307.0,8307.0,8307.0,8396.0,8307.0,8396.0,8396.0,8307.0,8307.0,8307.0,8307.0,8307.0,8307.0,8326.0,8307.0,8307.0,8307.0,8307.0,8307.0,8307.0,8307.0,8307.0,8307.0,8307.0,8307.0,8307.0,8307.0,8307.0,8307.0,8396.0,8307.0,8336.0,8307.0,8307.0,8307.0,8396.0,8307.0,8307.0,8396.0,8307.0,8307.0,8307.0,8307.0,8307.0,8307.0,8307.0,8307.0,8396.0,8307.0,8307.0,8307.0,8396.0,8307.0,8307.0,8307.0,8307.0,8307.0,8307.0,8307.0,8307.0,8307.0,8307.0,8307.0,8396.0,8307.0,8396.0,8278.0,8307.0,8307.0,8307.0,8326.0,8307.0,8307.0,8396.0,8307.0,8396.0,8307.0,8307.0,8396.0,8396.0,8396.0,8307.0,8307.0,8326.0,8367.0,8307.0,8307.0,8396.0,8396.0,8326.0,8326.0,8396.0,8307.0,8396.0,8396.0,8396.0,8396.0,8408.0,8307.0,8396.0,8396.0,8326.0,8396.0,8396.0,8307.0,8396.0,8307.0,8396.0,8396.0,8396.0,8326.0,8396.0,8326.0,8396.0,8396.0,8326.0,8326.0,8326.0,8326.0,8326.0,8396.0,8396.0,8283.0,8326.0,8332.0,8326.0,8326.0,8326.0,8326.0,8307.0,8326.0,8326.0,8326.0,8326.0,8326.0,8326.0,8255.0,8326.0,8410.0,8326.0,8410.0,8326.0,8326.0,8408.0,8326.0,8307.0,8307.0,87.0,132.0,448.0,209.0,58.0,190.0,190.0,190.0,190.0,190.0,190.0,190.0,190.0,190.0,190.0,190.0,190.0,190.0,190.0,190.0,190.0,190.0,190.0,190.0,190.0,190.0,190.0,190.0,190.0,190.0,190.0,190.0,190.0,190.0,190.0,190.0,190.0,190.0,190.0,190.0,190.0,219.0,190.0,190.0,190.0,279.0,190.0,190.0,279.0,190.0,190.0,219.0,190.0,190.0,219.0,246.0,216.0,262.0,216.0,209.0,216.0,216.0,209.0,190.0,236.0,209.0,209.0,190.0,190.0,209.0,190.0,190.0,190.0,190.0,190.0,190.0,190.0,190.0,190.0,190.0,190.0,216.0,209.0,190.0,190.0,190.0,190.0,190.0,190.0,190.0,190.0,190.0,190.0,190.0,190.0,236.0,190.0,190.0,190.0,190.0,190.0,190.0,190.0,190.0,190.0,190.0,190.0,190.0,190.0,190.0,190.0,190.0,190.0,190.0,190.0,190.0,190.0,190.0,190.0,190.0,190.0,190.0,190.0,190.0,190.0,190.0,190.0,190.0,190.0,190.0,190.0,190.0,190.0,190.0,190.0,190.0,167.0,190.0,190.0,190.0,190.0,209.0,190.0,190.0,190.0,190.0,190.0,190.0,211.0,190.0,209.0,190.0,190.0,190.0,190.0,190.0,190.0,190.0,190.0,190.0,190.0,190.0,209.0,190.0,190.0,190.0,190.0,190.0,209.0,190.0,190.0,209.0,209.0,190.0,190.0,190.0,209.0,190.0,190.0,190.0,190.0,190.0,190.0,190.0,190.0,190.0,190.0,190.0,190.0,190.0,190.0,236.0,190.0,190.0,190.0,190.0,190.0,190.0,190.0,190.0,236.0,190.0,190.0,280.0,190.0,190.0,190.0,190.0,246.0,190.0,190.0,190.0,190.0,190.0,190.0,190.0,190.0,190.0,190.0,132.0,190.0,190.0,190.0,190.0,209.0,190.0,190.0,238.0,190.0,190.0,190.0,190.0,190.0,190.0,190.0,190.0,190.0,190.0,190.0,190.0,190.0,190.0,190.0,190.0,190.0,213.0,190.0,190.0,190.0,246.0,190.0,190.0,190.0,190.0,190.0,190.0,190.0,190.0,190.0,190.0,190.0,209.0,190.0,190.0,190.0,190.0,190.0,190.0,190.0,190.0,190.0,200.0,190.0,190.0,190.0,246.0,190.0,190.0,190.0,190.0,190.0,190.0,190.0,190.0,190.0,190.0,190.0,254.0,190.0,190.0,190.0,246.0,190.0,190.0,190.0,168.0,190.0,246.0,190.0,190.0,190.0,190.0,190.0,190.0,190.0,190.0,190.0,190.0,190.0,190.0,190.0,190.0,219.0,190.0,190.0,190.0,246.0,190.0,190.0,190.0,190.0,190.0,190.0,190.0,190.0,190.0,190.0,236.0,190.0,246.0,190.0,190.0,190.0,190.0,190.0,190.0,246.0,190.0,190.0,190.0,190.0,246.0,190.0,216.0,254.0,209.0,190.0,209.0,209.0,209.0,209.0,209.0,209.0,209.0,209.0,209.0,209.0,209.0,209.0,209.0,190.0,209.0,255.0,180.0,209.0,190.0,209.0,209.0,209.0,209.0,209.0,209.0,209.0,209.0,209.0,209.0,209.0,209.0,273.0,209.0,209.0,209.0,209.0
hDenV4/Colombia/SAN-UIS-0000027/2001,3179.0,3157.0,3157.0,3157.0,3157.0,3157.0,3157.0,3178.0,3157.0,3226.0,3210.0,3292.0,3179.0,3143.0,3145.0,3145.0,3145.0,3183.0,3145.0,3183.0,3183.0,3149.0,3149.0,3149.0,3149.0,3169.0,3169.0,3183.0,3157.0,3183.0,3149.0,3157.0,3149.0,3183.0,3203.0,3169.0,3149.0,3154.0,3149.0,3149.0,3149.0,3149.0,3149.0,3183.0,3149.0,3149.0,3135.0,3183.0,3157.0,3157.0,3157.0,3157.0,3193.0,3193.0,3193.0,3241.0,3149.0,3157.0,3215.0,3149.0,3157.0,3149.0,3149.0,3149.0,3157.0,3157.0,3183.0,3149.0,3157.0,3183.0,3183.0,3149.0,3149.0,3183.0,3149.0,3149.0,3157.0,3157.0,3157.0,3157.0,3162.0,3157.0,3157.0,3157.0,3157.0,3162.0,3157.0,3135.0,3183.0,3157.0,3157.0,3157.0,3157.0,3157.0,3149.0,3157.0,3149.0,3149.0,3149.0,3157.0,3149.0,3157.0,3157.0,3149.0,3157.0,3157.0,3157.0,3149.0,3149.0,3157.0,3149.0,3143.0,3157.0,3157.0,3145.0,3157.0,3157.0,3157.0,3157.0,3157.0,3157.0,3149.0,3157.0,3183.0,3157.0,3157.0,3157.0,3157.0,3093.0,3157.0,3157.0,3157.0,3143.0,3157.0,3157.0,3157.0,3157.0,3215.0,3157.0,3157.0,3157.0,3157.0,3215.0,3143.0,3157.0,3149.0,3157.0,3143.0,3157.0,3157.0,3157.0,3157.0,3149.0,3157.0,3157.0,3157.0,3157.0,3149.0,3157.0,3157.0,3157.0,3157.0,3157.0,3157.0,3142.0,3157.0,3157.0,3157.0,3194.0,3157.0,3157.0,3157.0,3157.0,3157.0,3157.0,3157.0,3157.0,3157.0,3136.0,3157.0,3157.0,3157.0,3130.0,3157.0,3157.0,3264.0,3157.0,3157.0,3144.0,3157.0,3197.0,3157.0,3157.0,3157.0,3157.0,3157.0,3157.0,3138.0,3157.0,3157.0,3157.0,3157.0,3145.0,3215.0,3157.0,3157.0,3157.0,3157.0,3157.0,3157.0,3157.0,3157.0,3157.0,3157.0,3264.0,3157.0,3157.0,3157.0,3157.0,3157.0,3149.0,3157.0,3226.0,3157.0,3157.0,3157.0,3157.0,3157.0,3157.0,3157.0,3149.0,3157.0,3149.0,3149.0,3157.0,3149.0,3157.0,3157.0,3157.0,3157.0,3215.0,3157.0,3157.0,3149.0,3149.0,3149.0,3157.0,3157.0,3149.0,3157.0,3215.0,3157.0,3157.0,3149.0,3157.0,3157.0,3157.0,3157.0,3157.0,3157.0,3157.0,3157.0,3157.0,3157.0,3157.0,3221.0,3157.0,3157.0,3157.0,3157.0,3157.0,3157.0,3157.0,3157.0,3178.0,3157.0,3157.0,3157.0,3157.0,3157.0,3157.0,3157.0,3157.0,3143.0,3233.0,3149.0,3157.0,3157.0,3157.0,3157.0,3157.0,3157.0,3157.0,3167.0,3157.0,3157.0,3157.0,3157.0,3157.0,3143.0,3157.0,3157.0,3157.0,3157.0,3178.0,3157.0,3157.0,3157.0,3157.0,3143.0,3157.0,3157.0,3157.0,3143.0,3157.0,3157.0,3157.0,3157.0,3157.0,3157.0,3157.0,3157.0,3157.0,3157.0,3157.0,3157.0,3157.0,3157.0,3157.0,3157.0,3157.0,3157.0,3245.0,3157.0,3157.0,3157.0,3157.0,3157.0,3215.0,3157.0,3121.0,3157.0,3157.0,3178.0,3157.0,3157.0,3105.0,3139.0,3157.0,3157.0,3157.0,3145.0,3157.0,3157.0,3157.0,3142.0,3215.0,3157.0,3144.0,3157.0,3157.0,3157.0,3157.0,3157.0,3157.0,3157.0,3157.0,3157.0,3215.0,3157.0,3157.0,3157.0,3157.0,3157.0,3157.0,3157.0,3215.0,3157.0,3068.0,3157.0,3157.0,3157.0,3157.0,3157.0,3157.0,3181.0,3157.0,3157.0,3157.0,3145.0,3157.0,3157.0,3157.0,3157.0,3157.0,3157.0,3157.0,3157.0,3157.0,3157.0,3157.0,3157.0,3157.0,3215.0,3157.0,3157.0,3157.0,3157.0,3157.0,3157.0,3157.0,3215.0,3184.0,3157.0,3215.0,3157.0,3157.0,3157.0,3157.0,3157.0,3157.0,3157.0,3157.0,3157.0,3220.0,3157.0,3157.0,3220.0,3145.0,3229.0,3157.0,3145.0,3157.0,3139.0,3157.0,3215.0,3157.0,3157.0,3157.0,3195.0,3157.0,3157.0,3157.0,3121.0,3157.0,3279.0,3157.0,3157.0,3157.0,3220.0,3145.0,3157.0,3157.0,3189.0,3157.0,3215.0,3157.0,3157.0,3145.0,3149.0,3157.0,3157.0,3157.0,3157.0,3157.0,3157.0,3157.0,3157.0,3157.0,3093.0,3157.0,3157.0,3143.0,3157.0,3215.0,3157.0,3157.0,3157.0,3157.0,3157.0,3157.0,3157.0,3157.0,3139.0,3157.0,3215.0,3157.0,3215.0,3157.0,3157.0,3184.0,3157.0,3157.0,3145.0,3157.0,3157.0,3157.0,3157.0,3215.0,3157.0,3157.0,3157.0,3157.0,3145.0,3215.0,3157.0,3215.0,3157.0,3157.0,3215.0,3157.0,3157.0,3157.0,3143.0,3157.0,3157.0,3157.0,3157.0,3157.0,3157.0,3189.0,3145.0,3157.0,3157.0,3093.0,3093.0,3093.0,3215.0,3177.0,3157.0,3157.0,3157.0,3238.0,3157.0,3157.0,3093.0,3189.0,3157.0,3167.0,3157.0,3093.0,3215.0,3145.0,3157.0,3157.0,3157.0,3093.0,3157.0,3157.0,3157.0,3145.0,3187.0,3093.0,3157.0,3157.0,3093.0,3093.0,3093.0,3157.0,3189.0,3157.0,3157.0,3157.0,3093.0,3157.0,3093.0,3157.0,3157.0,3157.0,3093.0,3157.0,3215.0,3157.0,3145.0,3157.0,3093.0,3157.0,3093.0,3157.0,3230.0,3093.0,3215.0,3157.0,3157.0,3157.0,3157.0,3157.0,3215.0,3215.0,3157.0,3157.0,3157.0,3157.0,3157.0,3093.0,3151.0,3093.0,3157.0,3157.0,3157.0,3093.0,3093.0,3157.0,3157.0,3157.0,3195.0,3215.0,3157.0,3157.0,3157.0,3189.0,3157.0,3157.0,3157.0,3157.0,3157.0,3157.0,3157.0,3157.0,3157.0,3157.0,3157.0,3157.0,3189.0,3189.0,3157.0,3157.0,3179.0,3157.0,3157.0,3157.0,3157.0,3157.0,3157.0,3157.0,3157.0,3157.0,3157.0,3157.0,3238.0,3157.0,3157.0,3166.0,3058.0,3157.0,3157.0,3157.0,3157.0,3157.0,3157.0,3178.0,3157.0,3157.0,3157.0,3157.0,3195.0,3157.0,3157.0,3186.0,3157.0,3157.0,3157.0,3157.0,3157.0,3157.0,3093.0,3216.0,3157.0,3157.0,3145.0,3157.0,3157.0,3238.0,3238.0,3157.0,3215.0,3093.0,3093.0,3093.0,3157.0,3157.0,3234.0,3117.0,2489.0,2562.0,2562.0,2594.0,2530.0,2509.0,2557.0,2480.0,2562.0,2562.0,2562.0,2562.0,2562.0,2608.0,2562.0,2562.0,2562.0,2608.0,2533.0,2562.0,2562.0,2562.0,2533.0,2562.0,2533.0,2600.0,2562.0,2591.0,2562.0,2533.0,2533.0,2562.0,2562.0,2562.0,2562.0,2562.0,2562.0,2562.0,2562.0,2562.0,2533.0,2533.0,2562.0,2562.0,2562.0,2562.0,2533.0,2562.0,2562.0,2562.0,2562.0,2533.0,2562.0,2562.0,2562.0,2562.0,2562.0,2562.0,2562.0,2533.0,2562.0,2562.0,2573.0,2562.0,2562.0,2562.0,2504.0,2533.0,2562.0,2562.0,2533.0,2562.0,2562.0,2562.0,2562.0,2562.0,2562.0,2533.0,2533.0,2562.0,2626.0,2562.0,2562.0,2533.0,2562.0,2562.0,2562.0,2562.0,2562.0,2562.0,2562.0,2533.0,2562.0,2562.0,2533.0,2562.0,2562.0,2562.0,2562.0,2562.0,2533.0,2533.0,2562.0,2562.0,2562.0,2562.0,2562.0,2562.0,2533.0,2562.0,2562.0,2562.0,2562.0,2562.0,2562.0,2562.0,2562.0,2533.0,2562.0,2562.0,2562.0,2562.0,2562.0,2562.0,2562.0,2562.0,2562.0,2656.0,2562.0,2533.0,2562.0,2562.0,2562.0,2562.0,2562.0,2562.0,2562.0,2562.0,2562.0,2562.0,2562.0,2562.0,2562.0,2562.0,2562.0,2562.0,2562.0,2562.0,2562.0,2562.0,2562.0,2562.0,2562.0,2562.0,2564.0,2562.0,2562.0,2562.0,2562.0,2562.0,2562.0,2562.0,2562.0,2562.0,2562.0,2562.0,2562.0,2562.0,2562.0,2562.0,2562.0,2562.0,2562.0,2562.0,2562.0,2562.0,2562.0,2562.0,2562.0,2562.0,2562.0,2562.0,2562.0,2562.0,2562.0,2562.0,2562.0,2562.0,2562.0,2562.0,2562.0,2562.0,2562.0,2562.0,2562.0,2562.0,2562.0,2562.0,2562.0,2562.0,2562.0,2562.0,2562.0,2562.0,2608.0,2562.0,2562.0,2562.0,2562.0,2562.0,2562.0,2562.0,2562.0,2562.0,2562.0,2562.0,2562.0,2562.0,2562.0,2562.0,2562.0,2562.0,2562.0,2562.0,2562.0,2562.0,2562.0,2562.0,2562.0,2562.0,2562.0,2562.0,2562.0,2562.0,2562.0,2562.0,2562.0,2562.0,2562.0,2562.0,2562.0,2562.0,2562.0,2562.0,2562.0,2562.0,2608.0,2562.0,2562.0,2562.0,2562.0,2562.0,2562.0,2562.0,2562.0,2562.0,2562.0,2562.0,2562.0,2562.0,2562.0,2562.0,2562.0,2562.0,2562.0,2562.0,2562.0,2562.0,2562.0,2562.0,2562.0,2562.0,2631.0,2562.0,2562.0,2562.0,2562.0,2562.0,2562.0,2562.0,2562.0,2562.0,2562.0,2562.0,2607.0,2562.0,2562.0,2536.0,2562.0,2562.0,2562.0,2562.0,2562.0,2562.0,2562.0,2562.0,2582.0,2562.0,2615.0,2562.0,2562.0,2562.0,2562.0,2562.0,2562.0,2562.0,2562.0,2562.0,2562.0,2562.0,2562.0,2608.0,2562.0,2562.0,2562.0,2608.0,2562.0,2562.0,2562.0,2562.0,2562.0,2608.0,2562.0,2562.0,2562.0,2562.0,2562.0,2562.0,2562.0,2562.0,2562.0,2562.0,2562.0,2562.0,2562.0,2562.0,2562.0,2562.0,2562.0,2562.0,2562.0,2562.0,2562.0,2562.0,2562.0,2562.0,2562.0,2562.0,2591.0,2562.0,2562.0,2562.0,2562.0,2562.0,2600.0,2562.0,2562.0,2562.0,2600.0,2562.0,2562.0,2562.0,2562.0,2562.0,2562.0,2591.0,2591.0,2562.0,2562.0,2562.0,2562.0,2562.0,2562.0,2591.0,2562.0,2464.0,2562.0,2562.0,2562.0,2562.0,2562.0,2562.0,2576.0,2562.0,2562.0,2562.0,2562.0,2562.0,2498.0,2562.0,2562.0,2562.0,2562.0,2562.0,2562.0,2562.0,2562.0,2562.0,2562.0,2562.0,2562.0,2562.0,2562.0,2562.0,2562.0,2562.0,2562.0,2562.0,2536.0,2562.0,2562.0,2562.0,2562.0,2591.0,2562.0,2562.0,2562.0,2562.0,2562.0,2562.0,2562.0,2562.0,2562.0,2562.0,2562.0,2562.0,2562.0,2562.0,2562.0,2562.0,2562.0,2562.0,2562.0,2562.0,2562.0,2562.0,2591.0,2562.0,2562.0,2562.0,2562.0,2562.0,2562.0,2562.0,8292.0,8298.0,8292.0,8281.0,8292.0,8292.0,8266.0,8310.0,8292.0,8292.0,8353.0,8333.0,8292.0,8375.0,8527.0,8311.0,8292.0,8292.0,8292.0,8292.0,8292.0,8292.0,8292.0,8292.0,8292.0,8292.0,8292.0,8292.0,8292.0,8292.0,8292.0,8292.0,8292.0,8292.0,8292.0,8292.0,8287.0,8292.0,8292.0,8292.0,8292.0,8292.0,8292.0,8292.0,8292.0,8292.0,8292.0,8292.0,8292.0,8292.0,8292.0,8292.0,8292.0,8292.0,8333.0,8292.0,8292.0,8292.0,8292.0,8292.0,8292.0,8292.0,8292.0,8292.0,8292.0,8292.0,8292.0,8292.0,8333.0,8292.0,8292.0,8292.0,8292.0,8292.0,8292.0,8292.0,8292.0,8292.0,8292.0,8292.0,8292.0,8292.0,8292.0,8292.0,8292.0,8292.0,8292.0,8292.0,8292.0,8292.0,8292.0,8292.0,8321.0,8289.0,8292.0,8381.0,8292.0,8292.0,8292.0,8292.0,8292.0,8292.0,8292.0,8381.0,8292.0,8292.0,8292.0,8292.0,8292.0,8310.0,8310.0,8381.0,8292.0,8292.0,8292.0,8273.0,8292.0,8312.0,8292.0,8292.0,8292.0,8292.0,8292.0,8292.0,8298.0,8292.0,8292.0,8292.0,8292.0,8292.0,8203.0,8292.0,8292.0,8292.0,8292.0,8292.0,8292.0,8292.0,8292.0,8292.0,8292.0,8292.0,8292.0,8292.0,8292.0,8292.0,8292.0,8292.0,8292.0,8292.0,8292.0,8381.0,8304.0,8292.0,8292.0,8292.0,8292.0,8292.0,8292.0,8292.0,8292.0,8292.0,8292.0,8321.0,8310.0,8310.0,8292.0,8298.0,8292.0,8298.0,8292.0,8292.0,8292.0,8441.0,8381.0,8292.0,8292.0,8292.0,8291.0,8292.0,8292.0,8292.0,8381.0,8292.0,8292.0,8292.0,8292.0,8292.0,8292.0,8292.0,8292.0,8292.0,8292.0,8292.0,8292.0,8292.0,8292.0,8292.0,8292.0,8247.0,8292.0,8292.0,8292.0,8292.0,8247.0,8292.0,8292.0,8292.0,8292.0,8205.0,8292.0,8292.0,8292.0,8292.0,8292.0,8292.0,8203.0,8292.0,8292.0,8310.0,8310.0,8381.0,8292.0,8292.0,8520.0,8292.0,8310.0,8292.0,8381.0,8292.0,8292.0,8292.0,8292.0,8310.0,8292.0,8292.0,8292.0,8292.0,8292.0,8292.0,8292.0,8292.0,8292.0,8292.0,8292.0,8292.0,8292.0,8292.0,8292.0,8381.0,8292.0,8311.0,8292.0,8310.0,8292.0,8292.0,8292.0,8310.0,8381.0,8292.0,8292.0,8381.0,8292.0,8292.0,8292.0,8292.0,8292.0,8292.0,8292.0,8292.0,8292.0,8292.0,8292.0,8292.0,8292.0,8292.0,8292.0,8292.0,8292.0,8292.0,8292.0,8292.0,8292.0,8381.0,8292.0,8292.0,8310.0,8292.0,8292.0,8292.0,8381.0,8292.0,8381.0,8292.0,8381.0,8310.0,8292.0,8292.0,8292.0,8292.0,8292.0,8292.0,8310.0,8292.0,8310.0,8292.0,8292.0,8292.0,8381.0,8292.0,8292.0,8292.0,8292.0,8292.0,8292.0,8292.0,8292.0,8292.0,8292.0,8292.0,8292.0,8292.0,8292.0,8292.0,8292.0,8292.0,8292.0,8292.0,8381.0,8292.0,8381.0,8381.0,8292.0,8292.0,8292.0,8292.0,8292.0,8292.0,8311.0,8292.0,8292.0,8292.0,8292.0,8292.0,8292.0,8292.0,8292.0,8292.0,8292.0,8292.0,8292.0,8292.0,8292.0,8292.0,8381.0,8292.0,8321.0,8292.0,8292.0,8292.0,8381.0,8292.0,8292.0,8381.0,8292.0,8292.0,8292.0,8292.0,8292.0,8292.0,8292.0,8292.0,8381.0,8292.0,8292.0,8292.0,8381.0,8292.0,8292.0,8292.0,8292.0,8292.0,8292.0,8292.0,8292.0,8292.0,8292.0,8292.0,8381.0,8292.0,8381.0,8263.0,8292.0,8292.0,8292.0,8311.0,8292.0,8292.0,8381.0,8292.0,8381.0,8292.0,8292.0,8381.0,8381.0,8381.0,8292.0,8292.0,8311.0,8352.0,8292.0,8292.0,8381.0,8381.0,8311.0,8311.0,8381.0,8292.0,8381.0,8381.0,8381.0,8381.0,8393.0,8292.0,8381.0,8381.0,8311.0,8381.0,8381.0,8292.0,8381.0,8292.0,8381.0,8381.0,8381.0,8311.0,8381.0,8311.0,8381.0,8381.0,8311.0,8311.0,8311.0,8311.0,8311.0,8381.0,8381.0,8268.0,8311.0,8317.0,8311.0,8311.0,8311.0,8311.0,8292.0,8311.0,8311.0,8311.0,8311.0,8311.0,8311.0,8240.0,8311.0,8395.0,8311.0,8395.0,8311.0,8311.0,8393.0,8311.0,8292.0,8292.0,29.0,74.0,390.0,151.0,0.0,132.0,132.0,132.0,132.0,132.0,132.0,132.0,132.0,132.0,132.0,132.0,132.0,132.0,132.0,132.0,132.0,132.0,132.0,132.0,132.0,132.0,132.0,132.0,132.0,132.0,132.0,132.0,132.0,132.0,132.0,132.0,132.0,132.0,132.0,132.0,132.0,161.0,132.0,132.0,132.0,221.0,132.0,132.0,221.0,132.0,132.0,161.0,132.0,132.0,161.0,188.0,158.0,204.0,158.0,151.0,158.0,158.0,151.0,132.0,178.0,151.0,151.0,132.0,132.0,151.0,132.0,132.0,132.0,132.0,132.0,132.0,132.0,132.0,132.0,132.0,132.0,158.0,151.0,132.0,132.0,132.0,132.0,132.0,132.0,132.0,132.0,132.0,132.0,132.0,132.0,178.0,132.0,132.0,132.0,132.0,132.0,132.0,132.0,132.0,132.0,132.0,132.0,132.0,132.0,132.0,132.0,132.0,132.0,132.0,132.0,132.0,132.0,132.0,132.0,132.0,132.0,132.0,132.0,132.0,132.0,132.0,132.0,132.0,132.0,132.0,132.0,132.0,132.0,132.0,132.0,132.0,109.0,132.0,132.0,132.0,132.0,151.0,132.0,132.0,132.0,132.0,132.0,132.0,153.0,132.0,151.0,132.0,132.0,132.0,132.0,132.0,132.0,132.0,132.0,132.0,132.0,132.0,151.0,132.0,132.0,132.0,132.0,132.0,151.0,132.0,132.0,151.0,151.0,132.0,132.0,132.0,151.0,132.0,132.0,132.0,132.0,132.0,132.0,132.0,132.0,132.0,132.0,132.0,132.0,132.0,132.0,178.0,132.0,132.0,132.0,132.0,132.0,132.0,132.0,132.0,178.0,132.0,132.0,222.0,132.0,132.0,132.0,132.0,188.0,132.0,132.0,132.0,132.0,132.0,132.0,132.0,132.0,132.0,132.0,74.0,132.0,132.0,132.0,132.0,151.0,132.0,132.0,180.0,132.0,132.0,132.0,132.0,132.0,132.0,132.0,132.0,132.0,132.0,132.0,132.0,132.0,132.0,132.0,132.0,132.0,155.0,132.0,132.0,132.0,188.0,132.0,132.0,132.0,132.0,132.0,132.0,132.0,132.0,132.0,132.0,132.0,151.0,132.0,132.0,132.0,132.0,132.0,132.0,132.0,132.0,132.0,142.0,132.0,132.0,132.0,188.0,132.0,132.0,132.0,132.0,132.0,132.0,132.0,132.0,132.0,132.0,132.0,196.0,132.0,132.0,132.0,188.0,132.0,132.0,132.0,110.0,132.0,188.0,132.0,132.0,132.0,132.0,132.0,132.0,132.0,132.0,132.0,132.0,132.0,132.0,132.0,132.0,161.0,132.0,132.0,132.0,188.0,132.0,132.0,132.0,132.0,132.0,132.0,132.0,132.0,132.0,132.0,178.0,132.0,188.0,132.0,132.0,132.0,132.0,132.0,132.0,188.0,132.0,132.0,132.0,132.0,188.0,132.0,158.0,196.0,151.0,132.0,151.0,151.0,151.0,151.0,151.0,151.0,151.0,151.0,151.0,151.0,151.0,151.0,151.0,132.0,151.0,197.0,122.0,151.0,132.0,151.0,151.0,151.0,151.0,151.0,151.0,151.0,151.0,151.0,151.0,151.0,151.0,215.0,151.0,151.0,151.0,151.0
hDenV4/Colombia/SAN-UIS-0000035/2015,3171.0,3149.0,3149.0,3149.0,3149.0,3149.0,3149.0,3170.0,3149.0,3218.0,3202.0,3284.0,3171.0,3135.0,3137.0,3137.0,3137.0,3231.0,3137.0,3231.0,3231.0,3141.0,3141.0,3141.0,3141.0,3161.0,3161.0,3231.0,3149.0,3231.0,3141.0,3149.0,3141.0,3231.0,3251.0,3161.0,3141.0,3202.0,3141.0,3141.0,3141.0,3141.0,3141.0,3231.0,3141.0,3141.0,3183.0,3231.0,3149.0,3149.0,3149.0,3149.0,3241.0,3241.0,3241.0,3289.0,3141.0,3149.0,3207.0,3141.0,3149.0,3141.0,3141.0,3141.0,3149.0,3149.0,3231.0,3141.0,3149.0,3231.0,3231.0,3141.0,3141.0,3231.0,3141.0,3141.0,3149.0,3149.0,3149.0,3149.0,3154.0,3149.0,3149.0,3149.0,3149.0,3154.0,3149.0,3127.0,3231.0,3149.0,3149.0,3149.0,3149.0,3149.0,3141.0,3149.0,3141.0,3141.0,3141.0,3149.0,3141.0,3149.0,3149.0,3141.0,3149.0,3149.0,3149.0,3141.0,3141.0,3149.0,3141.0,3135.0,3149.0,3149.0,3137.0,3149.0,3149.0,3149.0,3149.0,3149.0,3149.0,3141.0,3149.0,3231.0,3149.0,3149.0,3149.0,3149.0,3085.0,3149.0,3149.0,3149.0,3135.0,3149.0,3149.0,3149.0,3149.0,3207.0,3149.0,3149.0,3149.0,3149.0,3207.0,3135.0,3149.0,3141.0,3149.0,3135.0,3149.0,3149.0,3149.0,3149.0,3141.0,3149.0,3149.0,3149.0,3149.0,3141.0,3149.0,3149.0,3149.0,3149.0,3149.0,3149.0,3134.0,3149.0,3149.0,3149.0,3186.0,3149.0,3149.0,3149.0,3149.0,3149.0,3149.0,3149.0,3149.0,3149.0,3128.0,3149.0,3149.0,3149.0,3122.0,3149.0,3149.0,3256.0,3149.0,3149.0,3136.0,3149.0,3189.0,3149.0,3149.0,3149.0,3149.0,3149.0,3149.0,3130.0,3149.0,3149.0,3149.0,3149.0,3137.0,3207.0,3149.0,3149.0,3149.0,3149.0,3149.0,3149.0,3149.0,3149.0,3149.0,3149.0,3256.0,3149.0,3149.0,3149.0,3149.0,3149.0,3141.0,3149.0,3218.0,3149.0,3149.0,3149.0,3149.0,3149.0,3149.0,3149.0,3141.0,3149.0,3141.0,3141.0,3149.0,3141.0,3149.0,3149.0,3149.0,3149.0,3207.0,3149.0,3149.0,3141.0,3141.0,3141.0,3149.0,3149.0,3141.0,3149.0,3207.0,3149.0,3149.0,3141.0,3149.0,3149.0,3149.0,3149.0,3149.0,3149.0,3149.0,3149.0,3149.0,3149.0,3149.0,3213.0,3149.0,3149.0,3149.0,3149.0,3149.0,3149.0,3149.0,3149.0,3170.0,3149.0,3149.0,3149.0,3149.0,3149.0,3149.0,3149.0,3149.0,3135.0,3225.0,3141.0,3149.0,3149.0,3149.0,3149.0,3149.0,3149.0,3149.0,3159.0,3149.0,3149.0,3149.0,3149.0,3149.0,3135.0,3149.0,3149.0,3149.0,3149.0,3170.0,3149.0,3149.0,3149.0,3149.0,3135.0,3149.0,3149.0,3149.0,3135.0,3149.0,3149.0,3149.0,3149.0,3149.0,3149.0,3149.0,3149.0,3149.0,3149.0,3149.0,3149.0,3149.0,3149.0,3149.0,3149.0,3149.0,3149.0,3237.0,3149.0,3149.0,3149.0,3149.0,3149.0,3207.0,3149.0,3113.0,3149.0,3149.0,3170.0,3149.0,3149.0,3097.0,3131.0,3149.0,3149.0,3149.0,3137.0,3149.0,3149.0,3149.0,3134.0,3207.0,3149.0,3136.0,3149.0,3149.0,3149.0,3149.0,3149.0,3149.0,3149.0,3149.0,3149.0,3207.0,3149.0,3149.0,3149.0,3149.0,3149.0,3149.0,3149.0,3207.0,3149.0,3060.0,3149.0,3149.0,3149.0,3149.0,3149.0,3149.0,3173.0,3149.0,3149.0,3149.0,3137.0,3149.0,3149.0,3149.0,3149.0,3149.0,3149.0,3149.0,3149.0,3149.0,3149.0,3149.0,3149.0,3149.0,3207.0,3149.0,3149.0,3149.0,3149.0,3149.0,3149.0,3149.0,3207.0,3178.0,3149.0,3207.0,3149.0,3149.0,3149.0,3149.0,3149.0,3149.0,3149.0,3149.0,3149.0,3212.0,3149.0,3149.0,3212.0,3137.0,3221.0,3149.0,3137.0,3149.0,3131.0,3149.0,3207.0,3149.0,3149.0,3149.0,3198.0,3149.0,3149.0,3149.0,3113.0,3149.0,3271.0,3149.0,3149.0,3149.0,3212.0,3137.0,3149.0,3149.0,3181.0,3149.0,3207.0,3149.0,3149.0,3137.0,3141.0,3149.0,3149.0,3149.0,3149.0,3149.0,3149.0,3149.0,3149.0,3149.0,3085.0,3149.0,3149.0,3135.0,3149.0,3207.0,3149.0,3149.0,3149.0,3149.0,3149.0,3149.0,3149.0,3149.0,3131.0,3149.0,3207.0,3149.0,3207.0,3149.0,3149.0,3178.0,3149.0,3149.0,3137.0,3149.0,3149.0,3149.0,3149.0,3207.0,3149.0,3149.0,3149.0,3149.0,3137.0,3207.0,3149.0,3207.0,3149.0,3149.0,3207.0,3149.0,3149.0,3149.0,3135.0,3149.0,3149.0,3149.0,3149.0,3149.0,3149.0,3181.0,3137.0,3149.0,3149.0,3085.0,3085.0,3085.0,3207.0,3169.0,3149.0,3149.0,3149.0,3230.0,3149.0,3149.0,3085.0,3181.0,3149.0,3159.0,3149.0,3085.0,3207.0,3137.0,3149.0,3149.0,3149.0,3085.0,3149.0,3149.0,3149.0,3137.0,3179.0,3085.0,3149.0,3149.0,3085.0,3085.0,3085.0,3149.0,3181.0,3149.0,3149.0,3149.0,3085.0,3149.0,3085.0,3149.0,3149.0,3149.0,3085.0,3149.0,3207.0,3149.0,3137.0,3149.0,3085.0,3149.0,3085.0,3149.0,3222.0,3085.0,3207.0,3149.0,3149.0,3149.0,3149.0,3149.0,3207.0,3207.0,3149.0,3149.0,3149.0,3149.0,3149.0,3085.0,3143.0,3085.0,3149.0,3149.0,3149.0,3085.0,3085.0,3149.0,3149.0,3149.0,3198.0,3207.0,3149.0,3149.0,3149.0,3181.0,3149.0,3149.0,3149.0,3149.0,3149.0,3149.0,3149.0,3149.0,3149.0,3149.0,3149.0,3149.0,3181.0,3181.0,3149.0,3149.0,3171.0,3149.0,3149.0,3149.0,3149.0,3149.0,3149.0,3149.0,3149.0,3149.0,3149.0,3149.0,3230.0,3149.0,3149.0,3158.0,3050.0,3149.0,3149.0,3149.0,3149.0,3149.0,3149.0,3170.0,3149.0,3149.0,3149.0,3149.0,3198.0,3149.0,3149.0,3178.0,3149.0,3149.0,3149.0,3149.0,3149.0,3149.0,3085.0,3208.0,3149.0,3149.0,3137.0,3149.0,3149.0,3230.0,3230.0,3149.0,3207.0,3085.0,3085.0,3085.0,3149.0,3149.0,3226.0,3109.0,2495.0,2568.0,2568.0,2600.0,2536.0,2515.0,2563.0,2486.0,2568.0,2568.0,2568.0,2568.0,2568.0,2614.0,2568.0,2568.0,2568.0,2614.0,2539.0,2568.0,2568.0,2568.0,2539.0,2568.0,2539.0,2606.0,2568.0,2597.0,2568.0,2539.0,2539.0,2568.0,2568.0,2568.0,2568.0,2568.0,2568.0,2568.0,2568.0,2568.0,2539.0,2539.0,2568.0,2568.0,2568.0,2568.0,2539.0,2568.0,2568.0,2568.0,2568.0,2539.0,2568.0,2568.0,2568.0,2568.0,2568.0,2568.0,2568.0,2539.0,2568.0,2568.0,2579.0,2568.0,2568.0,2568.0,2510.0,2539.0,2568.0,2568.0,2539.0,2568.0,2568.0,2568.0,2568.0,2568.0,2568.0,2539.0,2539.0,2568.0,2632.0,2568.0,2568.0,2539.0,2568.0,2568.0,2568.0,2568.0,2568.0,2568.0,2568.0,2539.0,2568.0,2568.0,2539.0,2568.0,2568.0,2568.0,2568.0,2568.0,2539.0,2539.0,2568.0,2568.0,2568.0,2568.0,2568.0,2568.0,2539.0,2568.0,2568.0,2568.0,2568.0,2568.0,2568.0,2568.0,2568.0,2539.0,2568.0,2568.0,2568.0,2568.0,2568.0,2568.0,2568.0,2568.0,2568.0,2662.0,2568.0,2539.0,2568.0,2568.0,2568.0,2568.0,2568.0,2568.0,2568.0,2568.0,2568.0,2568.0,2568.0,2568.0,2568.0,2568.0,2568.0,2568.0,2568.0,2568.0,2568.0,2568.0,2568.0,2568.0,2568.0,2568.0,2570.0,2568.0,2568.0,2568.0,2568.0,2568.0,2568.0,2568.0,2568.0,2568.0,2568.0,2568.0,2568.0,2568.0,2568.0,2568.0,2568.0,2568.0,2568.0,2568.0,2568.0,2568.0,2568.0,2568.0,2568.0,2568.0,2568.0,2568.0,2568.0,2568.0,2568.0,2568.0,2568.0,2568.0,2568.0,2568.0,2568.0,2568.0,2568.0,2568.0,2568.0,2568.0,2568.0,2568.0,2568.0,2568.0,2568.0,2568.0,2568.0,2568.0,2614.0,2568.0,2568.0,2568.0,2568.0,2568.0,2568.0,2568.0,2568.0,2568.0,2568.0,2568.0,2568.0,2568.0,2568.0,2568.0,2568.0,2568.0,2568.0,2568.0,2568.0,2568.0,2568.0,2568.0,2568.0,2568.0,2568.0,2568.0,2568.0,2568.0,2568.0,2568.0,2568.0,2568.0,2568.0,2568.0,2568.0,2568.0,2568.0,2568.0,2568.0,2568.0,2614.0,2568.0,2568.0,2568.0,2568.0,2568.0,2568.0,2568.0,2568.0,2568.0,2568.0,2568.0,2568.0,2568.0,2568.0,2568.0,2568.0,2568.0,2568.0,2568.0,2568.0,2568.0,2568.0,2568.0,2568.0,2568.0,2637.0,2568.0,2568.0,2568.0,2568.0,2568.0,2568.0,2568.0,2568.0,2568.0,2568.0,2568.0,2613.0,2568.0,2568.0,2542.0,2568.0,2568.0,2568.0,2568.0,2568.0,2568.0,2568.0,2568.0,2588.0,2568.0,2621.0,2568.0,2568.0,2568.0,2568.0,2568.0,2568.0,2568.0,2568.0,2568.0,2568.0,2568.0,2568.0,2614.0,2568.0,2568.0,2568.0,2614.0,2568.0,2568.0,2568.0,2568.0,2568.0,2614.0,2568.0,2568.0,2568.0,2568.0,2568.0,2568.0,2568.0,2568.0,2568.0,2568.0,2568.0,2568.0,2568.0,2568.0,2568.0,2568.0,2568.0,2568.0,2568.0,2568.0,2568.0,2568.0,2568.0,2568.0,2568.0,2568.0,2597.0,2568.0,2568.0,2568.0,2568.0,2568.0,2606.0,2568.0,2568.0,2568.0,2606.0,2568.0,2568.0,2568.0,2568.0,2568.0,2568.0,2597.0,2597.0,2568.0,2568.0,2568.0,2568.0,2568.0,2568.0,2597.0,2568.0,2470.0,2568.0,2568.0,2568.0,2568.0,2568.0,2568.0,2582.0,2568.0,2568.0,2568.0,2568.0,2568.0,2504.0,2568.0,2568.0,2568.0,2568.0,2568.0,2568.0,2568.0,2568.0,2568.0,2568.0,2568.0,2568.0,2568.0,2568.0,2568.0,2568.0,2568.0,2568.0,2568.0,2542.0,2568.0,2568.0,2568.0,2568.0,2597.0,2568.0,2568.0,2568.0,2568.0,2568.0,2568.0,2568.0,2568.0,2568.0,2568.0,2568.0,2568.0,2568.0,2568.0,2568.0,2568.0,2568.0,2568.0,2568.0,2568.0,2568.0,2568.0,2597.0,2568.0,2568.0,2568.0,2568.0,2568.0,2568.0,2568.0,8338.0,8344.0,8338.0,8327.0,8338.0,8338.0,8312.0,8356.0,8338.0,8338.0,8399.0,8379.0,8338.0,8421.0,8573.0,8357.0,8338.0,8338.0,8338.0,8338.0,8338.0,8338.0,8338.0,8338.0,8338.0,8338.0,8338.0,8338.0,8338.0,8338.0,8338.0,8338.0,8338.0,8338.0,8338.0,8338.0,8333.0,8338.0,8338.0,8338.0,8338.0,8338.0,8338.0,8338.0,8338.0,8338.0,8338.0,8338.0,8338.0,8338.0,8338.0,8338.0,8338.0,8338.0,8379.0,8338.0,8338.0,8338.0,8338.0,8338.0,8338.0,8338.0,8338.0,8338.0,8338.0,8338.0,8338.0,8338.0,8379.0,8338.0,8338.0,8338.0,8338.0,8338.0,8338.0,8338.0,8338.0,8338.0,8338.0,8338.0,8338.0,8338.0,8338.0,8338.0,8338.0,8338.0,8338.0,8338.0,8338.0,8338.0,8338.0,8338.0,8367.0,8335.0,8338.0,8427.0,8338.0,8338.0,8338.0,8338.0,8338.0,8338.0,8338.0,8427.0,8338.0,8338.0,8338.0,8338.0,8338.0,8356.0,8356.0,8427.0,8338.0,8338.0,8338.0,8319.0,8338.0,8358.0,8338.0,8338.0,8338.0,8338.0,8338.0,8338.0,8344.0,8338.0,8338.0,8338.0,8338.0,8338.0,8249.0,8338.0,8338.0,8338.0,8338.0,8338.0,8338.0,8338.0,8338.0,8338.0,8338.0,8338.0,8338.0,8338.0,8338.0,8338.0,8338.0,8338.0,8338.0,8338.0,8338.0,8427.0,8350.0,8338.0,8338.0,8338.0,8338.0,8338.0,8338.0,8338.0,8338.0,8338.0,8338.0,8367.0,8356.0,8356.0,8338.0,8344.0,8338.0,8344.0,8338.0,8338.0,8338.0,8487.0,8427.0,8338.0,8338.0,8338.0,8337.0,8338.0,8338.0,8338.0,8427.0,8338.0,8338.0,8338.0,8338.0,8338.0,8338.0,8338.0,8338.0,8338.0,8338.0,8338.0,8338.0,8338.0,8338.0,8338.0,8338.0,8293.0,8338.0,8338.0,8338.0,8338.0,8293.0,8338.0,8338.0,8338.0,8338.0,8256.0,8338.0,8338.0,8338.0,8338.0,8338.0,8338.0,8249.0,8338.0,8338.0,8356.0,8356.0,8427.0,8338.0,8338.0,8566.0,8338.0,8356.0,8338.0,8427.0,8338.0,8338.0,8338.0,8338.0,8356.0,8338.0,8338.0,8338.0,8338.0,8338.0,8338.0,8338.0,8338.0,8338.0,8338.0,8338.0,8338.0,8338.0,8338.0,8338.0,8427.0,8338.0,8357.0,8338.0,8356.0,8338.0,8338.0,8338.0,8356.0,8427.0,8338.0,8338.0,8427.0,8338.0,8338.0,8338.0,8338.0,8338.0,8338.0,8338.0,8338.0,8338.0,8338.0,8338.0,8338.0,8338.0,8338.0,8338.0,8338.0,8338.0,8338.0,8338.0,8338.0,8338.0,8427.0,8338.0,8338.0,8356.0,8338.0,8338.0,8338.0,8427.0,8338.0,8427.0,8338.0,8427.0,8356.0,8338.0,8338.0,8338.0,8338.0,8338.0,8338.0,8356.0,8338.0,8356.0,8338.0,8338.0,8338.0,8427.0,8338.0,8338.0,8338.0,8338.0,8338.0,8338.0,8338.0,8338.0,8338.0,8338.0,8338.0,8338.0,8338.0,8338.0,8338.0,8338.0,8338.0,8338.0,8338.0,8427.0,8338.0,8427.0,8427.0,8338.0,8338.0,8338.0,8338.0,8338.0,8338.0,8357.0,8338.0,8338.0,8338.0,8338.0,8338.0,8338.0,8338.0,8338.0,8338.0,8338.0,8338.0,8338.0,8338.0,8338.0,8338.0,8427.0,8338.0,8367.0,8338.0,8338.0,8338.0,8427.0,8338.0,8338.0,8427.0,8338.0,8338.0,8338.0,8338.0,8338.0,8338.0,8338.0,8338.0,8427.0,8338.0,8338.0,8338.0,8427.0,8338.0,8338.0,8338.0,8338.0,8338.0,8338.0,8338.0,8338.0,8338.0,8338.0,8338.0,8427.0,8338.0,8427.0,8309.0,8338.0,8338.0,8338.0,8357.0,8338.0,8338.0,8427.0,8338.0,8427.0,8338.0,8338.0,8427.0,8427.0,8427.0,8338.0,8338.0,8357.0,8398.0,8338.0,8338.0,8427.0,8427.0,8357.0,8357.0,8427.0,8338.0,8427.0,8427.0,8427.0,8427.0,8439.0,8338.0,8427.0,8427.0,8357.0,8427.0,8427.0,8338.0,8427.0,8338.0,8427.0,8427.0,8427.0,8357.0,8427.0,8357.0,8427.0,8427.0,8357.0,8357.0,8357.0,8357.0,8357.0,8427.0,8427.0,8314.0,8357.0,8363.0,8357.0,8357.0,8357.0,8357.0,8338.0,8357.0,8357.0,8357.0,8357.0,8357.0,8357.0,8286.0,8357.0,8441.0,8357.0,8441.0,8357.0,8357.0,8439.0,8357.0,8338.0,8338.0,45.0,0.0,316.0,103.0,74.0,58.0,58.0,58.0,58.0,58.0,58.0,58.0,58.0,58.0,58.0,58.0,58.0,58.0,58.0,58.0,58.0,58.0,58.0,58.0,58.0,58.0,58.0,58.0,58.0,58.0,58.0,58.0,58.0,58.0,58.0,58.0,58.0,58.0,58.0,58.0,58.0,87.0,58.0,58.0,58.0,147.0,58.0,58.0,147.0,58.0,58.0,87.0,58.0,58.0,87.0,114.0,84.0,130.0,84.0,103.0,84.0,84.0,103.0,58.0,104.0,103.0,103.0,58.0,58.0,103.0,58.0,58.0,58.0,58.0,58.0,58.0,58.0,58.0,58.0,58.0,58.0,84.0,103.0,58.0,58.0,58.0,58.0,58.0,58.0,58.0,58.0,58.0,58.0,58.0,58.0,104.0,58.0,58.0,58.0,58.0,58.0,58.0,58.0,58.0,58.0,58.0,58.0,58.0,58.0,58.0,58.0,58.0,58.0,58.0,58.0,58.0,58.0,58.0,58.0,58.0,58.0,58.0,58.0,58.0,58.0,58.0,58.0,58.0,58.0,58.0,58.0,58.0,58.0,58.0,58.0,58.0,81.0,58.0,58.0,58.0,58.0,103.0,58.0,58.0,58.0,58.0,58.0,58.0,79.0,58.0,103.0,58.0,58.0,58.0,58.0,58.0,58.0,58.0,58.0,58.0,58.0,58.0,103.0,58.0,58.0,58.0,58.0,58.0,103.0,58.0,58.0,103.0,103.0,58.0,58.0,58.0,103.0,58.0,58.0,58.0,58.0,58.0,58.0,58.0,58.0,58.0,58.0,58.0,58.0,58.0,58.0,104.0,58.0,58.0,58.0,58.0,58.0,58.0,58.0,58.0,104.0,58.0,58.0,148.0,58.0,58.0,58.0,58.0,114.0,58.0,58.0,58.0,58.0,58.0,58.0,58.0,58.0,58.0,58.0,0.0,58.0,58.0,58.0,58.0,103.0,58.0,58.0,132.0,58.0,58.0,58.0,58.0,58.0,58.0,58.0,58.0,58.0,58.0,58.0,58.0,58.0,58.0,58.0,58.0,58.0,81.0,58.0,58.0,58.0,114.0,58.0,58.0,58.0,58.0,58.0,58.0,58.0,58.0,58.0,58.0,58.0,103.0,58.0,58.0,58.0,58.0,58.0,58.0,58.0,58.0,58.0,68.0,58.0,58.0,58.0,114.0,58.0,58.0,58.0,58.0,58.0,58.0,58.0,58.0,58.0,58.0,58.0,122.0,58.0,58.0,58.0,114.0,58.0,58.0,58.0,80.0,58.0,114.0,58.0,58.0,58.0,58.0,58.0,58.0,58.0,58.0,58.0,58.0,58.0,58.0,58.0,58.0,87.0,58.0,58.0,58.0,114.0,58.0,58.0,58.0,58.0,58.0,58.0,58.0,58.0,58.0,58.0,104.0,58.0,114.0,58.0,58.0,58.0,58.0,58.0,58.0,114.0,58.0,58.0,58.0,58.0,114.0,58.0,84.0,122.0,103.0,58.0,103.0,103.0,103.0,103.0,103.0,103.0,103.0,103.0,103.0,103.0,103.0,103.0,103.0,58.0,103.0,149.0,132.0,103.0,58.0,103.0,103.0,103.0,103.0,103.0,103.0,103.0,103.0,103.0,103.0,103.0,103.0,167.0,103.0,103.0,103.0,103.0
hDenV4/Colombia/SAN-UIS-0000039/2016,3171.0,3149.0,3149.0,3149.0,3149.0,3149.0,3149.0,3170.0,3149.0,3218.0,3202.0,3284.0,3171.0,3135.0,3137.0,3137.0,3137.0,3231.0,3137.0,3231.0,3231.0,3141.0,3141.0,3141.0,3141.0,3161.0,3161.0,3231.0,3149.0,3231.0,3141.0,3149.0,3141.0,3231.0,3251.0,3161.0,3141.0,3202.0,3141.0,3141.0,3141.0,3141.0,3141.0,3231.0,3141.0,3141.0,3183.0,3231.0,3149.0,3149.0,3149.0,3149.0,3241.0,3241.0,3241.0,3289.0,3141.0,3149.0,3207.0,3141.0,3149.0,3141.0,3141.0,3141.0,3149.0,3149.0,3231.0,3141.0,3149.0,3231.0,3231.0,3141.0,3141.0,3231.0,3141.0,3141.0,3149.0,3149.0,3149.0,3149.0,3154.0,3149.0,3149.0,3149.0,3149.0,3154.0,3149.0,3127.0,3231.0,3149.0,3149.0,3149.0,3149.0,3149.0,3141.0,3149.0,3141.0,3141.0,3141.0,3149.0,3141.0,3149.0,3149.0,3141.0,3149.0,3149.0,3149.0,3141.0,3141.0,3149.0,3141.0,3135.0,3149.0,3149.0,3137.0,3149.0,3149.0,3149.0,3149.0,3149.0,3149.0,3141.0,3149.0,3231.0,3149.0,3149.0,3149.0,3149.0,3085.0,3149.0,3149.0,3149.0,3135.0,3149.0,3149.0,3149.0,3149.0,3207.0,3149.0,3149.0,3149.0,3149.0,3207.0,3135.0,3149.0,3141.0,3149.0,3135.0,3149.0,3149.0,3149.0,3149.0,3141.0,3149.0,3149.0,3149.0,3149.0,3141.0,3149.0,3149.0,3149.0,3149.0,3149.0,3149.0,3134.0,3149.0,3149.0,3149.0,3186.0,3149.0,3149.0,3149.0,3149.0,3149.0,3149.0,3149.0,3149.0,3149.0,3128.0,3149.0,3149.0,3149.0,3122.0,3149.0,3149.0,3256.0,3149.0,3149.0,3136.0,3149.0,3189.0,3149.0,3149.0,3149.0,3149.0,3149.0,3149.0,3130.0,3149.0,3149.0,3149.0,3149.0,3137.0,3207.0,3149.0,3149.0,3149.0,3149.0,3149.0,3149.0,3149.0,3149.0,3149.0,3149.0,3256.0,3149.0,3149.0,3149.0,3149.0,3149.0,3141.0,3149.0,3218.0,3149.0,3149.0,3149.0,3149.0,3149.0,3149.0,3149.0,3141.0,3149.0,3141.0,3141.0,3149.0,3141.0,3149.0,3149.0,3149.0,3149.0,3207.0,3149.0,3149.0,3141.0,3141.0,3141.0,3149.0,3149.0,3141.0,3149.0,3207.0,3149.0,3149.0,3141.0,3149.0,3149.0,3149.0,3149.0,3149.0,3149.0,3149.0,3149.0,3149.0,3149.0,3149.0,3213.0,3149.0,3149.0,3149.0,3149.0,3149.0,3149.0,3149.0,3149.0,3170.0,3149.0,3149.0,3149.0,3149.0,3149.0,3149.0,3149.0,3149.0,3135.0,3225.0,3141.0,3149.0,3149.0,3149.0,3149.0,3149.0,3149.0,3149.0,3159.0,3149.0,3149.0,3149.0,3149.0,3149.0,3135.0,3149.0,3149.0,3149.0,3149.0,3170.0,3149.0,3149.0,3149.0,3149.0,3135.0,3149.0,3149.0,3149.0,3135.0,3149.0,3149.0,3149.0,3149.0,3149.0,3149.0,3149.0,3149.0,3149.0,3149.0,3149.0,3149.0,3149.0,3149.0,3149.0,3149.0,3149.0,3149.0,3237.0,3149.0,3149.0,3149.0,3149.0,3149.0,3207.0,3149.0,3113.0,3149.0,3149.0,3170.0,3149.0,3149.0,3097.0,3131.0,3149.0,3149.0,3149.0,3137.0,3149.0,3149.0,3149.0,3134.0,3207.0,3149.0,3136.0,3149.0,3149.0,3149.0,3149.0,3149.0,3149.0,3149.0,3149.0,3149.0,3207.0,3149.0,3149.0,3149.0,3149.0,3149.0,3149.0,3149.0,3207.0,3149.0,3060.0,3149.0,3149.0,3149.0,3149.0,3149.0,3149.0,3173.0,3149.0,3149.0,3149.0,3137.0,3149.0,3149.0,3149.0,3149.0,3149.0,3149.0,3149.0,3149.0,3149.0,3149.0,3149.0,3149.0,3149.0,3207.0,3149.0,3149.0,3149.0,3149.0,3149.0,3149.0,3149.0,3207.0,3178.0,3149.0,3207.0,3149.0,3149.0,3149.0,3149.0,3149.0,3149.0,3149.0,3149.0,3149.0,3212.0,3149.0,3149.0,3212.0,3137.0,3221.0,3149.0,3137.0,3149.0,3131.0,3149.0,3207.0,3149.0,3149.0,3149.0,3198.0,3149.0,3149.0,3149.0,3113.0,3149.0,3271.0,3149.0,3149.0,3149.0,3212.0,3137.0,3149.0,3149.0,3181.0,3149.0,3207.0,3149.0,3149.0,3137.0,3141.0,3149.0,3149.0,3149.0,3149.0,3149.0,3149.0,3149.0,3149.0,3149.0,3085.0,3149.0,3149.0,3135.0,3149.0,3207.0,3149.0,3149.0,3149.0,3149.0,3149.0,3149.0,3149.0,3149.0,3131.0,3149.0,3207.0,3149.0,3207.0,3149.0,3149.0,3178.0,3149.0,3149.0,3137.0,3149.0,3149.0,3149.0,3149.0,3207.0,3149.0,3149.0,3149.0,3149.0,3137.0,3207.0,3149.0,3207.0,3149.0,3149.0,3207.0,3149.0,3149.0,3149.0,3135.0,3149.0,3149.0,3149.0,3149.0,3149.0,3149.0,3181.0,3137.0,3149.0,3149.0,3085.0,3085.0,3085.0,3207.0,3169.0,3149.0,3149.0,3149.0,3230.0,3149.0,3149.0,3085.0,3181.0,3149.0,3159.0,3149.0,3085.0,3207.0,3137.0,3149.0,3149.0,3149.0,3085.0,3149.0,3149.0,3149.0,3137.0,3179.0,3085.0,3149.0,3149.0,3085.0,3085.0,3085.0,3149.0,3181.0,3149.0,3149.0,3149.0,3085.0,3149.0,3085.0,3149.0,3149.0,3149.0,3085.0,3149.0,3207.0,3149.0,3137.0,3149.0,3085.0,3149.0,3085.0,3149.0,3222.0,3085.0,3207.0,3149.0,3149.0,3149.0,3149.0,3149.0,3207.0,3207.0,3149.0,3149.0,3149.0,3149.0,3149.0,3085.0,3143.0,3085.0,3149.0,3149.0,3149.0,3085.0,3085.0,3149.0,3149.0,3149.0,3198.0,3207.0,3149.0,3149.0,3149.0,3181.0,3149.0,3149.0,3149.0,3149.0,3149.0,3149.0,3149.0,3149.0,3149.0,3149.0,3149.0,3149.0,3181.0,3181.0,3149.0,3149.0,3171.0,3149.0,3149.0,3149.0,3149.0,3149.0,3149.0,3149.0,3149.0,3149.0,3149.0,3149.0,3230.0,3149.0,3149.0,3158.0,3050.0,3149.0,3149.0,3149.0,3149.0,3149.0,3149.0,3170.0,3149.0,3149.0,3149.0,3149.0,3198.0,3149.0,3149.0,3178.0,3149.0,3149.0,3149.0,3149.0,3149.0,3149.0,3085.0,3208.0,3149.0,3149.0,3137.0,3149.0,3149.0,3230.0,3230.0,3149.0,3207.0,3085.0,3085.0,3085.0,3149.0,3149.0,3226.0,3109.0,2495.0,2568.0,2568.0,2600.0,2536.0,2515.0,2563.0,2486.0,2568.0,2568.0,2568.0,2568.0,2568.0,2614.0,2568.0,2568.0,2568.0,2614.0,2539.0,2568.0,2568.0,2568.0,2539.0,2568.0,2539.0,2606.0,2568.0,2597.0,2568.0,2539.0,2539.0,2568.0,2568.0,2568.0,2568.0,2568.0,2568.0,2568.0,2568.0,2568.0,2539.0,2539.0,2568.0,2568.0,2568.0,2568.0,2539.0,2568.0,2568.0,2568.0,2568.0,2539.0,2568.0,2568.0,2568.0,2568.0,2568.0,2568.0,2568.0,2539.0,2568.0,2568.0,2579.0,2568.0,2568.0,2568.0,2510.0,2539.0,2568.0,2568.0,2539.0,2568.0,2568.0,2568.0,2568.0,2568.0,2568.0,2539.0,2539.0,2568.0,2632.0,2568.0,2568.0,2539.0,2568.0,2568.0,2568.0,2568.0,2568.0,2568.0,2568.0,2539.0,2568.0,2568.0,2539.0,2568.0,2568.0,2568.0,2568.0,2568.0,2539.0,2539.0,2568.0,2568.0,2568.0,2568.0,2568.0,2568.0,2539.0,2568.0,2568.0,2568.0,2568.0,2568.0,2568.0,2568.0,2568.0,2539.0,2568.0,2568.0,2568.0,2568.0,2568.0,2568.0,2568.0,2568.0,2568.0,2662.0,2568.0,2539.0,2568.0,2568.0,2568.0,2568.0,2568.0,2568.0,2568.0,2568.0,2568.0,2568.0,2568.0,2568.0,2568.0,2568.0,2568.0,2568.0,2568.0,2568.0,2568.0,2568.0,2568.0,2568.0,2568.0,2568.0,2570.0,2568.0,2568.0,2568.0,2568.0,2568.0,2568.0,2568.0,2568.0,2568.0,2568.0,2568.0,2568.0,2568.0,2568.0,2568.0,2568.0,2568.0,2568.0,2568.0,2568.0,2568.0,2568.0,2568.0,2568.0,2568.0,2568.0,2568.0,2568.0,2568.0,2568.0,2568.0,2568.0,2568.0,2568.0,2568.0,2568.0,2568.0,2568.0,2568.0,2568.0,2568.0,2568.0,2568.0,2568.0,2568.0,2568.0,2568.0,2568.0,2568.0,2614.0,2568.0,2568.0,2568.0,2568.0,2568.0,2568.0,2568.0,2568.0,2568.0,2568.0,2568.0,2568.0,2568.0,2568.0,2568.0,2568.0,2568.0,2568.0,2568.0,2568.0,2568.0,2568.0,2568.0,2568.0,2568.0,2568.0,2568.0,2568.0,2568.0,2568.0,2568.0,2568.0,2568.0,2568.0,2568.0,2568.0,2568.0,2568.0,2568.0,2568.0,2568.0,2614.0,2568.0,2568.0,2568.0,2568.0,2568.0,2568.0,2568.0,2568.0,2568.0,2568.0,2568.0,2568.0,2568.0,2568.0,2568.0,2568.0,2568.0,2568.0,2568.0,2568.0,2568.0,2568.0,2568.0,2568.0,2568.0,2637.0,2568.0,2568.0,2568.0,2568.0,2568.0,2568.0,2568.0,2568.0,2568.0,2568.0,2568.0,2613.0,2568.0,2568.0,2542.0,2568.0,2568.0,2568.0,2568.0,2568.0,2568.0,2568.0,2568.0,2588.0,2568.0,2621.0,2568.0,2568.0,2568.0,2568.0,2568.0,2568.0,2568.0,2568.0,2568.0,2568.0,2568.0,2568.0,2614.0,2568.0,2568.0,2568.0,2614.0,2568.0,2568.0,2568.0,2568.0,2568.0,2614.0,2568.0,2568.0,2568.0,2568.0,2568.0,2568.0,2568.0,2568.0,2568.0,2568.0,2568.0,2568.0,2568.0,2568.0,2568.0,2568.0,2568.0,2568.0,2568.0,2568.0,2568.0,2568.0,2568.0,2568.0,2568.0,2568.0,2597.0,2568.0,2568.0,2568.0,2568.0,2568.0,2606.0,2568.0,2568.0,2568.0,2606.0,2568.0,2568.0,2568.0,2568.0,2568.0,2568.0,2597.0,2597.0,2568.0,2568.0,2568.0,2568.0,2568.0,2568.0,2597.0,2568.0,2470.0,2568.0,2568.0,2568.0,2568.0,2568.0,2568.0,2582.0,2568.0,2568.0,2568.0,2568.0,2568.0,2504.0,2568.0,2568.0,2568.0,2568.0,2568.0,2568.0,2568.0,2568.0,2568.0,2568.0,2568.0,2568.0,2568.0,2568.0,2568.0,2568.0,2568.0,2568.0,2568.0,2542.0,2568.0,2568.0,2568.0,2568.0,2597.0,2568.0,2568.0,2568.0,2568.0,2568.0,2568.0,2568.0,2568.0,2568.0,2568.0,2568.0,2568.0,2568.0,2568.0,2568.0,2568.0,2568.0,2568.0,2568.0,2568.0,2568.0,2568.0,2597.0,2568.0,2568.0,2568.0,2568.0,2568.0,2568.0,2568.0,8338.0,8344.0,8338.0,8327.0,8338.0,8338.0,8312.0,8356.0,8338.0,8338.0,8399.0,8379.0,8338.0,8421.0,8573.0,8357.0,8338.0,8338.0,8338.0,8338.0,8338.0,8338.0,8338.0,8338.0,8338.0,8338.0,8338.0,8338.0,8338.0,8338.0,8338.0,8338.0,8338.0,8338.0,8338.0,8338.0,8333.0,8338.0,8338.0,8338.0,8338.0,8338.0,8338.0,8338.0,8338.0,8338.0,8338.0,8338.0,8338.0,8338.0,8338.0,8338.0,8338.0,8338.0,8379.0,8338.0,8338.0,8338.0,8338.0,8338.0,8338.0,8338.0,8338.0,8338.0,8338.0,8338.0,8338.0,8338.0,8379.0,8338.0,8338.0,8338.0,8338.0,8338.0,8338.0,8338.0,8338.0,8338.0,8338.0,8338.0,8338.0,8338.0,8338.0,8338.0,8338.0,8338.0,8338.0,8338.0,8338.0,8338.0,8338.0,8338.0,8367.0,8335.0,8338.0,8427.0,8338.0,8338.0,8338.0,8338.0,8338.0,8338.0,8338.0,8427.0,8338.0,8338.0,8338.0,8338.0,8338.0,8356.0,8356.0,8427.0,8338.0,8338.0,8338.0,8319.0,8338.0,8358.0,8338.0,8338.0,8338.0,8338.0,8338.0,8338.0,8344.0,8338.0,8338.0,8338.0,8338.0,8338.0,8249.0,8338.0,8338.0,8338.0,8338.0,8338.0,8338.0,8338.0,8338.0,8338.0,8338.0,8338.0,8338.0,8338.0,8338.0,8338.0,8338.0,8338.0,8338.0,8338.0,8338.0,8427.0,8350.0,8338.0,8338.0,8338.0,8338.0,8338.0,8338.0,8338.0,8338.0,8338.0,8338.0,8367.0,8356.0,8356.0,8338.0,8344.0,8338.0,8344.0,8338.0,8338.0,8338.0,8487.0,8427.0,8338.0,8338.0,8338.0,8337.0,8338.0,8338.0,8338.0,8427.0,8338.0,8338.0,8338.0,8338.0,8338.0,8338.0,8338.0,8338.0,8338.0,8338.0,8338.0,8338.0,8338.0,8338.0,8338.0,8338.0,8293.0,8338.0,8338.0,8338.0,8338.0,8293.0,8338.0,8338.0,8338.0,8338.0,8256.0,8338.0,8338.0,8338.0,8338.0,8338.0,8338.0,8249.0,8338.0,8338.0,8356.0,8356.0,8427.0,8338.0,8338.0,8566.0,8338.0,8356.0,8338.0,8427.0,8338.0,8338.0,8338.0,8338.0,8356.0,8338.0,8338.0,8338.0,8338.0,8338.0,8338.0,8338.0,8338.0,8338.0,8338.0,8338.0,8338.0,8338.0,8338.0,8338.0,8427.0,8338.0,8357.0,8338.0,8356.0,8338.0,8338.0,8338.0,8356.0,8427.0,8338.0,8338.0,8427.0,8338.0,8338.0,8338.0,8338.0,8338.0,8338.0,8338.0,8338.0,8338.0,8338.0,8338.0,8338.0,8338.0,8338.0,8338.0,8338.0,8338.0,8338.0,8338.0,8338.0,8338.0,8427.0,8338.0,8338.0,8356.0,8338.0,8338.0,8338.0,8427.0,8338.0,8427.0,8338.0,8427.0,8356.0,8338.0,8338.0,8338.0,8338.0,8338.0,8338.0,8356.0,8338.0,8356.0,8338.0,8338.0,8338.0,8427.0,8338.0,8338.0,8338.0,8338.0,8338.0,8338.0,8338.0,8338.0,8338.0,8338.0,8338.0,8338.0,8338.0,8338.0,8338.0,8338.0,8338.0,8338.0,8338.0,8427.0,8338.0,8427.0,8427.0,8338.0,8338.0,8338.0,8338.0,8338.0,8338.0,8357.0,8338.0,8338.0,8338.0,8338.0,8338.0,8338.0,8338.0,8338.0,8338.0,8338.0,8338.0,8338.0,8338.0,8338.0,8338.0,8427.0,8338.0,8367.0,8338.0,8338.0,8338.0,8427.0,8338.0,8338.0,8427.0,8338.0,8338.0,8338.0,8338.0,8338.0,8338.0,8338.0,8338.0,8427.0,8338.0,8338.0,8338.0,8427.0,8338.0,8338.0,8338.0,8338.0,8338.0,8338.0,8338.0,8338.0,8338.0,8338.0,8338.0,8427.0,8338.0,8427.0,8309.0,8338.0,8338.0,8338.0,8357.0,8338.0,8338.0,8427.0,8338.0,8427.0,8338.0,8338.0,8427.0,8427.0,8427.0,8338.0,8338.0,8357.0,8398.0,8338.0,8338.0,8427.0,8427.0,8357.0,8357.0,8427.0,8338.0,8427.0,8427.0,8427.0,8427.0,8439.0,8338.0,8427.0,8427.0,8357.0,8427.0,8427.0,8338.0,8427.0,8338.0,8427.0,8427.0,8427.0,8357.0,8427.0,8357.0,8427.0,8427.0,8357.0,8357.0,8357.0,8357.0,8357.0,8427.0,8427.0,8314.0,8357.0,8363.0,8357.0,8357.0,8357.0,8357.0,8338.0,8357.0,8357.0,8357.0,8357.0,8357.0,8357.0,8286.0,8357.0,8441.0,8357.0,8441.0,8357.0,8357.0,8439.0,8357.0,8338.0,8338.0,45.0,0.0,316.0,103.0,74.0,58.0,58.0,58.0,58.0,58.0,58.0,58.0,58.0,58.0,58.0,58.0,58.0,58.0,58.0,58.0,58.0,58.0,58.0,58.0,58.0,58.0,58.0,58.0,58.0,58.0,58.0,58.0,58.0,58.0,58.0,58.0,58.0,58.0,58.0,58.0,58.0,87.0,58.0,58.0,58.0,147.0,58.0,58.0,147.0,58.0,58.0,87.0,58.0,58.0,87.0,114.0,84.0,130.0,84.0,103.0,84.0,84.0,103.0,58.0,104.0,103.0,103.0,58.0,58.0,103.0,58.0,58.0,58.0,58.0,58.0,58.0,58.0,58.0,58.0,58.0,58.0,84.0,103.0,58.0,58.0,58.0,58.0,58.0,58.0,58.0,58.0,58.0,58.0,58.0,58.0,104.0,58.0,58.0,58.0,58.0,58.0,58.0,58.0,58.0,58.0,58.0,58.0,58.0,58.0,58.0,58.0,58.0,58.0,58.0,58.0,58.0,58.0,58.0,58.0,58.0,58.0,58.0,58.0,58.0,58.0,58.0,58.0,58.0,58.0,58.0,58.0,58.0,58.0,58.0,58.0,58.0,81.0,58.0,58.0,58.0,58.0,103.0,58.0,58.0,58.0,58.0,58.0,58.0,79.0,58.0,103.0,58.0,58.0,58.0,58.0,58.0,58.0,58.0,58.0,58.0,58.0,58.0,103.0,58.0,58.0,58.0,58.0,58.0,103.0,58.0,58.0,103.0,103.0,58.0,58.0,58.0,103.0,58.0,58.0,58.0,58.0,58.0,58.0,58.0,58.0,58.0,58.0,58.0,58.0,58.0,58.0,104.0,58.0,58.0,58.0,58.0,58.0,58.0,58.0,58.0,104.0,58.0,58.0,148.0,58.0,58.0,58.0,58.0,114.0,58.0,58.0,58.0,58.0,58.0,58.0,58.0,58.0,58.0,58.0,0.0,58.0,58.0,58.0,58.0,103.0,58.0,58.0,132.0,58.0,58.0,58.0,58.0,58.0,58.0,58.0,58.0,58.0,58.0,58.0,58.0,58.0,58.0,58.0,58.0,58.0,81.0,58.0,58.0,58.0,114.0,58.0,58.0,58.0,58.0,58.0,58.0,58.0,58.0,58.0,58.0,58.0,103.0,58.0,58.0,58.0,58.0,58.0,58.0,58.0,58.0,58.0,68.0,58.0,58.0,58.0,114.0,58.0,58.0,58.0,58.0,58.0,58.0,58.0,58.0,58.0,58.0,58.0,122.0,58.0,58.0,58.0,114.0,58.0,58.0,58.0,80.0,58.0,114.0,58.0,58.0,58.0,58.0,58.0,58.0,58.0,58.0,58.0,58.0,58.0,58.0,58.0,58.0,87.0,58.0,58.0,58.0,114.0,58.0,58.0,58.0,58.0,58.0,58.0,58.0,58.0,58.0,58.0,104.0,58.0,114.0,58.0,58.0,58.0,58.0,58.0,58.0,114.0,58.0,58.0,58.0,58.0,114.0,58.0,84.0,122.0,103.0,58.0,103.0,103.0,103.0,103.0,103.0,103.0,103.0,103.0,103.0,103.0,103.0,103.0,103.0,58.0,103.0,149.0,132.0,103.0,58.0,103.0,103.0,103.0,103.0,103.0,103.0,103.0,103.0,103.0,103.0,103.0,103.0,167.0,103.0,103.0,103.0,103.0
hDenV4/Colombia/SAN-UIS-0000042/2016,3080.0,3058.0,3058.0,3058.0,3058.0,3058.0,3058.0,3079.0,3058.0,3127.0,3111.0,3193.0,3080.0,3044.0,3046.0,3046.0,3046.0,3084.0,3046.0,3084.0,3084.0,3050.0,3050.0,3050.0,3050.0,3070.0,3070.0,3084.0,3058.0,3084.0,3050.0,3058.0,3050.0,3084.0,3104.0,3070.0,3050.0,3055.0,3050.0,3050.0,3050.0,3050.0,3050.0,3084.0,3050.0,3050.0,3036.0,3084.0,3058.0,3058.0,3058.0,3058.0,3094.0,3094.0,3094.0,3142.0,3050.0,3058.0,3116.0,3050.0,3058.0,3050.0,3050.0,3050.0,3058.0,3058.0,3084.0,3050.0,3058.0,3084.0,3084.0,3050.0,3050.0,3084.0,3050.0,3050.0,3058.0,3058.0,3058.0,3058.0,3063.0,3058.0,3058.0,3058.0,3058.0,3063.0,3058.0,3036.0,3084.0,3058.0,3058.0,3058.0,3058.0,3058.0,3050.0,3058.0,3050.0,3050.0,3050.0,3058.0,3050.0,3058.0,3058.0,3050.0,3058.0,3058.0,3058.0,3050.0,3050.0,3058.0,3050.0,3044.0,3058.0,3058.0,3046.0,3058.0,3058.0,3058.0,3058.0,3058.0,3058.0,3050.0,3058.0,3084.0,3058.0,3058.0,3058.0,3058.0,2994.0,3058.0,3058.0,3058.0,3044.0,3058.0,3058.0,3058.0,3058.0,3116.0,3058.0,3058.0,3058.0,3058.0,3116.0,3044.0,3058.0,3050.0,3058.0,3044.0,3058.0,3058.0,3058.0,3058.0,3050.0,3058.0,3058.0,3058.0,3058.0,3050.0,3058.0,3058.0,3058.0,3058.0,3058.0,3058.0,3043.0,3058.0,3058.0,3058.0,3095.0,3058.0,3058.0,3058.0,3058.0,3058.0,3058.0,3058.0,3058.0,3058.0,3037.0,3058.0,3058.0,3058.0,3031.0,3058.0,3058.0,3165.0,3058.0,3058.0,3045.0,3058.0,3098.0,3058.0,3058.0,3058.0,3058.0,3058.0,3058.0,3039.0,3058.0,3058.0,3058.0,3058.0,3046.0,3116.0,3058.0,3058.0,3058.0,3058.0,3058.0,3058.0,3058.0,3058.0,3058.0,3058.0,3165.0,3058.0,3058.0,3058.0,3058.0,3058.0,3050.0,3058.0,3127.0,3058.0,3058.0,3058.0,3058.0,3058.0,3058.0,3058.0,3050.0,3058.0,3050.0,3050.0,3058.0,3050.0,3058.0,3058.0,3058.0,3058.0,3116.0,3058.0,3058.0,3050.0,3050.0,3050.0,3058.0,3058.0,3050.0,3058.0,3116.0,3058.0,3058.0,3050.0,3058.0,3058.0,3058.0,3058.0,3058.0,3058.0,3058.0,3058.0,3058.0,3058.0,3058.0,3122.0,3058.0,3058.0,3058.0,3058.0,3058.0,3058.0,3058.0,3058.0,3079.0,3058.0,3058.0,3058.0,3058.0,3058.0,3058.0,3058.0,3058.0,3044.0,3134.0,3050.0,3058.0,3058.0,3058.0,3058.0,3058.0,3058.0,3058.0,3068.0,3058.0,3058.0,3058.0,3058.0,3058.0,3044.0,3058.0,3058.0,3058.0,3058.0,3079.0,3058.0,3058.0,3058.0,3058.0,3044.0,3058.0,3058.0,3058.0,3044.0,3058.0,3058.0,3058.0,3058.0,3058.0,3058.0,3058.0,3058.0,3058.0,3058.0,3058.0,3058.0,3058.0,3058.0,3058.0,3058.0,3058.0,3058.0,3146.0,3058.0,3058.0,3058.0,3058.0,3058.0,3116.0,3058.0,3022.0,3058.0,3058.0,3079.0,3058.0,3058.0,3006.0,3040.0,3058.0,3058.0,3058.0,3046.0,3058.0,3058.0,3058.0,3043.0,3116.0,3058.0,3045.0,3058.0,3058.0,3058.0,3058.0,3058.0,3058.0,3058.0,3058.0,3058.0,3116.0,3058.0,3058.0,3058.0,3058.0,3058.0,3058.0,3058.0,3116.0,3058.0,2969.0,3058.0,3058.0,3058.0,3058.0,3058.0,3058.0,3082.0,3058.0,3058.0,3058.0,3046.0,3058.0,3058.0,3058.0,3058.0,3058.0,3058.0,3058.0,3058.0,3058.0,3058.0,3058.0,3058.0,3058.0,3116.0,3058.0,3058.0,3058.0,3058.0,3058.0,3058.0,3058.0,3116.0,3085.0,3058.0,3116.0,3058.0,3058.0,3058.0,3058.0,3058.0,3058.0,3058.0,3058.0,3058.0,3121.0,3058.0,3058.0,3121.0,3046.0,3130.0,3058.0,3046.0,3058.0,3040.0,3058.0,3116.0,3058.0,3058.0,3058.0,3096.0,3058.0,3058.0,3058.0,3022.0,3058.0,3180.0,3058.0,3058.0,3058.0,3121.0,3046.0,3058.0,3058.0,3090.0,3058.0,3116.0,3058.0,3058.0,3046.0,3050.0,3058.0,3058.0,3058.0,3058.0,3058.0,3058.0,3058.0,3058.0,3058.0,2994.0,3058.0,3058.0,3044.0,3058.0,3116.0,3058.0,3058.0,3058.0,3058.0,3058.0,3058.0,3058.0,3058.0,3040.0,3058.0,3116.0,3058.0,3116.0,3058.0,3058.0,3085.0,3058.0,3058.0,3046.0,3058.0,3058.0,3058.0,3058.0,3116.0,3058.0,3058.0,3058.0,3058.0,3046.0,3116.0,3058.0,3116.0,3058.0,3058.0,3116.0,3058.0,3058.0,3058.0,3044.0,3058.0,3058.0,3058.0,3058.0,3058.0,3058.0,3090.0,3046.0,3058.0,3058.0,2994.0,2994.0,2994.0,3116.0,3078.0,3058.0,3058.0,3058.0,3139.0,3058.0,3058.0,2994.0,3090.0,3058.0,3068.0,3058.0,2994.0,3116.0,3046.0,3058.0,3058.0,3058.0,2994.0,3058.0,3058.0,3058.0,3046.0,3088.0,2994.0,3058.0,3058.0,2994.0,2994.0,2994.0,3058.0,3090.0,3058.0,3058.0,3058.0,2994.0,3058.0,2994.0,3058.0,3058.0,3058.0,2994.0,3058.0,3116.0,3058.0,3046.0,3058.0,2994.0,3058.0,2994.0,3058.0,3131.0,2994.0,3116.0,3058.0,3058.0,3058.0,3058.0,3058.0,3116.0,3116.0,3058.0,3058.0,3058.0,3058.0,3058.0,2994.0,3052.0,2994.0,3058.0,3058.0,3058.0,2994.0,2994.0,3058.0,3058.0,3058.0,3096.0,3116.0,3058.0,3058.0,3058.0,3090.0,3058.0,3058.0,3058.0,3058.0,3058.0,3058.0,3058.0,3058.0,3058.0,3058.0,3058.0,3058.0,3090.0,3090.0,3058.0,3058.0,3080.0,3058.0,3058.0,3058.0,3058.0,3058.0,3058.0,3058.0,3058.0,3058.0,3058.0,3058.0,3139.0,3058.0,3058.0,3067.0,2959.0,3058.0,3058.0,3058.0,3058.0,3058.0,3058.0,3079.0,3058.0,3058.0,3058.0,3058.0,3096.0,3058.0,3058.0,3087.0,3058.0,3058.0,3058.0,3058.0,3058.0,3058.0,2994.0,3117.0,3058.0,3058.0,3046.0,3058.0,3058.0,3139.0,3139.0,3058.0,3116.0,2994.0,2994.0,2994.0,3058.0,3058.0,3135.0,3018.0,2429.0,2502.0,2502.0,2534.0,2470.0,2449.0,2497.0,2420.0,2502.0,2502.0,2502.0,2502.0,2502.0,2548.0,2502.0,2502.0,2502.0,2548.0,2473.0,2502.0,2502.0,2502.0,2473.0,2502.0,2473.0,2540.0,2502.0,2531.0,2502.0,2473.0,2473.0,2502.0,2502.0,2502.0,2502.0,2502.0,2502.0,2502.0,2502.0,2502.0,2473.0,2473.0,2502.0,2502.0,2502.0,2502.0,2473.0,2502.0,2502.0,2502.0,2502.0,2473.0,2502.0,2502.0,2502.0,2502.0,2502.0,2502.0,2502.0,2473.0,2502.0,2502.0,2513.0,2502.0,2502.0,2502.0,2444.0,2473.0,2502.0,2502.0,2473.0,2502.0,2502.0,2502.0,2502.0,2502.0,2502.0,2473.0,2473.0,2502.0,2566.0,2502.0,2502.0,2473.0,2502.0,2502.0,2502.0,2502.0,2502.0,2502.0,2502.0,2473.0,2502.0,2502.0,2473.0,2502.0,2502.0,2502.0,2502.0,2502.0,2473.0,2473.0,2502.0,2502.0,2502.0,2502.0,2502.0,2502.0,2473.0,2502.0,2502.0,2502.0,2502.0,2502.0,2502.0,2502.0,2502.0,2473.0,2502.0,2502.0,2502.0,2502.0,2502.0,2502.0,2502.0,2502.0,2502.0,2596.0,2502.0,2473.0,2502.0,2502.0,2502.0,2502.0,2502.0,2502.0,2502.0,2502.0,2502.0,2502.0,2502.0,2502.0,2502.0,2502.0,2502.0,2502.0,2502.0,2502.0,2502.0,2502.0,2502.0,2502.0,2502.0,2502.0,2504.0,2502.0,2502.0,2502.0,2502.0,2502.0,2502.0,2502.0,2502.0,2502.0,2502.0,2502.0,2502.0,2502.0,2502.0,2502.0,2502.0,2502.0,2502.0,2502.0,2502.0,2502.0,2502.0,2502.0,2502.0,2502.0,2502.0,2502.0,2502.0,2502.0,2502.0,2502.0,2502.0,2502.0,2502.0,2502.0,2502.0,2502.0,2502.0,2502.0,2502.0,2502.0,2502.0,2502.0,2502.0,2502.0,2502.0,2502.0,2502.0,2502.0,2548.0,2502.0,2502.0,2502.0,2502.0,2502.0,2502.0,2502.0,2502.0,2502.0,2502.0,2502.0,2502.0,2502.0,2502.0,2502.0,2502.0,2502.0,2502.0,2502.0,2502.0,2502.0,2502.0,2502.0,2502.0,2502.0,2502.0,2502.0,2502.0,2502.0,2502.0,2502.0,2502.0,2502.0,2502.0,2502.0,2502.0,2502.0,2502.0,2502.0,2502.0,2502.0,2548.0,2502.0,2502.0,2502.0,2502.0,2502.0,2502.0,2502.0,2502.0,2502.0,2502.0,2502.0,2502.0,2502.0,2502.0,2502.0,2502.0,2502.0,2502.0,2502.0,2502.0,2502.0,2502.0,2502.0,2502.0,2502.0,2571.0,2502.0,2502.0,2502.0,2502.0,2502.0,2502.0,2502.0,2502.0,2502.0,2502.0,2502.0,2547.0,2502.0,2502.0,2476.0,2502.0,2502.0,2502.0,2502.0,2502.0,2502.0,2502.0,2502.0,2522.0,2502.0,2555.0,2502.0,2502.0,2502.0,2502.0,2502.0,2502.0,2502.0,2502.0,2502.0,2502.0,2502.0,2502.0,2548.0,2502.0,2502.0,2502.0,2548.0,2502.0,2502.0,2502.0,2502.0,2502.0,2548.0,2502.0,2502.0,2502.0,2502.0,2502.0,2502.0,2502.0,2502.0,2502.0,2502.0,2502.0,2502.0,2502.0,2502.0,2502.0,2502.0,2502.0,2502.0,2502.0,2502.0,2502.0,2502.0,2502.0,2502.0,2502.0,2502.0,2531.0,2502.0,2502.0,2502.0,2502.0,2502.0,2540.0,2502.0,2502.0,2502.0,2540.0,2502.0,2502.0,2502.0,2502.0,2502.0,2502.0,2531.0,2531.0,2502.0,2502.0,2502.0,2502.0,2502.0,2502.0,2531.0,2502.0,2404.0,2502.0,2502.0,2502.0,2502.0,2502.0,2502.0,2516.0,2502.0,2502.0,2502.0,2502.0,2502.0,2438.0,2502.0,2502.0,2502.0,2502.0,2502.0,2502.0,2502.0,2502.0,2502.0,2502.0,2502.0,2502.0,2502.0,2502.0,2502.0,2502.0,2502.0,2502.0,2502.0,2476.0,2502.0,2502.0,2502.0,2502.0,2531.0,2502.0,2502.0,2502.0,2502.0,2502.0,2502.0,2502.0,2502.0,2502.0,2502.0,2502.0,2502.0,2502.0,2502.0,2502.0,2502.0,2502.0,2502.0,2502.0,2502.0,2502.0,2502.0,2531.0,2502.0,2502.0,2502.0,2502.0,2502.0,2502.0,2502.0,8245.0,8251.0,8245.0,8234.0,8245.0,8245.0,8219.0,8263.0,8245.0,8245.0,8306.0,8286.0,8245.0,8328.0,8480.0,8264.0,8245.0,8245.0,8245.0,8245.0,8245.0,8245.0,8245.0,8245.0,8245.0,8245.0,8245.0,8245.0,8245.0,8245.0,8245.0,8245.0,8245.0,8245.0,8245.0,8245.0,8240.0,8245.0,8245.0,8245.0,8245.0,8245.0,8245.0,8245.0,8245.0,8245.0,8245.0,8245.0,8245.0,8245.0,8245.0,8245.0,8245.0,8245.0,8286.0,8245.0,8245.0,8245.0,8245.0,8245.0,8245.0,8245.0,8245.0,8245.0,8245.0,8245.0,8245.0,8245.0,8286.0,8245.0,8245.0,8245.0,8245.0,8245.0,8245.0,8245.0,8245.0,8245.0,8245.0,8245.0,8245.0,8245.0,8245.0,8245.0,8245.0,8245.0,8245.0,8245.0,8245.0,8245.0,8245.0,8245.0,8274.0,8242.0,8245.0,8334.0,8245.0,8245.0,8245.0,8245.0,8245.0,8245.0,8245.0,8334.0,8245.0,8245.0,8245.0,8245.0,8245.0,8263.0,8263.0,8334.0,8245.0,8245.0,8245.0,8226.0,8245.0,8265.0,8245.0,8245.0,8245.0,8245.0,8245.0,8245.0,8251.0,8245.0,8245.0,8245.0,8245.0,8245.0,8156.0,8245.0,8245.0,8245.0,8245.0,8245.0,8245.0,8245.0,8245.0,8245.0,8245.0,8245.0,8245.0,8245.0,8245.0,8245.0,8245.0,8245.0,8245.0,8245.0,8245.0,8334.0,8257.0,8245.0,8245.0,8245.0,8245.0,8245.0,8245.0,8245.0,8245.0,8245.0,8245.0,8274.0,8263.0,8263.0,8245.0,8251.0,8245.0,8251.0,8245.0,8245.0,8245.0,8394.0,8334.0,8245.0,8245.0,8245.0,8244.0,8245.0,8245.0,8245.0,8334.0,8245.0,8245.0,8245.0,8245.0,8245.0,8245.0,8245.0,8245.0,8245.0,8245.0,8245.0,8245.0,8245.0,8245.0,8245.0,8245.0,8200.0,8245.0,8245.0,8245.0,8245.0,8200.0,8245.0,8245.0,8245.0,8245.0,8158.0,8245.0,8245.0,8245.0,8245.0,8245.0,8245.0,8156.0,8245.0,8245.0,8263.0,8263.0,8334.0,8245.0,8245.0,8473.0,8245.0,8263.0,8245.0,8334.0,8245.0,8245.0,8245.0,8245.0,8263.0,8245.0,8245.0,8245.0,8245.0,8245.0,8245.0,8245.0,8245.0,8245.0,8245.0,8245.0,8245.0,8245.0,8245.0,8245.0,8334.0,8245.0,8264.0,8245.0,8263.0,8245.0,8245.0,8245.0,8263.0,8334.0,8245.0,8245.0,8334.0,8245.0,8245.0,8245.0,8245.0,8245.0,8245.0,8245.0,8245.0,8245.0,8245.0,8245.0,8245.0,8245.0,8245.0,8245.0,8245.0,8245.0,8245.0,8245.0,8245.0,8245.0,8334.0,8245.0,8245.0,8263.0,8245.0,8245.0,8245.0,8334.0,8245.0,8334.0,8245.0,8334.0,8263.0,8245.0,8245.0,8245.0,8245.0,8245.0,8245.0,8263.0,8245.0,8263.0,8245.0,8245.0,8245.0,8334.0,8245.0,8245.0,8245.0,8245.0,8245.0,8245.0,8245.0,8245.0,8245.0,8245.0,8245.0,8245.0,8245.0,8245.0,8245.0,8245.0,8245.0,8245.0,8245.0,8334.0,8245.0,8334.0,8334.0,8245.0,8245.0,8245.0,8245.0,8245.0,8245.0,8264.0,8245.0,8245.0,8245.0,8245.0,8245.0,8245.0,8245.0,8245.0,8245.0,8245.0,8245.0,8245.0,8245.0,8245.0,8245.0,8334.0,8245.0,8274.0,8245.0,8245.0,8245.0,8334.0,8245.0,8245.0,8334.0,8245.0,8245.0,8245.0,8245.0,8245.0,8245.0,8245.0,8245.0,8334.0,8245.0,8245.0,8245.0,8334.0,8245.0,8245.0,8245.0,8245.0,8245.0,8245.0,8245.0,8245.0,8245.0,8245.0,8245.0,8334.0,8245.0,8334.0,8216.0,8245.0,8245.0,8245.0,8264.0,8245.0,8245.0,8334.0,8245.0,8334.0,8245.0,8245.0,8334.0,8334.0,8334.0,8245.0,8245.0,8264.0,8305.0,8245.0,8245.0,8334.0,8334.0,8264.0,8264.0,8334.0,8245.0,8334.0,8334.0,8334.0,8334.0,8346.0,8245.0,8334.0,8334.0,8264.0,8334.0,8334.0,8245.0,8334.0,8245.0,8334.0,8334.0,8334.0,8264.0,8334.0,8264.0,8334.0,8334.0,8264.0,8264.0,8264.0,8264.0,8264.0,8334.0,8334.0,8221.0,8264.0,8270.0,8264.0,8264.0,8264.0,8264.0,8245.0,8264.0,8264.0,8264.0,8264.0,8264.0,8264.0,8193.0,8264.0,8348.0,8264.0,8348.0,8264.0,8264.0,8346.0,8264.0,8245.0,8245.0,128.0,173.0,489.0,250.0,99.0,231.0,231.0,231.0,231.0,231.0,231.0,231.0,231.0,231.0,231.0,231.0,231.0,231.0,231.0,231.0,231.0,231.0,231.0,231.0,231.0,231.0,231.0,231.0,231.0,231.0,231.0,231.0,231.0,231.0,231.0,231.0,231.0,231.0,231.0,231.0,231.0,260.0,231.0,231.0,231.0,320.0,231.0,231.0,320.0,231.0,231.0,260.0,231.0,231.0,260.0,287.0,257.0,303.0,257.0,250.0,257.0,257.0,250.0,231.0,277.0,250.0,250.0,231.0,231.0,250.0,231.0,231.0,231.0,231.0,231.0,231.0,231.0,231.0,231.0,231.0,231.0,257.0,250.0,231.0,231.0,231.0,231.0,231.0,231.0,231.0,231.0,231.0,231.0,231.0,231.0,277.0,231.0,231.0,231.0,231.0,231.0,231.0,231.0,231.0,231.0,231.0,231.0,231.0,231.0,231.0,231.0,231.0,231.0,231.0,231.0,231.0,231.0,231.0,231.0,231.0,231.0,231.0,231.0,231.0,231.0,231.0,231.0,231.0,231.0,231.0,231.0,231.0,231.0,231.0,231.0,231.0,208.0,231.0,231.0,231.0,231.0,250.0,231.0,231.0,231.0,231.0,231.0,231.0,252.0,231.0,250.0,231.0,231.0,231.0,231.0,231.0,231.0,231.0,231.0,231.0,231.0,231.0,250.0,231.0,231.0,231.0,231.0,231.0,250.0,231.0,231.0,250.0,250.0,231.0,231.0,231.0,250.0,231.0,231.0,231.0,231.0,231.0,231.0,231.0,231.0,231.0,231.0,231.0,231.0,231.0,231.0,277.0,231.0,231.0,231.0,231.0,231.0,231.0,231.0,231.0,277.0,231.0,231.0,321.0,231.0,231.0,231.0,231.0,287.0,231.0,231.0,231.0,231.0,231.0,231.0,231.0,231.0,231.0,231.0,173.0,231.0,231.0,231.0,231.0,250.0,231.0,231.0,279.0,231.0,231.0,231.0,231.0,231.0,231.0,231.0,231.0,231.0,231.0,231.0,231.0,231.0,231.0,231.0,231.0,231.0,254.0,231.0,231.0,231.0,287.0,231.0,231.0,231.0,231.0,231.0,231.0,231.0,231.0,231.0,231.0,231.0,250.0,231.0,231.0,231.0,231.0,231.0,231.0,231.0,231.0,231.0,241.0,231.0,231.0,231.0,287.0,231.0,231.0,231.0,231.0,231.0,231.0,231.0,231.0,231.0,231.0,231.0,295.0,231.0,231.0,231.0,287.0,231.0,231.0,231.0,209.0,231.0,287.0,231.0,231.0,231.0,231.0,231.0,231.0,231.0,231.0,231.0,231.0,231.0,231.0,231.0,231.0,260.0,231.0,231.0,231.0,287.0,231.0,231.0,231.0,231.0,231.0,231.0,231.0,231.0,231.0,231.0,277.0,231.0,287.0,231.0,231.0,231.0,231.0,231.0,231.0,287.0,231.0,231.0,231.0,231.0,287.0,231.0,257.0,295.0,250.0,231.0,250.0,250.0,250.0,250.0,250.0,250.0,250.0,250.0,250.0,250.0,250.0,250.0,250.0,231.0,250.0,296.0,221.0,250.0,231.0,250.0,250.0,250.0,250.0,250.0,250.0,250.0,250.0,250.0,250.0,250.0,250.0,314.0,250.0,250.0,250.0,250.0
hDenV4/Colombia/SAN-UR-F14100091/2014,3080.0,3058.0,3058.0,3058.0,3058.0,3058.0,3058.0,3079.0,3058.0,3127.0,3111.0,3193.0,3080.0,3044.0,3046.0,3046.0,3046.0,3084.0,3046.0,3084.0,3084.0,3050.0,3050.0,3050.0,3050.0,3070.0,3070.0,3084.0,3058.0,3084.0,3050.0,3058.0,3050.0,3084.0,3104.0,3070.0,3050.0,3055.0,3050.0,3050.0,3050.0,3050.0,3050.0,3084.0,3050.0,3050.0,3036.0,3084.0,3058.0,3058.0,3058.0,3058.0,3094.0,3094.0,3094.0,3142.0,3050.0,3058.0,3116.0,3050.0,3058.0,3050.0,3050.0,3050.0,3058.0,3058.0,3084.0,3050.0,3058.0,3084.0,3084.0,3050.0,3050.0,3084.0,3050.0,3050.0,3058.0,3058.0,3058.0,3058.0,3063.0,3058.0,3058.0,3058.0,3058.0,3063.0,3058.0,3036.0,3084.0,3058.0,3058.0,3058.0,3058.0,3058.0,3050.0,3058.0,3050.0,3050.0,3050.0,3058.0,3050.0,3058.0,3058.0,3050.0,3058.0,3058.0,3058.0,3050.0,3050.0,3058.0,3050.0,3044.0,3058.0,3058.0,3046.0,3058.0,3058.0,3058.0,3058.0,3058.0,3058.0,3050.0,3058.0,3084.0,3058.0,3058.0,3058.0,3058.0,2994.0,3058.0,3058.0,3058.0,3044.0,3058.0,3058.0,3058.0,3058.0,3116.0,3058.0,3058.0,3058.0,3058.0,3116.0,3044.0,3058.0,3050.0,3058.0,3044.0,3058.0,3058.0,3058.0,3058.0,3050.0,3058.0,3058.0,3058.0,3058.0,3050.0,3058.0,3058.0,3058.0,3058.0,3058.0,3058.0,3043.0,3058.0,3058.0,3058.0,3095.0,3058.0,3058.0,3058.0,3058.0,3058.0,3058.0,3058.0,3058.0,3058.0,3037.0,3058.0,3058.0,3058.0,3031.0,3058.0,3058.0,3165.0,3058.0,3058.0,3045.0,3058.0,3098.0,3058.0,3058.0,3058.0,3058.0,3058.0,3058.0,3039.0,3058.0,3058.0,3058.0,3058.0,3046.0,3116.0,3058.0,3058.0,3058.0,3058.0,3058.0,3058.0,3058.0,3058.0,3058.0,3058.0,3165.0,3058.0,3058.0,3058.0,3058.0,3058.0,3050.0,3058.0,3127.0,3058.0,3058.0,3058.0,3058.0,3058.0,3058.0,3058.0,3050.0,3058.0,3050.0,3050.0,3058.0,3050.0,3058.0,3058.0,3058.0,3058.0,3116.0,3058.0,3058.0,3050.0,3050.0,3050.0,3058.0,3058.0,3050.0,3058.0,3116.0,3058.0,3058.0,3050.0,3058.0,3058.0,3058.0,3058.0,3058.0,3058.0,3058.0,3058.0,3058.0,3058.0,3058.0,3122.0,3058.0,3058.0,3058.0,3058.0,3058.0,3058.0,3058.0,3058.0,3079.0,3058.0,3058.0,3058.0,3058.0,3058.0,3058.0,3058.0,3058.0,3044.0,3134.0,3050.0,3058.0,3058.0,3058.0,3058.0,3058.0,3058.0,3058.0,3068.0,3058.0,3058.0,3058.0,3058.0,3058.0,3044.0,3058.0,3058.0,3058.0,3058.0,3079.0,3058.0,3058.0,3058.0,3058.0,3044.0,3058.0,3058.0,3058.0,3044.0,3058.0,3058.0,3058.0,3058.0,3058.0,3058.0,3058.0,3058.0,3058.0,3058.0,3058.0,3058.0,3058.0,3058.0,3058.0,3058.0,3058.0,3058.0,3146.0,3058.0,3058.0,3058.0,3058.0,3058.0,3116.0,3058.0,3022.0,3058.0,3058.0,3079.0,3058.0,3058.0,3006.0,3040.0,3058.0,3058.0,3058.0,3046.0,3058.0,3058.0,3058.0,3043.0,3116.0,3058.0,3045.0,3058.0,3058.0,3058.0,3058.0,3058.0,3058.0,3058.0,3058.0,3058.0,3116.0,3058.0,3058.0,3058.0,3058.0,3058.0,3058.0,3058.0,3116.0,3058.0,2969.0,3058.0,3058.0,3058.0,3058.0,3058.0,3058.0,3082.0,3058.0,3058.0,3058.0,3046.0,3058.0,3058.0,3058.0,3058.0,3058.0,3058.0,3058.0,3058.0,3058.0,3058.0,3058.0,3058.0,3058.0,3116.0,3058.0,3058.0,3058.0,3058.0,3058.0,3058.0,3058.0,3116.0,3085.0,3058.0,3116.0,3058.0,3058.0,3058.0,3058.0,3058.0,3058.0,3058.0,3058.0,3058.0,3121.0,3058.0,3058.0,3121.0,3046.0,3130.0,3058.0,3046.0,3058.0,3040.0,3058.0,3116.0,3058.0,3058.0,3058.0,3096.0,3058.0,3058.0,3058.0,3022.0,3058.0,3180.0,3058.0,3058.0,3058.0,3121.0,3046.0,3058.0,3058.0,3090.0,3058.0,3116.0,3058.0,3058.0,3046.0,3050.0,3058.0,3058.0,3058.0,3058.0,3058.0,3058.0,3058.0,3058.0,3058.0,2994.0,3058.0,3058.0,3044.0,3058.0,3116.0,3058.0,3058.0,3058.0,3058.0,3058.0,3058.0,3058.0,3058.0,3040.0,3058.0,3116.0,3058.0,3116.0,3058.0,3058.0,3085.0,3058.0,3058.0,3046.0,3058.0,3058.0,3058.0,3058.0,3116.0,3058.0,3058.0,3058.0,3058.0,3046.0,3116.0,3058.0,3116.0,3058.0,3058.0,3116.0,3058.0,3058.0,3058.0,3044.0,3058.0,3058.0,3058.0,3058.0,3058.0,3058.0,3090.0,3046.0,3058.0,3058.0,2994.0,2994.0,2994.0,3116.0,3078.0,3058.0,3058.0,3058.0,3139.0,3058.0,3058.0,2994.0,3090.0,3058.0,3068.0,3058.0,2994.0,3116.0,3046.0,3058.0,3058.0,3058.0,2994.0,3058.0,3058.0,3058.0,3046.0,3088.0,2994.0,3058.0,3058.0,2994.0,2994.0,2994.0,3058.0,3090.0,3058.0,3058.0,3058.0,2994.0,3058.0,2994.0,3058.0,3058.0,3058.0,2994.0,3058.0,3116.0,3058.0,3046.0,3058.0,2994.0,3058.0,2994.0,3058.0,3131.0,2994.0,3116.0,3058.0,3058.0,3058.0,3058.0,3058.0,3116.0,3116.0,3058.0,3058.0,3058.0,3058.0,3058.0,2994.0,3052.0,2994.0,3058.0,3058.0,3058.0,2994.0,2994.0,3058.0,3058.0,3058.0,3096.0,3116.0,3058.0,3058.0,3058.0,3090.0,3058.0,3058.0,3058.0,3058.0,3058.0,3058.0,3058.0,3058.0,3058.0,3058.0,3058.0,3058.0,3090.0,3090.0,3058.0,3058.0,3080.0,3058.0,3058.0,3058.0,3058.0,3058.0,3058.0,3058.0,3058.0,3058.0,3058.0,3058.0,3139.0,3058.0,3058.0,3067.0,2959.0,3058.0,3058.0,3058.0,3058.0,3058.0,3058.0,3079.0,3058.0,3058.0,3058.0,3058.0,3096.0,3058.0,3058.0,3087.0,3058.0,3058.0,3058.0,3058.0,3058.0,3058.0,2994.0,3117.0,3058.0,3058.0,3046.0,3058.0,3058.0,3139.0,3139.0,3058.0,3116.0,2994.0,2994.0,2994.0,3058.0,3058.0,3135.0,3018.0,2429.0,2502.0,2502.0,2534.0,2470.0,2449.0,2497.0,2420.0,2502.0,2502.0,2502.0,2502.0,2502.0,2548.0,2502.0,2502.0,2502.0,2548.0,2473.0,2502.0,2502.0,2502.0,2473.0,2502.0,2473.0,2540.0,2502.0,2531.0,2502.0,2473.0,2473.0,2502.0,2502.0,2502.0,2502.0,2502.0,2502.0,2502.0,2502.0,2502.0,2473.0,2473.0,2502.0,2502.0,2502.0,2502.0,2473.0,2502.0,2502.0,2502.0,2502.0,2473.0,2502.0,2502.0,2502.0,2502.0,2502.0,2502.0,2502.0,2473.0,2502.0,2502.0,2513.0,2502.0,2502.0,2502.0,2444.0,2473.0,2502.0,2502.0,2473.0,2502.0,2502.0,2502.0,2502.0,2502.0,2502.0,2473.0,2473.0,2502.0,2566.0,2502.0,2502.0,2473.0,2502.0,2502.0,2502.0,2502.0,2502.0,2502.0,2502.0,2473.0,2502.0,2502.0,2473.0,2502.0,2502.0,2502.0,2502.0,2502.0,2473.0,2473.0,2502.0,2502.0,2502.0,2502.0,2502.0,2502.0,2473.0,2502.0,2502.0,2502.0,2502.0,2502.0,2502.0,2502.0,2502.0,2473.0,2502.0,2502.0,2502.0,2502.0,2502.0,2502.0,2502.0,2502.0,2502.0,2596.0,2502.0,2473.0,2502.0,2502.0,2502.0,2502.0,2502.0,2502.0,2502.0,2502.0,2502.0,2502.0,2502.0,2502.0,2502.0,2502.0,2502.0,2502.0,2502.0,2502.0,2502.0,2502.0,2502.0,2502.0,2502.0,2502.0,2504.0,2502.0,2502.0,2502.0,2502.0,2502.0,2502.0,2502.0,2502.0,2502.0,2502.0,2502.0,2502.0,2502.0,2502.0,2502.0,2502.0,2502.0,2502.0,2502.0,2502.0,2502.0,2502.0,2502.0,2502.0,2502.0,2502.0,2502.0,2502.0,2502.0,2502.0,2502.0,2502.0,2502.0,2502.0,2502.0,2502.0,2502.0,2502.0,2502.0,2502.0,2502.0,2502.0,2502.0,2502.0,2502.0,2502.0,2502.0,2502.0,2502.0,2548.0,2502.0,2502.0,2502.0,2502.0,2502.0,2502.0,2502.0,2502.0,2502.0,2502.0,2502.0,2502.0,2502.0,2502.0,2502.0,2502.0,2502.0,2502.0,2502.0,2502.0,2502.0,2502.0,2502.0,2502.0,2502.0,2502.0,2502.0,2502.0,2502.0,2502.0,2502.0,2502.0,2502.0,2502.0,2502.0,2502.0,2502.0,2502.0,2502.0,2502.0,2502.0,2548.0,2502.0,2502.0,2502.0,2502.0,2502.0,2502.0,2502.0,2502.0,2502.0,2502.0,2502.0,2502.0,2502.0,2502.0,2502.0,2502.0,2502.0,2502.0,2502.0,2502.0,2502.0,2502.0,2502.0,2502.0,2502.0,2571.0,2502.0,2502.0,2502.0,2502.0,2502.0,2502.0,2502.0,2502.0,2502.0,2502.0,2502.0,2547.0,2502.0,2502.0,2476.0,2502.0,2502.0,2502.0,2502.0,2502.0,2502.0,2502.0,2502.0,2522.0,2502.0,2555.0,2502.0,2502.0,2502.0,2502.0,2502.0,2502.0,2502.0,2502.0,2502.0,2502.0,2502.0,2502.0,2548.0,2502.0,2502.0,2502.0,2548.0,2502.0,2502.0,2502.0,2502.0,2502.0,2548.0,2502.0,2502.0,2502.0,2502.0,2502.0,2502.0,2502.0,2502.0,2502.0,2502.0,2502.0,2502.0,2502.0,2502.0,2502.0,2502.0,2502.0,2502.0,2502.0,2502.0,2502.0,2502.0,2502.0,2502.0,2502.0,2502.0,2531.0,2502.0,2502.0,2502.0,2502.0,2502.0,2540.0,2502.0,2502.0,2502.0,2540.0,2502.0,2502.0,2502.0,2502.0,2502.0,2502.0,2531.0,2531.0,2502.0,2502.0,2502.0,2502.0,2502.0,2502.0,2531.0,2502.0,2404.0,2502.0,2502.0,2502.0,2502.0,2502.0,2502.0,2516.0,2502.0,2502.0,2502.0,2502.0,2502.0,2438.0,2502.0,2502.0,2502.0,2502.0,2502.0,2502.0,2502.0,2502.0,2502.0,2502.0,2502.0,2502.0,2502.0,2502.0,2502.0,2502.0,2502.0,2502.0,2502.0,2476.0,2502.0,2502.0,2502.0,2502.0,2531.0,2502.0,2502.0,2502.0,2502.0,2502.0,2502.0,2502.0,2502.0,2502.0,2502.0,2502.0,2502.0,2502.0,2502.0,2502.0,2502.0,2502.0,2502.0,2502.0,2502.0,2502.0,2502.0,2531.0,2502.0,2502.0,2502.0,2502.0,2502.0,2502.0,2502.0,8245.0,8251.0,8245.0,8234.0,8245.0,8245.0,8219.0,8263.0,8245.0,8245.0,8306.0,8286.0,8245.0,8328.0,8480.0,8264.0,8245.0,8245.0,8245.0,8245.0,8245.0,8245.0,8245.0,8245.0,8245.0,8245.0,8245.0,8245.0,8245.0,8245.0,8245.0,8245.0,8245.0,8245.0,8245.0,8245.0,8240.0,8245.0,8245.0,8245.0,8245.0,8245.0,8245.0,8245.0,8245.0,8245.0,8245.0,8245.0,8245.0,8245.0,8245.0,8245.0,8245.0,8245.0,8286.0,8245.0,8245.0,8245.0,8245.0,8245.0,8245.0,8245.0,8245.0,8245.0,8245.0,8245.0,8245.0,8245.0,8286.0,8245.0,8245.0,8245.0,8245.0,8245.0,8245.0,8245.0,8245.0,8245.0,8245.0,8245.0,8245.0,8245.0,8245.0,8245.0,8245.0,8245.0,8245.0,8245.0,8245.0,8245.0,8245.0,8245.0,8274.0,8242.0,8245.0,8334.0,8245.0,8245.0,8245.0,8245.0,8245.0,8245.0,8245.0,8334.0,8245.0,8245.0,8245.0,8245.0,8245.0,8263.0,8263.0,8334.0,8245.0,8245.0,8245.0,8226.0,8245.0,8265.0,8245.0,8245.0,8245.0,8245.0,8245.0,8245.0,8251.0,8245.0,8245.0,8245.0,8245.0,8245.0,8156.0,8245.0,8245.0,8245.0,8245.0,8245.0,8245.0,8245.0,8245.0,8245.0,8245.0,8245.0,8245.0,8245.0,8245.0,8245.0,8245.0,8245.0,8245.0,8245.0,8245.0,8334.0,8257.0,8245.0,8245.0,8245.0,8245.0,8245.0,8245.0,8245.0,8245.0,8245.0,8245.0,8274.0,8263.0,8263.0,8245.0,8251.0,8245.0,8251.0,8245.0,8245.0,8245.0,8394.0,8334.0,8245.0,8245.0,8245.0,8244.0,8245.0,8245.0,8245.0,8334.0,8245.0,8245.0,8245.0,8245.0,8245.0,8245.0,8245.0,8245.0,8245.0,8245.0,8245.0,8245.0,8245.0,8245.0,8245.0,8245.0,8200.0,8245.0,8245.0,8245.0,8245.0,8200.0,8245.0,8245.0,8245.0,8245.0,8158.0,8245.0,8245.0,8245.0,8245.0,8245.0,8245.0,8156.0,8245.0,8245.0,8263.0,8263.0,8334.0,8245.0,8245.0,8473.0,8245.0,8263.0,8245.0,8334.0,8245.0,8245.0,8245.0,8245.0,8263.0,8245.0,8245.0,8245.0,8245.0,8245.0,8245.0,8245.0,8245.0,8245.0,8245.0,8245.0,8245.0,8245.0,8245.0,8245.0,8334.0,8245.0,8264.0,8245.0,8263.0,8245.0,8245.0,8245.0,8263.0,8334.0,8245.0,8245.0,8334.0,8245.0,8245.0,8245.0,8245.0,8245.0,8245.0,8245.0,8245.0,8245.0,8245.0,8245.0,8245.0,8245.0,8245.0,8245.0,8245.0,8245.0,8245.0,8245.0,8245.0,8245.0,8334.0,8245.0,8245.0,8263.0,8245.0,8245.0,8245.0,8334.0,8245.0,8334.0,8245.0,8334.0,8263.0,8245.0,8245.0,8245.0,8245.0,8245.0,8245.0,8263.0,8245.0,8263.0,8245.0,8245.0,8245.0,8334.0,8245.0,8245.0,8245.0,8245.0,8245.0,8245.0,8245.0,8245.0,8245.0,8245.0,8245.0,8245.0,8245.0,8245.0,8245.0,8245.0,8245.0,8245.0,8245.0,8334.0,8245.0,8334.0,8334.0,8245.0,8245.0,8245.0,8245.0,8245.0,8245.0,8264.0,8245.0,8245.0,8245.0,8245.0,8245.0,8245.0,8245.0,8245.0,8245.0,8245.0,8245.0,8245.0,8245.0,8245.0,8245.0,8334.0,8245.0,8274.0,8245.0,8245.0,8245.0,8334.0,8245.0,8245.0,8334.0,8245.0,8245.0,8245.0,8245.0,8245.0,8245.0,8245.0,8245.0,8334.0,8245.0,8245.0,8245.0,8334.0,8245.0,8245.0,8245.0,8245.0,8245.0,8245.0,8245.0,8245.0,8245.0,8245.0,8245.0,8334.0,8245.0,8334.0,8216.0,8245.0,8245.0,8245.0,8264.0,8245.0,8245.0,8334.0,8245.0,8334.0,8245.0,8245.0,8334.0,8334.0,8334.0,8245.0,8245.0,8264.0,8305.0,8245.0,8245.0,8334.0,8334.0,8264.0,8264.0,8334.0,8245.0,8334.0,8334.0,8334.0,8334.0,8346.0,8245.0,8334.0,8334.0,8264.0,8334.0,8334.0,8245.0,8334.0,8245.0,8334.0,8334.0,8334.0,8264.0,8334.0,8264.0,8334.0,8334.0,8264.0,8264.0,8264.0,8264.0,8264.0,8334.0,8334.0,8221.0,8264.0,8270.0,8264.0,8264.0,8264.0,8264.0,8245.0,8264.0,8264.0,8264.0,8264.0,8264.0,8264.0,8193.0,8264.0,8348.0,8264.0,8348.0,8264.0,8264.0,8346.0,8264.0,8245.0,8245.0,128.0,173.0,489.0,250.0,99.0,231.0,231.0,231.0,231.0,231.0,231.0,231.0,231.0,231.0,231.0,231.0,231.0,231.0,231.0,231.0,231.0,231.0,231.0,231.0,231.0,231.0,231.0,231.0,231.0,231.0,231.0,231.0,231.0,231.0,231.0,231.0,231.0,231.0,231.0,231.0,231.0,260.0,231.0,231.0,231.0,320.0,231.0,231.0,320.0,231.0,231.0,260.0,231.0,231.0,260.0,287.0,257.0,303.0,257.0,250.0,257.0,257.0,250.0,231.0,277.0,250.0,250.0,231.0,231.0,250.0,231.0,231.0,231.0,231.0,231.0,231.0,231.0,231.0,231.0,231.0,231.0,257.0,250.0,231.0,231.0,231.0,231.0,231.0,231.0,231.0,231.0,231.0,231.0,231.0,231.0,277.0,231.0,231.0,231.0,231.0,231.0,231.0,231.0,231.0,231.0,231.0,231.0,231.0,231.0,231.0,231.0,231.0,231.0,231.0,231.0,231.0,231.0,231.0,231.0,231.0,231.0,231.0,231.0,231.0,231.0,231.0,231.0,231.0,231.0,231.0,231.0,231.0,231.0,231.0,231.0,231.0,208.0,231.0,231.0,231.0,231.0,250.0,231.0,231.0,231.0,231.0,231.0,231.0,252.0,231.0,250.0,231.0,231.0,231.0,231.0,231.0,231.0,231.0,231.0,231.0,231.0,231.0,250.0,231.0,231.0,231.0,231.0,231.0,250.0,231.0,231.0,250.0,250.0,231.0,231.0,231.0,250.0,231.0,231.0,231.0,231.0,231.0,231.0,231.0,231.0,231.0,231.0,231.0,231.0,231.0,231.0,277.0,231.0,231.0,231.0,231.0,231.0,231.0,231.0,231.0,277.0,231.0,231.0,321.0,231.0,231.0,231.0,231.0,287.0,231.0,231.0,231.0,231.0,231.0,231.0,231.0,231.0,231.0,231.0,173.0,231.0,231.0,231.0,231.0,250.0,231.0,231.0,279.0,231.0,231.0,231.0,231.0,231.0,231.0,231.0,231.0,231.0,231.0,231.0,231.0,231.0,231.0,231.0,231.0,231.0,254.0,231.0,231.0,231.0,287.0,231.0,231.0,231.0,231.0,231.0,231.0,231.0,231.0,231.0,231.0,231.0,250.0,231.0,231.0,231.0,231.0,231.0,231.0,231.0,231.0,231.0,241.0,231.0,231.0,231.0,287.0,231.0,231.0,231.0,231.0,231.0,231.0,231.0,231.0,231.0,231.0,231.0,295.0,231.0,231.0,231.0,287.0,231.0,231.0,231.0,209.0,231.0,287.0,231.0,231.0,231.0,231.0,231.0,231.0,231.0,231.0,231.0,231.0,231.0,231.0,231.0,231.0,260.0,231.0,231.0,231.0,287.0,231.0,231.0,231.0,231.0,231.0,231.0,231.0,231.0,231.0,231.0,277.0,231.0,287.0,231.0,231.0,231.0,231.0,231.0,231.0,287.0,231.0,231.0,231.0,231.0,287.0,231.0,257.0,295.0,250.0,231.0,250.0,250.0,250.0,250.0,250.0,250.0,250.0,250.0,250.0,250.0,250.0,250.0,250.0,231.0,250.0,296.0,221.0,250.0,231.0,250.0,250.0,250.0,250.0,250.0,250.0,250.0,250.0,250.0,250.0,250.0,250.0,314.0,250.0,250.0,250.0,250.0
hDenV4/Colombia/SAN-UR-LV111117/2014,3080.0,3058.0,3058.0,3058.0,3058.0,3058.0,3058.0,3079.0,3058.0,3127.0,3111.0,3193.0,3080.0,3044.0,3046.0,3046.0,3046.0,3084.0,3046.0,3084.0,3084.0,3050.0,3050.0,3050.0,3050.0,3070.0,3070.0,3084.0,3058.0,3084.0,3050.0,3058.0,3050.0,3084.0,3104.0,3070.0,3050.0,3055.0,3050.0,3050.0,3050.0,3050.0,3050.0,3084.0,3050.0,3050.0,3036.0,3084.0,3058.0,3058.0,3058.0,3058.0,3094.0,3094.0,3094.0,3142.0,3050.0,3058.0,3116.0,3050.0,3058.0,3050.0,3050.0,3050.0,3058.0,3058.0,3084.0,3050.0,3058.0,3084.0,3084.0,3050.0,3050.0,3084.0,3050.0,3050.0,3058.0,3058.0,3058.0,3058.0,3063.0,3058.0,3058.0,3058.0,3058.0,3063.0,3058.0,3036.0,3084.0,3058.0,3058.0,3058.0,3058.0,3058.0,3050.0,3058.0,3050.0,3050.0,3050.0,3058.0,3050.0,3058.0,3058.0,3050.0,3058.0,3058.0,3058.0,3050.0,3050.0,3058.0,3050.0,3044.0,3058.0,3058.0,3046.0,3058.0,3058.0,3058.0,3058.0,3058.0,3058.0,3050.0,3058.0,3084.0,3058.0,3058.0,3058.0,3058.0,2994.0,3058.0,3058.0,3058.0,3044.0,3058.0,3058.0,3058.0,3058.0,3116.0,3058.0,3058.0,3058.0,3058.0,3116.0,3044.0,3058.0,3050.0,3058.0,3044.0,3058.0,3058.0,3058.0,3058.0,3050.0,3058.0,3058.0,3058.0,3058.0,3050.0,3058.0,3058.0,3058.0,3058.0,3058.0,3058.0,3043.0,3058.0,3058.0,3058.0,3095.0,3058.0,3058.0,3058.0,3058.0,3058.0,3058.0,3058.0,3058.0,3058.0,3037.0,3058.0,3058.0,3058.0,3031.0,3058.0,3058.0,3165.0,3058.0,3058.0,3045.0,3058.0,3098.0,3058.0,3058.0,3058.0,3058.0,3058.0,3058.0,3039.0,3058.0,3058.0,3058.0,3058.0,3046.0,3116.0,3058.0,3058.0,3058.0,3058.0,3058.0,3058.0,3058.0,3058.0,3058.0,3058.0,3165.0,3058.0,3058.0,3058.0,3058.0,3058.0,3050.0,3058.0,3127.0,3058.0,3058.0,3058.0,3058.0,3058.0,3058.0,3058.0,3050.0,3058.0,3050.0,3050.0,3058.0,3050.0,3058.0,3058.0,3058.0,3058.0,3116.0,3058.0,3058.0,3050.0,3050.0,3050.0,3058.0,3058.0,3050.0,3058.0,3116.0,3058.0,3058.0,3050.0,3058.0,3058.0,3058.0,3058.0,3058.0,3058.0,3058.0,3058.0,3058.0,3058.0,3058.0,3122.0,3058.0,3058.0,3058.0,3058.0,3058.0,3058.0,3058.0,3058.0,3079.0,3058.0,3058.0,3058.0,3058.0,3058.0,3058.0,3058.0,3058.0,3044.0,3134.0,3050.0,3058.0,3058.0,3058.0,3058.0,3058.0,3058.0,3058.0,3068.0,3058.0,3058.0,3058.0,3058.0,3058.0,3044.0,3058.0,3058.0,3058.0,3058.0,3079.0,3058.0,3058.0,3058.0,3058.0,3044.0,3058.0,3058.0,3058.0,3044.0,3058.0,3058.0,3058.0,3058.0,3058.0,3058.0,3058.0,3058.0,3058.0,3058.0,3058.0,3058.0,3058.0,3058.0,3058.0,3058.0,3058.0,3058.0,3146.0,3058.0,3058.0,3058.0,3058.0,3058.0,3116.0,3058.0,3022.0,3058.0,3058.0,3079.0,3058.0,3058.0,3006.0,3040.0,3058.0,3058.0,3058.0,3046.0,3058.0,3058.0,3058.0,3043.0,3116.0,3058.0,3045.0,3058.0,3058.0,3058.0,3058.0,3058.0,3058.0,3058.0,3058.0,3058.0,3116.0,3058.0,3058.0,3058.0,3058.0,3058.0,3058.0,3058.0,3116.0,3058.0,2969.0,3058.0,3058.0,3058.0,3058.0,3058.0,3058.0,3082.0,3058.0,3058.0,3058.0,3046.0,3058.0,3058.0,3058.0,3058.0,3058.0,3058.0,3058.0,3058.0,3058.0,3058.0,3058.0,3058.0,3058.0,3116.0,3058.0,3058.0,3058.0,3058.0,3058.0,3058.0,3058.0,3116.0,3085.0,3058.0,3116.0,3058.0,3058.0,3058.0,3058.0,3058.0,3058.0,3058.0,3058.0,3058.0,3121.0,3058.0,3058.0,3121.0,3046.0,3130.0,3058.0,3046.0,3058.0,3040.0,3058.0,3116.0,3058.0,3058.0,3058.0,3096.0,3058.0,3058.0,3058.0,3022.0,3058.0,3180.0,3058.0,3058.0,3058.0,3121.0,3046.0,3058.0,3058.0,3090.0,3058.0,3116.0,3058.0,3058.0,3046.0,3050.0,3058.0,3058.0,3058.0,3058.0,3058.0,3058.0,3058.0,3058.0,3058.0,2994.0,3058.0,3058.0,3044.0,3058.0,3116.0,3058.0,3058.0,3058.0,3058.0,3058.0,3058.0,3058.0,3058.0,3040.0,3058.0,3116.0,3058.0,3116.0,3058.0,3058.0,3085.0,3058.0,3058.0,3046.0,3058.0,3058.0,3058.0,3058.0,3116.0,3058.0,3058.0,3058.0,3058.0,3046.0,3116.0,3058.0,3116.0,3058.0,3058.0,3116.0,3058.0,3058.0,3058.0,3044.0,3058.0,3058.0,3058.0,3058.0,3058.0,3058.0,3090.0,3046.0,3058.0,3058.0,2994.0,2994.0,2994.0,3116.0,3078.0,3058.0,3058.0,3058.0,3139.0,3058.0,3058.0,2994.0,3090.0,3058.0,3068.0,3058.0,2994.0,3116.0,3046.0,3058.0,3058.0,3058.0,2994.0,3058.0,3058.0,3058.0,3046.0,3088.0,2994.0,3058.0,3058.0,2994.0,2994.0,2994.0,3058.0,3090.0,3058.0,3058.0,3058.0,2994.0,3058.0,2994.0,3058.0,3058.0,3058.0,2994.0,3058.0,3116.0,3058.0,3046.0,3058.0,2994.0,3058.0,2994.0,3058.0,3131.0,2994.0,3116.0,3058.0,3058.0,3058.0,3058.0,3058.0,3116.0,3116.0,3058.0,3058.0,3058.0,3058.0,3058.0,2994.0,3052.0,2994.0,3058.0,3058.0,3058.0,2994.0,2994.0,3058.0,3058.0,3058.0,3096.0,3116.0,3058.0,3058.0,3058.0,3090.0,3058.0,3058.0,3058.0,3058.0,3058.0,3058.0,3058.0,3058.0,3058.0,3058.0,3058.0,3058.0,3090.0,3090.0,3058.0,3058.0,3080.0,3058.0,3058.0,3058.0,3058.0,3058.0,3058.0,3058.0,3058.0,3058.0,3058.0,3058.0,3139.0,3058.0,3058.0,3067.0,2959.0,3058.0,3058.0,3058.0,3058.0,3058.0,3058.0,3079.0,3058.0,3058.0,3058.0,3058.0,3096.0,3058.0,3058.0,3087.0,3058.0,3058.0,3058.0,3058.0,3058.0,3058.0,2994.0,3117.0,3058.0,3058.0,3046.0,3058.0,3058.0,3139.0,3139.0,3058.0,3116.0,2994.0,2994.0,2994.0,3058.0,3058.0,3135.0,3018.0,2429.0,2502.0,2502.0,2534.0,2470.0,2449.0,2497.0,2420.0,2502.0,2502.0,2502.0,2502.0,2502.0,2548.0,2502.0,2502.0,2502.0,2548.0,2473.0,2502.0,2502.0,2502.0,2473.0,2502.0,2473.0,2540.0,2502.0,2531.0,2502.0,2473.0,2473.0,2502.0,2502.0,2502.0,2502.0,2502.0,2502.0,2502.0,2502.0,2502.0,2473.0,2473.0,2502.0,2502.0,2502.0,2502.0,2473.0,2502.0,2502.0,2502.0,2502.0,2473.0,2502.0,2502.0,2502.0,2502.0,2502.0,2502.0,2502.0,2473.0,2502.0,2502.0,2513.0,2502.0,2502.0,2502.0,2444.0,2473.0,2502.0,2502.0,2473.0,2502.0,2502.0,2502.0,2502.0,2502.0,2502.0,2473.0,2473.0,2502.0,2566.0,2502.0,2502.0,2473.0,2502.0,2502.0,2502.0,2502.0,2502.0,2502.0,2502.0,2473.0,2502.0,2502.0,2473.0,2502.0,2502.0,2502.0,2502.0,2502.0,2473.0,2473.0,2502.0,2502.0,2502.0,2502.0,2502.0,2502.0,2473.0,2502.0,2502.0,2502.0,2502.0,2502.0,2502.0,2502.0,2502.0,2473.0,2502.0,2502.0,2502.0,2502.0,2502.0,2502.0,2502.0,2502.0,2502.0,2596.0,2502.0,2473.0,2502.0,2502.0,2502.0,2502.0,2502.0,2502.0,2502.0,2502.0,2502.0,2502.0,2502.0,2502.0,2502.0,2502.0,2502.0,2502.0,2502.0,2502.0,2502.0,2502.0,2502.0,2502.0,2502.0,2502.0,2504.0,2502.0,2502.0,2502.0,2502.0,2502.0,2502.0,2502.0,2502.0,2502.0,2502.0,2502.0,2502.0,2502.0,2502.0,2502.0,2502.0,2502.0,2502.0,2502.0,2502.0,2502.0,2502.0,2502.0,2502.0,2502.0,2502.0,2502.0,2502.0,2502.0,2502.0,2502.0,2502.0,2502.0,2502.0,2502.0,2502.0,2502.0,2502.0,2502.0,2502.0,2502.0,2502.0,2502.0,2502.0,2502.0,2502.0,2502.0,2502.0,2502.0,2548.0,2502.0,2502.0,2502.0,2502.0,2502.0,2502.0,2502.0,2502.0,2502.0,2502.0,2502.0,2502.0,2502.0,2502.0,2502.0,2502.0,2502.0,2502.0,2502.0,2502.0,2502.0,2502.0,2502.0,2502.0,2502.0,2502.0,2502.0,2502.0,2502.0,2502.0,2502.0,2502.0,2502.0,2502.0,2502.0,2502.0,2502.0,2502.0,2502.0,2502.0,2502.0,2548.0,2502.0,2502.0,2502.0,2502.0,2502.0,2502.0,2502.0,2502.0,2502.0,2502.0,2502.0,2502.0,2502.0,2502.0,2502.0,2502.0,2502.0,2502.0,2502.0,2502.0,2502.0,2502.0,2502.0,2502.0,2502.0,2571.0,2502.0,2502.0,2502.0,2502.0,2502.0,2502.0,2502.0,2502.0,2502.0,2502.0,2502.0,2547.0,2502.0,2502.0,2476.0,2502.0,2502.0,2502.0,2502.0,2502.0,2502.0,2502.0,2502.0,2522.0,2502.0,2555.0,2502.0,2502.0,2502.0,2502.0,2502.0,2502.0,2502.0,2502.0,2502.0,2502.0,2502.0,2502.0,2548.0,2502.0,2502.0,2502.0,2548.0,2502.0,2502.0,2502.0,2502.0,2502.0,2548.0,2502.0,2502.0,2502.0,2502.0,2502.0,2502.0,2502.0,2502.0,2502.0,2502.0,2502.0,2502.0,2502.0,2502.0,2502.0,2502.0,2502.0,2502.0,2502.0,2502.0,2502.0,2502.0,2502.0,2502.0,2502.0,2502.0,2531.0,2502.0,2502.0,2502.0,2502.0,2502.0,2540.0,2502.0,2502.0,2502.0,2540.0,2502.0,2502.0,2502.0,2502.0,2502.0,2502.0,2531.0,2531.0,2502.0,2502.0,2502.0,2502.0,2502.0,2502.0,2531.0,2502.0,2404.0,2502.0,2502.0,2502.0,2502.0,2502.0,2502.0,2516.0,2502.0,2502.0,2502.0,2502.0,2502.0,2438.0,2502.0,2502.0,2502.0,2502.0,2502.0,2502.0,2502.0,2502.0,2502.0,2502.0,2502.0,2502.0,2502.0,2502.0,2502.0,2502.0,2502.0,2502.0,2502.0,2476.0,2502.0,2502.0,2502.0,2502.0,2531.0,2502.0,2502.0,2502.0,2502.0,2502.0,2502.0,2502.0,2502.0,2502.0,2502.0,2502.0,2502.0,2502.0,2502.0,2502.0,2502.0,2502.0,2502.0,2502.0,2502.0,2502.0,2502.0,2531.0,2502.0,2502.0,2502.0,2502.0,2502.0,2502.0,2502.0,8245.0,8251.0,8245.0,8234.0,8245.0,8245.0,8219.0,8263.0,8245.0,8245.0,8306.0,8286.0,8245.0,8328.0,8480.0,8264.0,8245.0,8245.0,8245.0,8245.0,8245.0,8245.0,8245.0,8245.0,8245.0,8245.0,8245.0,8245.0,8245.0,8245.0,8245.0,8245.0,8245.0,8245.0,8245.0,8245.0,8240.0,8245.0,8245.0,8245.0,8245.0,8245.0,8245.0,8245.0,8245.0,8245.0,8245.0,8245.0,8245.0,8245.0,8245.0,8245.0,8245.0,8245.0,8286.0,8245.0,8245.0,8245.0,8245.0,8245.0,8245.0,8245.0,8245.0,8245.0,8245.0,8245.0,8245.0,8245.0,8286.0,8245.0,8245.0,8245.0,8245.0,8245.0,8245.0,8245.0,8245.0,8245.0,8245.0,8245.0,8245.0,8245.0,8245.0,8245.0,8245.0,8245.0,8245.0,8245.0,8245.0,8245.0,8245.0,8245.0,8274.0,8242.0,8245.0,8334.0,8245.0,8245.0,8245.0,8245.0,8245.0,8245.0,8245.0,8334.0,8245.0,8245.0,8245.0,8245.0,8245.0,8263.0,8263.0,8334.0,8245.0,8245.0,8245.0,8226.0,8245.0,8265.0,8245.0,8245.0,8245.0,8245.0,8245.0,8245.0,8251.0,8245.0,8245.0,8245.0,8245.0,8245.0,8156.0,8245.0,8245.0,8245.0,8245.0,8245.0,8245.0,8245.0,8245.0,8245.0,8245.0,8245.0,8245.0,8245.0,8245.0,8245.0,8245.0,8245.0,8245.0,8245.0,8245.0,8334.0,8257.0,8245.0,8245.0,8245.0,8245.0,8245.0,8245.0,8245.0,8245.0,8245.0,8245.0,8274.0,8263.0,8263.0,8245.0,8251.0,8245.0,8251.0,8245.0,8245.0,8245.0,8394.0,8334.0,8245.0,8245.0,8245.0,8244.0,8245.0,8245.0,8245.0,8334.0,8245.0,8245.0,8245.0,8245.0,8245.0,8245.0,8245.0,8245.0,8245.0,8245.0,8245.0,8245.0,8245.0,8245.0,8245.0,8245.0,8200.0,8245.0,8245.0,8245.0,8245.0,8200.0,8245.0,8245.0,8245.0,8245.0,8158.0,8245.0,8245.0,8245.0,8245.0,8245.0,8245.0,8156.0,8245.0,8245.0,8263.0,8263.0,8334.0,8245.0,8245.0,8473.0,8245.0,8263.0,8245.0,8334.0,8245.0,8245.0,8245.0,8245.0,8263.0,8245.0,8245.0,8245.0,8245.0,8245.0,8245.0,8245.0,8245.0,8245.0,8245.0,8245.0,8245.0,8245.0,8245.0,8245.0,8334.0,8245.0,8264.0,8245.0,8263.0,8245.0,8245.0,8245.0,8263.0,8334.0,8245.0,8245.0,8334.0,8245.0,8245.0,8245.0,8245.0,8245.0,8245.0,8245.0,8245.0,8245.0,8245.0,8245.0,8245.0,8245.0,8245.0,8245.0,8245.0,8245.0,8245.0,8245.0,8245.0,8245.0,8334.0,8245.0,8245.0,8263.0,8245.0,8245.0,8245.0,8334.0,8245.0,8334.0,8245.0,8334.0,8263.0,8245.0,8245.0,8245.0,8245.0,8245.0,8245.0,8263.0,8245.0,8263.0,8245.0,8245.0,8245.0,8334.0,8245.0,8245.0,8245.0,8245.0,8245.0,8245.0,8245.0,8245.0,8245.0,8245.0,8245.0,8245.0,8245.0,8245.0,8245.0,8245.0,8245.0,8245.0,8245.0,8334.0,8245.0,8334.0,8334.0,8245.0,8245.0,8245.0,8245.0,8245.0,8245.0,8264.0,8245.0,8245.0,8245.0,8245.0,8245.0,8245.0,8245.0,8245.0,8245.0,8245.0,8245.0,8245.0,8245.0,8245.0,8245.0,8334.0,8245.0,8274.0,8245.0,8245.0,8245.0,8334.0,8245.0,8245.0,8334.0,8245.0,8245.0,8245.0,8245.0,8245.0,8245.0,8245.0,8245.0,8334.0,8245.0,8245.0,8245.0,8334.0,8245.0,8245.0,8245.0,8245.0,8245.0,8245.0,8245.0,8245.0,8245.0,8245.0,8245.0,8334.0,8245.0,8334.0,8216.0,8245.0,8245.0,8245.0,8264.0,8245.0,8245.0,8334.0,8245.0,8334.0,8245.0,8245.0,8334.0,8334.0,8334.0,8245.0,8245.0,8264.0,8305.0,8245.0,8245.0,8334.0,8334.0,8264.0,8264.0,8334.0,8245.0,8334.0,8334.0,8334.0,8334.0,8346.0,8245.0,8334.0,8334.0,8264.0,8334.0,8334.0,8245.0,8334.0,8245.0,8334.0,8334.0,8334.0,8264.0,8334.0,8264.0,8334.0,8334.0,8264.0,8264.0,8264.0,8264.0,8264.0,8334.0,8334.0,8221.0,8264.0,8270.0,8264.0,8264.0,8264.0,8264.0,8245.0,8264.0,8264.0,8264.0,8264.0,8264.0,8264.0,8193.0,8264.0,8348.0,8264.0,8348.0,8264.0,8264.0,8346.0,8264.0,8245.0,8245.0,128.0,173.0,489.0,250.0,99.0,231.0,231.0,231.0,231.0,231.0,231.0,231.0,231.0,231.0,231.0,231.0,231.0,231.0,231.0,231.0,231.0,231.0,231.0,231.0,231.0,231.0,231.0,231.0,231.0,231.0,231.0,231.0,231.0,231.0,231.0,231.0,231.0,231.0,231.0,231.0,231.0,260.0,231.0,231.0,231.0,320.0,231.0,231.0,320.0,231.0,231.0,260.0,231.0,231.0,260.0,287.0,257.0,303.0,257.0,250.0,257.0,257.0,250.0,231.0,277.0,250.0,250.0,231.0,231.0,250.0,231.0,231.0,231.0,231.0,231.0,231.0,231.0,231.0,231.0,231.0,231.0,257.0,250.0,231.0,231.0,231.0,231.0,231.0,231.0,231.0,231.0,231.0,231.0,231.0,231.0,277.0,231.0,231.0,231.0,231.0,231.0,231.0,231.0,231.0,231.0,231.0,231.0,231.0,231.0,231.0,231.0,231.0,231.0,231.0,231.0,231.0,231.0,231.0,231.0,231.0,231.0,231.0,231.0,231.0,231.0,231.0,231.0,231.0,231.0,231.0,231.0,231.0,231.0,231.0,231.0,231.0,208.0,231.0,231.0,231.0,231.0,250.0,231.0,231.0,231.0,231.0,231.0,231.0,252.0,231.0,250.0,231.0,231.0,231.0,231.0,231.0,231.0,231.0,231.0,231.0,231.0,231.0,250.0,231.0,231.0,231.0,231.0,231.0,250.0,231.0,231.0,250.0,250.0,231.0,231.0,231.0,250.0,231.0,231.0,231.0,231.0,231.0,231.0,231.0,231.0,231.0,231.0,231.0,231.0,231.0,231.0,277.0,231.0,231.0,231.0,231.0,231.0,231.0,231.0,231.0,277.0,231.0,231.0,321.0,231.0,231.0,231.0,231.0,287.0,231.0,231.0,231.0,231.0,231.0,231.0,231.0,231.0,231.0,231.0,173.0,231.0,231.0,231.0,231.0,250.0,231.0,231.0,279.0,231.0,231.0,231.0,231.0,231.0,231.0,231.0,231.0,231.0,231.0,231.0,231.0,231.0,231.0,231.0,231.0,231.0,254.0,231.0,231.0,231.0,287.0,231.0,231.0,231.0,231.0,231.0,231.0,231.0,231.0,231.0,231.0,231.0,250.0,231.0,231.0,231.0,231.0,231.0,231.0,231.0,231.0,231.0,241.0,231.0,231.0,231.0,287.0,231.0,231.0,231.0,231.0,231.0,231.0,231.0,231.0,231.0,231.0,231.0,295.0,231.0,231.0,231.0,287.0,231.0,231.0,231.0,209.0,231.0,287.0,231.0,231.0,231.0,231.0,231.0,231.0,231.0,231.0,231.0,231.0,231.0,231.0,231.0,231.0,260.0,231.0,231.0,231.0,287.0,231.0,231.0,231.0,231.0,231.0,231.0,231.0,231.0,231.0,231.0,277.0,231.0,287.0,231.0,231.0,231.0,231.0,231.0,231.0,287.0,231.0,231.0,231.0,231.0,287.0,231.0,257.0,295.0,250.0,231.0,250.0,250.0,250.0,250.0,250.0,250.0,250.0,250.0,250.0,250.0,250.0,250.0,250.0,231.0,250.0,296.0,221.0,250.0,231.0,250.0,250.0,250.0,250.0,250.0,250.0,250.0,250.0,250.0,250.0,250.0,250.0,314.0,250.0,250.0,250.0,250.0
hDenV4/Colombia/SAN-UR-LV121101/2010,3080.0,3058.0,3058.0,3058.0,3058.0,3058.0,3058.0,3079.0,3058.0,3127.0,3111.0,3193.0,3080.0,3044.0,3046.0,3046.0,3046.0,3084.0,3046.0,3084.0,3084.0,3050.0,3050.0,3050.0,3050.0,3070.0,3070.0,3084.0,3058.0,3084.0,3050.0,3058.0,3050.0,3084.0,3104.0,3070.0,3050.0,3055.0,3050.0,3050.0,3050.0,3050.0,3050.0,3084.0,3050.0,3050.0,3036.0,3084.0,3058.0,3058.0,3058.0,3058.0,3094.0,3094.0,3094.0,3142.0,3050.0,3058.0,3116.0,3050.0,3058.0,3050.0,3050.0,3050.0,3058.0,3058.0,3084.0,3050.0,3058.0,3084.0,3084.0,3050.0,3050.0,3084.0,3050.0,3050.0,3058.0,3058.0,3058.0,3058.0,3063.0,3058.0,3058.0,3058.0,3058.0,3063.0,3058.0,3036.0,3084.0,3058.0,3058.0,3058.0,3058.0,3058.0,3050.0,3058.0,3050.0,3050.0,3050.0,3058.0,3050.0,3058.0,3058.0,3050.0,3058.0,3058.0,3058.0,3050.0,3050.0,3058.0,3050.0,3044.0,3058.0,3058.0,3046.0,3058.0,3058.0,3058.0,3058.0,3058.0,3058.0,3050.0,3058.0,3084.0,3058.0,3058.0,3058.0,3058.0,2994.0,3058.0,3058.0,3058.0,3044.0,3058.0,3058.0,3058.0,3058.0,3116.0,3058.0,3058.0,3058.0,3058.0,3116.0,3044.0,3058.0,3050.0,3058.0,3044.0,3058.0,3058.0,3058.0,3058.0,3050.0,3058.0,3058.0,3058.0,3058.0,3050.0,3058.0,3058.0,3058.0,3058.0,3058.0,3058.0,3043.0,3058.0,3058.0,3058.0,3095.0,3058.0,3058.0,3058.0,3058.0,3058.0,3058.0,3058.0,3058.0,3058.0,3037.0,3058.0,3058.0,3058.0,3031.0,3058.0,3058.0,3165.0,3058.0,3058.0,3045.0,3058.0,3098.0,3058.0,3058.0,3058.0,3058.0,3058.0,3058.0,3039.0,3058.0,3058.0,3058.0,3058.0,3046.0,3116.0,3058.0,3058.0,3058.0,3058.0,3058.0,3058.0,3058.0,3058.0,3058.0,3058.0,3165.0,3058.0,3058.0,3058.0,3058.0,3058.0,3050.0,3058.0,3127.0,3058.0,3058.0,3058.0,3058.0,3058.0,3058.0,3058.0,3050.0,3058.0,3050.0,3050.0,3058.0,3050.0,3058.0,3058.0,3058.0,3058.0,3116.0,3058.0,3058.0,3050.0,3050.0,3050.0,3058.0,3058.0,3050.0,3058.0,3116.0,3058.0,3058.0,3050.0,3058.0,3058.0,3058.0,3058.0,3058.0,3058.0,3058.0,3058.0,3058.0,3058.0,3058.0,3122.0,3058.0,3058.0,3058.0,3058.0,3058.0,3058.0,3058.0,3058.0,3079.0,3058.0,3058.0,3058.0,3058.0,3058.0,3058.0,3058.0,3058.0,3044.0,3134.0,3050.0,3058.0,3058.0,3058.0,3058.0,3058.0,3058.0,3058.0,3068.0,3058.0,3058.0,3058.0,3058.0,3058.0,3044.0,3058.0,3058.0,3058.0,3058.0,3079.0,3058.0,3058.0,3058.0,3058.0,3044.0,3058.0,3058.0,3058.0,3044.0,3058.0,3058.0,3058.0,3058.0,3058.0,3058.0,3058.0,3058.0,3058.0,3058.0,3058.0,3058.0,3058.0,3058.0,3058.0,3058.0,3058.0,3058.0,3146.0,3058.0,3058.0,3058.0,3058.0,3058.0,3116.0,3058.0,3022.0,3058.0,3058.0,3079.0,3058.0,3058.0,3006.0,3040.0,3058.0,3058.0,3058.0,3046.0,3058.0,3058.0,3058.0,3043.0,3116.0,3058.0,3045.0,3058.0,3058.0,3058.0,3058.0,3058.0,3058.0,3058.0,3058.0,3058.0,3116.0,3058.0,3058.0,3058.0,3058.0,3058.0,3058.0,3058.0,3116.0,3058.0,2969.0,3058.0,3058.0,3058.0,3058.0,3058.0,3058.0,3082.0,3058.0,3058.0,3058.0,3046.0,3058.0,3058.0,3058.0,3058.0,3058.0,3058.0,3058.0,3058.0,3058.0,3058.0,3058.0,3058.0,3058.0,3116.0,3058.0,3058.0,3058.0,3058.0,3058.0,3058.0,3058.0,3116.0,3085.0,3058.0,3116.0,3058.0,3058.0,3058.0,3058.0,3058.0,3058.0,3058.0,3058.0,3058.0,3121.0,3058.0,3058.0,3121.0,3046.0,3130.0,3058.0,3046.0,3058.0,3040.0,3058.0,3116.0,3058.0,3058.0,3058.0,3096.0,3058.0,3058.0,3058.0,3022.0,3058.0,3180.0,3058.0,3058.0,3058.0,3121.0,3046.0,3058.0,3058.0,3090.0,3058.0,3116.0,3058.0,3058.0,3046.0,3050.0,3058.0,3058.0,3058.0,3058.0,3058.0,3058.0,3058.0,3058.0,3058.0,2994.0,3058.0,3058.0,3044.0,3058.0,3116.0,3058.0,3058.0,3058.0,3058.0,3058.0,3058.0,3058.0,3058.0,3040.0,3058.0,3116.0,3058.0,3116.0,3058.0,3058.0,3085.0,3058.0,3058.0,3046.0,3058.0,3058.0,3058.0,3058.0,3116.0,3058.0,3058.0,3058.0,3058.0,3046.0,3116.0,3058.0,3116.0,3058.0,3058.0,3116.0,3058.0,3058.0,3058.0,3044.0,3058.0,3058.0,3058.0,3058.0,3058.0,3058.0,3090.0,3046.0,3058.0,3058.0,2994.0,2994.0,2994.0,3116.0,3078.0,3058.0,3058.0,3058.0,3139.0,3058.0,3058.0,2994.0,3090.0,3058.0,3068.0,3058.0,2994.0,3116.0,3046.0,3058.0,3058.0,3058.0,2994.0,3058.0,3058.0,3058.0,3046.0,3088.0,2994.0,3058.0,3058.0,2994.0,2994.0,2994.0,3058.0,3090.0,3058.0,3058.0,3058.0,2994.0,3058.0,2994.0,3058.0,3058.0,3058.0,2994.0,3058.0,3116.0,3058.0,3046.0,3058.0,2994.0,3058.0,2994.0,3058.0,3131.0,2994.0,3116.0,3058.0,3058.0,3058.0,3058.0,3058.0,3116.0,3116.0,3058.0,3058.0,3058.0,3058.0,3058.0,2994.0,3052.0,2994.0,3058.0,3058.0,3058.0,2994.0,2994.0,3058.0,3058.0,3058.0,3096.0,3116.0,3058.0,3058.0,3058.0,3090.0,3058.0,3058.0,3058.0,3058.0,3058.0,3058.0,3058.0,3058.0,3058.0,3058.0,3058.0,3058.0,3090.0,3090.0,3058.0,3058.0,3080.0,3058.0,3058.0,3058.0,3058.0,3058.0,3058.0,3058.0,3058.0,3058.0,3058.0,3058.0,3139.0,3058.0,3058.0,3067.0,2959.0,3058.0,3058.0,3058.0,3058.0,3058.0,3058.0,3079.0,3058.0,3058.0,3058.0,3058.0,3096.0,3058.0,3058.0,3087.0,3058.0,3058.0,3058.0,3058.0,3058.0,3058.0,2994.0,3117.0,3058.0,3058.0,3046.0,3058.0,3058.0,3139.0,3139.0,3058.0,3116.0,2994.0,2994.0,2994.0,3058.0,3058.0,3135.0,3018.0,2429.0,2502.0,2502.0,2534.0,2470.0,2449.0,2497.0,2420.0,2502.0,2502.0,2502.0,2502.0,2502.0,2548.0,2502.0,2502.0,2502.0,2548.0,2473.0,2502.0,2502.0,2502.0,2473.0,2502.0,2473.0,2540.0,2502.0,2531.0,2502.0,2473.0,2473.0,2502.0,2502.0,2502.0,2502.0,2502.0,2502.0,2502.0,2502.0,2502.0,2473.0,2473.0,2502.0,2502.0,2502.0,2502.0,2473.0,2502.0,2502.0,2502.0,2502.0,2473.0,2502.0,2502.0,2502.0,2502.0,2502.0,2502.0,2502.0,2473.0,2502.0,2502.0,2513.0,2502.0,2502.0,2502.0,2444.0,2473.0,2502.0,2502.0,2473.0,2502.0,2502.0,2502.0,2502.0,2502.0,2502.0,2473.0,2473.0,2502.0,2566.0,2502.0,2502.0,2473.0,2502.0,2502.0,2502.0,2502.0,2502.0,2502.0,2502.0,2473.0,2502.0,2502.0,2473.0,2502.0,2502.0,2502.0,2502.0,2502.0,2473.0,2473.0,2502.0,2502.0,2502.0,2502.0,2502.0,2502.0,2473.0,2502.0,2502.0,2502.0,2502.0,2502.0,2502.0,2502.0,2502.0,2473.0,2502.0,2502.0,2502.0,2502.0,2502.0,2502.0,2502.0,2502.0,2502.0,2596.0,2502.0,2473.0,2502.0,2502.0,2502.0,2502.0,2502.0,2502.0,2502.0,2502.0,2502.0,2502.0,2502.0,2502.0,2502.0,2502.0,2502.0,2502.0,2502.0,2502.0,2502.0,2502.0,2502.0,2502.0,2502.0,2502.0,2504.0,2502.0,2502.0,2502.0,2502.0,2502.0,2502.0,2502.0,2502.0,2502.0,2502.0,2502.0,2502.0,2502.0,2502.0,2502.0,2502.0,2502.0,2502.0,2502.0,2502.0,2502.0,2502.0,2502.0,2502.0,2502.0,2502.0,2502.0,2502.0,2502.0,2502.0,2502.0,2502.0,2502.0,2502.0,2502.0,2502.0,2502.0,2502.0,2502.0,2502.0,2502.0,2502.0,2502.0,2502.0,2502.0,2502.0,2502.0,2502.0,2502.0,2548.0,2502.0,2502.0,2502.0,2502.0,2502.0,2502.0,2502.0,2502.0,2502.0,2502.0,2502.0,2502.0,2502.0,2502.0,2502.0,2502.0,2502.0,2502.0,2502.0,2502.0,2502.0,2502.0,2502.0,2502.0,2502.0,2502.0,2502.0,2502.0,2502.0,2502.0,2502.0,2502.0,2502.0,2502.0,2502.0,2502.0,2502.0,2502.0,2502.0,2502.0,2502.0,2548.0,2502.0,2502.0,2502.0,2502.0,2502.0,2502.0,2502.0,2502.0,2502.0,2502.0,2502.0,2502.0,2502.0,2502.0,2502.0,2502.0,2502.0,2502.0,2502.0,2502.0,2502.0,2502.0,2502.0,2502.0,2502.0,2571.0,2502.0,2502.0,2502.0,2502.0,2502.0,2502.0,2502.0,2502.0,2502.0,2502.0,2502.0,2547.0,2502.0,2502.0,2476.0,2502.0,2502.0,2502.0,2502.0,2502.0,2502.0,2502.0,2502.0,2522.0,2502.0,2555.0,2502.0,2502.0,2502.0,2502.0,2502.0,2502.0,2502.0,2502.0,2502.0,2502.0,2502.0,2502.0,2548.0,2502.0,2502.0,2502.0,2548.0,2502.0,2502.0,2502.0,2502.0,2502.0,2548.0,2502.0,2502.0,2502.0,2502.0,2502.0,2502.0,2502.0,2502.0,2502.0,2502.0,2502.0,2502.0,2502.0,2502.0,2502.0,2502.0,2502.0,2502.0,2502.0,2502.0,2502.0,2502.0,2502.0,2502.0,2502.0,2502.0,2531.0,2502.0,2502.0,2502.0,2502.0,2502.0,2540.0,2502.0,2502.0,2502.0,2540.0,2502.0,2502.0,2502.0,2502.0,2502.0,2502.0,2531.0,2531.0,2502.0,2502.0,2502.0,2502.0,2502.0,2502.0,2531.0,2502.0,2404.0,2502.0,2502.0,2502.0,2502.0,2502.0,2502.0,2516.0,2502.0,2502.0,2502.0,2502.0,2502.0,2438.0,2502.0,2502.0,2502.0,2502.0,2502.0,2502.0,2502.0,2502.0,2502.0,2502.0,2502.0,2502.0,2502.0,2502.0,2502.0,2502.0,2502.0,2502.0,2502.0,2476.0,2502.0,2502.0,2502.0,2502.0,2531.0,2502.0,2502.0,2502.0,2502.0,2502.0,2502.0,2502.0,2502.0,2502.0,2502.0,2502.0,2502.0,2502.0,2502.0,2502.0,2502.0,2502.0,2502.0,2502.0,2502.0,2502.0,2502.0,2531.0,2502.0,2502.0,2502.0,2502.0,2502.0,2502.0,2502.0,8245.0,8251.0,8245.0,8234.0,8245.0,8245.0,8219.0,8263.0,8245.0,8245.0,8306.0,8286.0,8245.0,8328.0,8480.0,8264.0,8245.0,8245.0,8245.0,8245.0,8245.0,8245.0,8245.0,8245.0,8245.0,8245.0,8245.0,8245.0,8245.0,8245.0,8245.0,8245.0,8245.0,8245.0,8245.0,8245.0,8240.0,8245.0,8245.0,8245.0,8245.0,8245.0,8245.0,8245.0,8245.0,8245.0,8245.0,8245.0,8245.0,8245.0,8245.0,8245.0,8245.0,8245.0,8286.0,8245.0,8245.0,8245.0,8245.0,8245.0,8245.0,8245.0,8245.0,8245.0,8245.0,8245.0,8245.0,8245.0,8286.0,8245.0,8245.0,8245.0,8245.0,8245.0,8245.0,8245.0,8245.0,8245.0,8245.0,8245.0,8245.0,8245.0,8245.0,8245.0,8245.0,8245.0,8245.0,8245.0,8245.0,8245.0,8245.0,8245.0,8274.0,8242.0,8245.0,8334.0,8245.0,8245.0,8245.0,8245.0,8245.0,8245.0,8245.0,8334.0,8245.0,8245.0,8245.0,8245.0,8245.0,8263.0,8263.0,8334.0,8245.0,8245.0,8245.0,8226.0,8245.0,8265.0,8245.0,8245.0,8245.0,8245.0,8245.0,8245.0,8251.0,8245.0,8245.0,8245.0,8245.0,8245.0,8156.0,8245.0,8245.0,8245.0,8245.0,8245.0,8245.0,8245.0,8245.0,8245.0,8245.0,8245.0,8245.0,8245.0,8245.0,8245.0,8245.0,8245.0,8245.0,8245.0,8245.0,8334.0,8257.0,8245.0,8245.0,8245.0,8245.0,8245.0,8245.0,8245.0,8245.0,8245.0,8245.0,8274.0,8263.0,8263.0,8245.0,8251.0,8245.0,8251.0,8245.0,8245.0,8245.0,8394.0,8334.0,8245.0,8245.0,8245.0,8244.0,8245.0,8245.0,8245.0,8334.0,8245.0,8245.0,8245.0,8245.0,8245.0,8245.0,8245.0,8245.0,8245.0,8245.0,8245.0,8245.0,8245.0,8245.0,8245.0,8245.0,8200.0,8245.0,8245.0,8245.0,8245.0,8200.0,8245.0,8245.0,8245.0,8245.0,8158.0,8245.0,8245.0,8245.0,8245.0,8245.0,8245.0,8156.0,8245.0,8245.0,8263.0,8263.0,8334.0,8245.0,8245.0,8473.0,8245.0,8263.0,8245.0,8334.0,8245.0,8245.0,8245.0,8245.0,8263.0,8245.0,8245.0,8245.0,8245.0,8245.0,8245.0,8245.0,8245.0,8245.0,8245.0,8245.0,8245.0,8245.0,8245.0,8245.0,8334.0,8245.0,8264.0,8245.0,8263.0,8245.0,8245.0,8245.0,8263.0,8334.0,8245.0,8245.0,8334.0,8245.0,8245.0,8245.0,8245.0,8245.0,8245.0,8245.0,8245.0,8245.0,8245.0,8245.0,8245.0,8245.0,8245.0,8245.0,8245.0,8245.0,8245.0,8245.0,8245.0,8245.0,8334.0,8245.0,8245.0,8263.0,8245.0,8245.0,8245.0,8334.0,8245.0,8334.0,8245.0,8334.0,8263.0,8245.0,8245.0,8245.0,8245.0,8245.0,8245.0,8263.0,8245.0,8263.0,8245.0,8245.0,8245.0,8334.0,8245.0,8245.0,8245.0,8245.0,8245.0,8245.0,8245.0,8245.0,8245.0,8245.0,8245.0,8245.0,8245.0,8245.0,8245.0,8245.0,8245.0,8245.0,8245.0,8334.0,8245.0,8334.0,8334.0,8245.0,8245.0,8245.0,8245.0,8245.0,8245.0,8264.0,8245.0,8245.0,8245.0,8245.0,8245.0,8245.0,8245.0,8245.0,8245.0,8245.0,8245.0,8245.0,8245.0,8245.0,8245.0,8334.0,8245.0,8274.0,8245.0,8245.0,8245.0,8334.0,8245.0,8245.0,8334.0,8245.0,8245.0,8245.0,8245.0,8245.0,8245.0,8245.0,8245.0,8334.0,8245.0,8245.0,8245.0,8334.0,8245.0,8245.0,8245.0,8245.0,8245.0,8245.0,8245.0,8245.0,8245.0,8245.0,8245.0,8334.0,8245.0,8334.0,8216.0,8245.0,8245.0,8245.0,8264.0,8245.0,8245.0,8334.0,8245.0,8334.0,8245.0,8245.0,8334.0,8334.0,8334.0,8245.0,8245.0,8264.0,8305.0,8245.0,8245.0,8334.0,8334.0,8264.0,8264.0,8334.0,8245.0,8334.0,8334.0,8334.0,8334.0,8346.0,8245.0,8334.0,8334.0,8264.0,8334.0,8334.0,8245.0,8334.0,8245.0,8334.0,8334.0,8334.0,8264.0,8334.0,8264.0,8334.0,8334.0,8264.0,8264.0,8264.0,8264.0,8264.0,8334.0,8334.0,8221.0,8264.0,8270.0,8264.0,8264.0,8264.0,8264.0,8245.0,8264.0,8264.0,8264.0,8264.0,8264.0,8264.0,8193.0,8264.0,8348.0,8264.0,8348.0,8264.0,8264.0,8346.0,8264.0,8245.0,8245.0,128.0,173.0,489.0,250.0,99.0,231.0,231.0,231.0,231.0,231.0,231.0,231.0,231.0,231.0,231.0,231.0,231.0,231.0,231.0,231.0,231.0,231.0,231.0,231.0,231.0,231.0,231.0,231.0,231.0,231.0,231.0,231.0,231.0,231.0,231.0,231.0,231.0,231.0,231.0,231.0,231.0,260.0,231.0,231.0,231.0,320.0,231.0,231.0,320.0,231.0,231.0,260.0,231.0,231.0,260.0,287.0,257.0,303.0,257.0,250.0,257.0,257.0,250.0,231.0,277.0,250.0,250.0,231.0,231.0,250.0,231.0,231.0,231.0,231.0,231.0,231.0,231.0,231.0,231.0,231.0,231.0,257.0,250.0,231.0,231.0,231.0,231.0,231.0,231.0,231.0,231.0,231.0,231.0,231.0,231.0,277.0,231.0,231.0,231.0,231.0,231.0,231.0,231.0,231.0,231.0,231.0,231.0,231.0,231.0,231.0,231.0,231.0,231.0,231.0,231.0,231.0,231.0,231.0,231.0,231.0,231.0,231.0,231.0,231.0,231.0,231.0,231.0,231.0,231.0,231.0,231.0,231.0,231.0,231.0,231.0,231.0,208.0,231.0,231.0,231.0,231.0,250.0,231.0,231.0,231.0,231.0,231.0,231.0,252.0,231.0,250.0,231.0,231.0,231.0,231.0,231.0,231.0,231.0,231.0,231.0,231.0,231.0,250.0,231.0,231.0,231.0,231.0,231.0,250.0,231.0,231.0,250.0,250.0,231.0,231.0,231.0,250.0,231.0,231.0,231.0,231.0,231.0,231.0,231.0,231.0,231.0,231.0,231.0,231.0,231.0,231.0,277.0,231.0,231.0,231.0,231.0,231.0,231.0,231.0,231.0,277.0,231.0,231.0,321.0,231.0,231.0,231.0,231.0,287.0,231.0,231.0,231.0,231.0,231.0,231.0,231.0,231.0,231.0,231.0,173.0,231.0,231.0,231.0,231.0,250.0,231.0,231.0,279.0,231.0,231.0,231.0,231.0,231.0,231.0,231.0,231.0,231.0,231.0,231.0,231.0,231.0,231.0,231.0,231.0,231.0,254.0,231.0,231.0,231.0,287.0,231.0,231.0,231.0,231.0,231.0,231.0,231.0,231.0,231.0,231.0,231.0,250.0,231.0,231.0,231.0,231.0,231.0,231.0,231.0,231.0,231.0,241.0,231.0,231.0,231.0,287.0,231.0,231.0,231.0,231.0,231.0,231.0,231.0,231.0,231.0,231.0,231.0,295.0,231.0,231.0,231.0,287.0,231.0,231.0,231.0,209.0,231.0,287.0,231.0,231.0,231.0,231.0,231.0,231.0,231.0,231.0,231.0,231.0,231.0,231.0,231.0,231.0,260.0,231.0,231.0,231.0,287.0,231.0,231.0,231.0,231.0,231.0,231.0,231.0,231.0,231.0,231.0,277.0,231.0,287.0,231.0,231.0,231.0,231.0,231.0,231.0,287.0,231.0,231.0,231.0,231.0,287.0,231.0,257.0,295.0,250.0,231.0,250.0,250.0,250.0,250.0,250.0,250.0,250.0,250.0,250.0,250.0,250.0,250.0,250.0,231.0,250.0,296.0,221.0,250.0,231.0,250.0,250.0,250.0,250.0,250.0,250.0,250.0,250.0,250.0,250.0,250.0,250.0,314.0,250.0,250.0,250.0,250.0
hDenV4/Colombia/SAN-UR-LV122006/2009,3080.0,3058.0,3058.0,3058.0,3058.0,3058.0,3058.0,3079.0,3058.0,3127.0,3111.0,3193.0,3080.0,3044.0,3046.0,3046.0,3046.0,3084.0,3046.0,3084.0,3084.0,3050.0,3050.0,3050.0,3050.0,3070.0,3070.0,3084.0,3058.0,3084.0,3050.0,3058.0,3050.0,3084.0,3104.0,3070.0,3050.0,3055.0,3050.0,3050.0,3050.0,3050.0,3050.0,3084.0,3050.0,3050.0,3036.0,3084.0,3058.0,3058.0,3058.0,3058.0,3094.0,3094.0,3094.0,3142.0,3050.0,3058.0,3116.0,3050.0,3058.0,3050.0,3050.0,3050.0,3058.0,3058.0,3084.0,3050.0,3058.0,3084.0,3084.0,3050.0,3050.0,3084.0,3050.0,3050.0,3058.0,3058.0,3058.0,3058.0,3063.0,3058.0,3058.0,3058.0,3058.0,3063.0,3058.0,3036.0,3084.0,3058.0,3058.0,3058.0,3058.0,3058.0,3050.0,3058.0,3050.0,3050.0,3050.0,3058.0,3050.0,3058.0,3058.0,3050.0,3058.0,3058.0,3058.0,3050.0,3050.0,3058.0,3050.0,3044.0,3058.0,3058.0,3046.0,3058.0,3058.0,3058.0,3058.0,3058.0,3058.0,3050.0,3058.0,3084.0,3058.0,3058.0,3058.0,3058.0,2994.0,3058.0,3058.0,3058.0,3044.0,3058.0,3058.0,3058.0,3058.0,3116.0,3058.0,3058.0,3058.0,3058.0,3116.0,3044.0,3058.0,3050.0,3058.0,3044.0,3058.0,3058.0,3058.0,3058.0,3050.0,3058.0,3058.0,3058.0,3058.0,3050.0,3058.0,3058.0,3058.0,3058.0,3058.0,3058.0,3043.0,3058.0,3058.0,3058.0,3095.0,3058.0,3058.0,3058.0,3058.0,3058.0,3058.0,3058.0,3058.0,3058.0,3037.0,3058.0,3058.0,3058.0,3031.0,3058.0,3058.0,3165.0,3058.0,3058.0,3045.0,3058.0,3098.0,3058.0,3058.0,3058.0,3058.0,3058.0,3058.0,3039.0,3058.0,3058.0,3058.0,3058.0,3046.0,3116.0,3058.0,3058.0,3058.0,3058.0,3058.0,3058.0,3058.0,3058.0,3058.0,3058.0,3165.0,3058.0,3058.0,3058.0,3058.0,3058.0,3050.0,3058.0,3127.0,3058.0,3058.0,3058.0,3058.0,3058.0,3058.0,3058.0,3050.0,3058.0,3050.0,3050.0,3058.0,3050.0,3058.0,3058.0,3058.0,3058.0,3116.0,3058.0,3058.0,3050.0,3050.0,3050.0,3058.0,3058.0,3050.0,3058.0,3116.0,3058.0,3058.0,3050.0,3058.0,3058.0,3058.0,3058.0,3058.0,3058.0,3058.0,3058.0,3058.0,3058.0,3058.0,3122.0,3058.0,3058.0,3058.0,3058.0,3058.0,3058.0,3058.0,3058.0,3079.0,3058.0,3058.0,3058.0,3058.0,3058.0,3058.0,3058.0,3058.0,3044.0,3134.0,3050.0,3058.0,3058.0,3058.0,3058.0,3058.0,3058.0,3058.0,3068.0,3058.0,3058.0,3058.0,3058.0,3058.0,3044.0,3058.0,3058.0,3058.0,3058.0,3079.0,3058.0,3058.0,3058.0,3058.0,3044.0,3058.0,3058.0,3058.0,3044.0,3058.0,3058.0,3058.0,3058.0,3058.0,3058.0,3058.0,3058.0,3058.0,3058.0,3058.0,3058.0,3058.0,3058.0,3058.0,3058.0,3058.0,3058.0,3146.0,3058.0,3058.0,3058.0,3058.0,3058.0,3116.0,3058.0,3022.0,3058.0,3058.0,3079.0,3058.0,3058.0,3006.0,3040.0,3058.0,3058.0,3058.0,3046.0,3058.0,3058.0,3058.0,3043.0,3116.0,3058.0,3045.0,3058.0,3058.0,3058.0,3058.0,3058.0,3058.0,3058.0,3058.0,3058.0,3116.0,3058.0,3058.0,3058.0,3058.0,3058.0,3058.0,3058.0,3116.0,3058.0,2969.0,3058.0,3058.0,3058.0,3058.0,3058.0,3058.0,3082.0,3058.0,3058.0,3058.0,3046.0,3058.0,3058.0,3058.0,3058.0,3058.0,3058.0,3058.0,3058.0,3058.0,3058.0,3058.0,3058.0,3058.0,3116.0,3058.0,3058.0,3058.0,3058.0,3058.0,3058.0,3058.0,3116.0,3085.0,3058.0,3116.0,3058.0,3058.0,3058.0,3058.0,3058.0,3058.0,3058.0,3058.0,3058.0,3121.0,3058.0,3058.0,3121.0,3046.0,3130.0,3058.0,3046.0,3058.0,3040.0,3058.0,3116.0,3058.0,3058.0,3058.0,3096.0,3058.0,3058.0,3058.0,3022.0,3058.0,3180.0,3058.0,3058.0,3058.0,3121.0,3046.0,3058.0,3058.0,3090.0,3058.0,3116.0,3058.0,3058.0,3046.0,3050.0,3058.0,3058.0,3058.0,3058.0,3058.0,3058.0,3058.0,3058.0,3058.0,2994.0,3058.0,3058.0,3044.0,3058.0,3116.0,3058.0,3058.0,3058.0,3058.0,3058.0,3058.0,3058.0,3058.0,3040.0,3058.0,3116.0,3058.0,3116.0,3058.0,3058.0,3085.0,3058.0,3058.0,3046.0,3058.0,3058.0,3058.0,3058.0,3116.0,3058.0,3058.0,3058.0,3058.0,3046.0,3116.0,3058.0,3116.0,3058.0,3058.0,3116.0,3058.0,3058.0,3058.0,3044.0,3058.0,3058.0,3058.0,3058.0,3058.0,3058.0,3090.0,3046.0,3058.0,3058.0,2994.0,2994.0,2994.0,3116.0,3078.0,3058.0,3058.0,3058.0,3139.0,3058.0,3058.0,2994.0,3090.0,3058.0,3068.0,3058.0,2994.0,3116.0,3046.0,3058.0,3058.0,3058.0,2994.0,3058.0,3058.0,3058.0,3046.0,3088.0,2994.0,3058.0,3058.0,2994.0,2994.0,2994.0,3058.0,3090.0,3058.0,3058.0,3058.0,2994.0,3058.0,2994.0,3058.0,3058.0,3058.0,2994.0,3058.0,3116.0,3058.0,3046.0,3058.0,2994.0,3058.0,2994.0,3058.0,3131.0,2994.0,3116.0,3058.0,3058.0,3058.0,3058.0,3058.0,3116.0,3116.0,3058.0,3058.0,3058.0,3058.0,3058.0,2994.0,3052.0,2994.0,3058.0,3058.0,3058.0,2994.0,2994.0,3058.0,3058.0,3058.0,3096.0,3116.0,3058.0,3058.0,3058.0,3090.0,3058.0,3058.0,3058.0,3058.0,3058.0,3058.0,3058.0,3058.0,3058.0,3058.0,3058.0,3058.0,3090.0,3090.0,3058.0,3058.0,3080.0,3058.0,3058.0,3058.0,3058.0,3058.0,3058.0,3058.0,3058.0,3058.0,3058.0,3058.0,3139.0,3058.0,3058.0,3067.0,2959.0,3058.0,3058.0,3058.0,3058.0,3058.0,3058.0,3079.0,3058.0,3058.0,3058.0,3058.0,3096.0,3058.0,3058.0,3087.0,3058.0,3058.0,3058.0,3058.0,3058.0,3058.0,2994.0,3117.0,3058.0,3058.0,3046.0,3058.0,3058.0,3139.0,3139.0,3058.0,3116.0,2994.0,2994.0,2994.0,3058.0,3058.0,3135.0,3018.0,2429.0,2502.0,2502.0,2534.0,2470.0,2449.0,2497.0,2420.0,2502.0,2502.0,2502.0,2502.0,2502.0,2548.0,2502.0,2502.0,2502.0,2548.0,2473.0,2502.0,2502.0,2502.0,2473.0,2502.0,2473.0,2540.0,2502.0,2531.0,2502.0,2473.0,2473.0,2502.0,2502.0,2502.0,2502.0,2502.0,2502.0,2502.0,2502.0,2502.0,2473.0,2473.0,2502.0,2502.0,2502.0,2502.0,2473.0,2502.0,2502.0,2502.0,2502.0,2473.0,2502.0,2502.0,2502.0,2502.0,2502.0,2502.0,2502.0,2473.0,2502.0,2502.0,2513.0,2502.0,2502.0,2502.0,2444.0,2473.0,2502.0,2502.0,2473.0,2502.0,2502.0,2502.0,2502.0,2502.0,2502.0,2473.0,2473.0,2502.0,2566.0,2502.0,2502.0,2473.0,2502.0,2502.0,2502.0,2502.0,2502.0,2502.0,2502.0,2473.0,2502.0,2502.0,2473.0,2502.0,2502.0,2502.0,2502.0,2502.0,2473.0,2473.0,2502.0,2502.0,2502.0,2502.0,2502.0,2502.0,2473.0,2502.0,2502.0,2502.0,2502.0,2502.0,2502.0,2502.0,2502.0,2473.0,2502.0,2502.0,2502.0,2502.0,2502.0,2502.0,2502.0,2502.0,2502.0,2596.0,2502.0,2473.0,2502.0,2502.0,2502.0,2502.0,2502.0,2502.0,2502.0,2502.0,2502.0,2502.0,2502.0,2502.0,2502.0,2502.0,2502.0,2502.0,2502.0,2502.0,2502.0,2502.0,2502.0,2502.0,2502.0,2502.0,2504.0,2502.0,2502.0,2502.0,2502.0,2502.0,2502.0,2502.0,2502.0,2502.0,2502.0,2502.0,2502.0,2502.0,2502.0,2502.0,2502.0,2502.0,2502.0,2502.0,2502.0,2502.0,2502.0,2502.0,2502.0,2502.0,2502.0,2502.0,2502.0,2502.0,2502.0,2502.0,2502.0,2502.0,2502.0,2502.0,2502.0,2502.0,2502.0,2502.0,2502.0,2502.0,2502.0,2502.0,2502.0,2502.0,2502.0,2502.0,2502.0,2502.0,2548.0,2502.0,2502.0,2502.0,2502.0,2502.0,2502.0,2502.0,2502.0,2502.0,2502.0,2502.0,2502.0,2502.0,2502.0,2502.0,2502.0,2502.0,2502.0,2502.0,2502.0,2502.0,2502.0,2502.0,2502.0,2502.0,2502.0,2502.0,2502.0,2502.0,2502.0,2502.0,2502.0,2502.0,2502.0,2502.0,2502.0,2502.0,2502.0,2502.0,2502.0,2502.0,2548.0,2502.0,2502.0,2502.0,2502.0,2502.0,2502.0,2502.0,2502.0,2502.0,2502.0,2502.0,2502.0,2502.0,2502.0,2502.0,2502.0,2502.0,2502.0,2502.0,2502.0,2502.0,2502.0,2502.0,2502.0,2502.0,2571.0,2502.0,2502.0,2502.0,2502.0,2502.0,2502.0,2502.0,2502.0,2502.0,2502.0,2502.0,2547.0,2502.0,2502.0,2476.0,2502.0,2502.0,2502.0,2502.0,2502.0,2502.0,2502.0,2502.0,2522.0,2502.0,2555.0,2502.0,2502.0,2502.0,2502.0,2502.0,2502.0,2502.0,2502.0,2502.0,2502.0,2502.0,2502.0,2548.0,2502.0,2502.0,2502.0,2548.0,2502.0,2502.0,2502.0,2502.0,2502.0,2548.0,2502.0,2502.0,2502.0,2502.0,2502.0,2502.0,2502.0,2502.0,2502.0,2502.0,2502.0,2502.0,2502.0,2502.0,2502.0,2502.0,2502.0,2502.0,2502.0,2502.0,2502.0,2502.0,2502.0,2502.0,2502.0,2502.0,2531.0,2502.0,2502.0,2502.0,2502.0,2502.0,2540.0,2502.0,2502.0,2502.0,2540.0,2502.0,2502.0,2502.0,2502.0,2502.0,2502.0,2531.0,2531.0,2502.0,2502.0,2502.0,2502.0,2502.0,2502.0,2531.0,2502.0,2404.0,2502.0,2502.0,2502.0,2502.0,2502.0,2502.0,2516.0,2502.0,2502.0,2502.0,2502.0,2502.0,2438.0,2502.0,2502.0,2502.0,2502.0,2502.0,2502.0,2502.0,2502.0,2502.0,2502.0,2502.0,2502.0,2502.0,2502.0,2502.0,2502.0,2502.0,2502.0,2502.0,2476.0,2502.0,2502.0,2502.0,2502.0,2531.0,2502.0,2502.0,2502.0,2502.0,2502.0,2502.0,2502.0,2502.0,2502.0,2502.0,2502.0,2502.0,2502.0,2502.0,2502.0,2502.0,2502.0,2502.0,2502.0,2502.0,2502.0,2502.0,2531.0,2502.0,2502.0,2502.0,2502.0,2502.0,2502.0,2502.0,8245.0,8251.0,8245.0,8234.0,8245.0,8245.0,8219.0,8263.0,8245.0,8245.0,8306.0,8286.0,8245.0,8328.0,8480.0,8264.0,8245.0,8245.0,8245.0,8245.0,8245.0,8245.0,8245.0,8245.0,8245.0,8245.0,8245.0,8245.0,8245.0,8245.0,8245.0,8245.0,8245.0,8245.0,8245.0,8245.0,8240.0,8245.0,8245.0,8245.0,8245.0,8245.0,8245.0,8245.0,8245.0,8245.0,8245.0,8245.0,8245.0,8245.0,8245.0,8245.0,8245.0,8245.0,8286.0,8245.0,8245.0,8245.0,8245.0,8245.0,8245.0,8245.0,8245.0,8245.0,8245.0,8245.0,8245.0,8245.0,8286.0,8245.0,8245.0,8245.0,8245.0,8245.0,8245.0,8245.0,8245.0,8245.0,8245.0,8245.0,8245.0,8245.0,8245.0,8245.0,8245.0,8245.0,8245.0,8245.0,8245.0,8245.0,8245.0,8245.0,8274.0,8242.0,8245.0,8334.0,8245.0,8245.0,8245.0,8245.0,8245.0,8245.0,8245.0,8334.0,8245.0,8245.0,8245.0,8245.0,8245.0,8263.0,8263.0,8334.0,8245.0,8245.0,8245.0,8226.0,8245.0,8265.0,8245.0,8245.0,8245.0,8245.0,8245.0,8245.0,8251.0,8245.0,8245.0,8245.0,8245.0,8245.0,8156.0,8245.0,8245.0,8245.0,8245.0,8245.0,8245.0,8245.0,8245.0,8245.0,8245.0,8245.0,8245.0,8245.0,8245.0,8245.0,8245.0,8245.0,8245.0,8245.0,8245.0,8334.0,8257.0,8245.0,8245.0,8245.0,8245.0,8245.0,8245.0,8245.0,8245.0,8245.0,8245.0,8274.0,8263.0,8263.0,8245.0,8251.0,8245.0,8251.0,8245.0,8245.0,8245.0,8394.0,8334.0,8245.0,8245.0,8245.0,8244.0,8245.0,8245.0,8245.0,8334.0,8245.0,8245.0,8245.0,8245.0,8245.0,8245.0,8245.0,8245.0,8245.0,8245.0,8245.0,8245.0,8245.0,8245.0,8245.0,8245.0,8200.0,8245.0,8245.0,8245.0,8245.0,8200.0,8245.0,8245.0,8245.0,8245.0,8158.0,8245.0,8245.0,8245.0,8245.0,8245.0,8245.0,8156.0,8245.0,8245.0,8263.0,8263.0,8334.0,8245.0,8245.0,8473.0,8245.0,8263.0,8245.0,8334.0,8245.0,8245.0,8245.0,8245.0,8263.0,8245.0,8245.0,8245.0,8245.0,8245.0,8245.0,8245.0,8245.0,8245.0,8245.0,8245.0,8245.0,8245.0,8245.0,8245.0,8334.0,8245.0,8264.0,8245.0,8263.0,8245.0,8245.0,8245.0,8263.0,8334.0,8245.0,8245.0,8334.0,8245.0,8245.0,8245.0,8245.0,8245.0,8245.0,8245.0,8245.0,8245.0,8245.0,8245.0,8245.0,8245.0,8245.0,8245.0,8245.0,8245.0,8245.0,8245.0,8245.0,8245.0,8334.0,8245.0,8245.0,8263.0,8245.0,8245.0,8245.0,8334.0,8245.0,8334.0,8245.0,8334.0,8263.0,8245.0,8245.0,8245.0,8245.0,8245.0,8245.0,8263.0,8245.0,8263.0,8245.0,8245.0,8245.0,8334.0,8245.0,8245.0,8245.0,8245.0,8245.0,8245.0,8245.0,8245.0,8245.0,8245.0,8245.0,8245.0,8245.0,8245.0,8245.0,8245.0,8245.0,8245.0,8245.0,8334.0,8245.0,8334.0,8334.0,8245.0,8245.0,8245.0,8245.0,8245.0,8245.0,8264.0,8245.0,8245.0,8245.0,8245.0,8245.0,8245.0,8245.0,8245.0,8245.0,8245.0,8245.0,8245.0,8245.0,8245.0,8245.0,8334.0,8245.0,8274.0,8245.0,8245.0,8245.0,8334.0,8245.0,8245.0,8334.0,8245.0,8245.0,8245.0,8245.0,8245.0,8245.0,8245.0,8245.0,8334.0,8245.0,8245.0,8245.0,8334.0,8245.0,8245.0,8245.0,8245.0,8245.0,8245.0,8245.0,8245.0,8245.0,8245.0,8245.0,8334.0,8245.0,8334.0,8216.0,8245.0,8245.0,8245.0,8264.0,8245.0,8245.0,8334.0,8245.0,8334.0,8245.0,8245.0,8334.0,8334.0,8334.0,8245.0,8245.0,8264.0,8305.0,8245.0,8245.0,8334.0,8334.0,8264.0,8264.0,8334.0,8245.0,8334.0,8334.0,8334.0,8334.0,8346.0,8245.0,8334.0,8334.0,8264.0,8334.0,8334.0,8245.0,8334.0,8245.0,8334.0,8334.0,8334.0,8264.0,8334.0,8264.0,8334.0,8334.0,8264.0,8264.0,8264.0,8264.0,8264.0,8334.0,8334.0,8221.0,8264.0,8270.0,8264.0,8264.0,8264.0,8264.0,8245.0,8264.0,8264.0,8264.0,8264.0,8264.0,8264.0,8193.0,8264.0,8348.0,8264.0,8348.0,8264.0,8264.0,8346.0,8264.0,8245.0,8245.0,128.0,173.0,489.0,250.0,99.0,231.0,231.0,231.0,231.0,231.0,231.0,231.0,231.0,231.0,231.0,231.0,231.0,231.0,231.0,231.0,231.0,231.0,231.0,231.0,231.0,231.0,231.0,231.0,231.0,231.0,231.0,231.0,231.0,231.0,231.0,231.0,231.0,231.0,231.0,231.0,231.0,260.0,231.0,231.0,231.0,320.0,231.0,231.0,320.0,231.0,231.0,260.0,231.0,231.0,260.0,287.0,257.0,303.0,257.0,250.0,257.0,257.0,250.0,231.0,277.0,250.0,250.0,231.0,231.0,250.0,231.0,231.0,231.0,231.0,231.0,231.0,231.0,231.0,231.0,231.0,231.0,257.0,250.0,231.0,231.0,231.0,231.0,231.0,231.0,231.0,231.0,231.0,231.0,231.0,231.0,277.0,231.0,231.0,231.0,231.0,231.0,231.0,231.0,231.0,231.0,231.0,231.0,231.0,231.0,231.0,231.0,231.0,231.0,231.0,231.0,231.0,231.0,231.0,231.0,231.0,231.0,231.0,231.0,231.0,231.0,231.0,231.0,231.0,231.0,231.0,231.0,231.0,231.0,231.0,231.0,231.0,208.0,231.0,231.0,231.0,231.0,250.0,231.0,231.0,231.0,231.0,231.0,231.0,252.0,231.0,250.0,231.0,231.0,231.0,231.0,231.0,231.0,231.0,231.0,231.0,231.0,231.0,250.0,231.0,231.0,231.0,231.0,231.0,250.0,231.0,231.0,250.0,250.0,231.0,231.0,231.0,250.0,231.0,231.0,231.0,231.0,231.0,231.0,231.0,231.0,231.0,231.0,231.0,231.0,231.0,231.0,277.0,231.0,231.0,231.0,231.0,231.0,231.0,231.0,231.0,277.0,231.0,231.0,321.0,231.0,231.0,231.0,231.0,287.0,231.0,231.0,231.0,231.0,231.0,231.0,231.0,231.0,231.0,231.0,173.0,231.0,231.0,231.0,231.0,250.0,231.0,231.0,279.0,231.0,231.0,231.0,231.0,231.0,231.0,231.0,231.0,231.0,231.0,231.0,231.0,231.0,231.0,231.0,231.0,231.0,254.0,231.0,231.0,231.0,287.0,231.0,231.0,231.0,231.0,231.0,231.0,231.0,231.0,231.0,231.0,231.0,250.0,231.0,231.0,231.0,231.0,231.0,231.0,231.0,231.0,231.0,241.0,231.0,231.0,231.0,287.0,231.0,231.0,231.0,231.0,231.0,231.0,231.0,231.0,231.0,231.0,231.0,295.0,231.0,231.0,231.0,287.0,231.0,231.0,231.0,209.0,231.0,287.0,231.0,231.0,231.0,231.0,231.0,231.0,231.0,231.0,231.0,231.0,231.0,231.0,231.0,231.0,260.0,231.0,231.0,231.0,287.0,231.0,231.0,231.0,231.0,231.0,231.0,231.0,231.0,231.0,231.0,277.0,231.0,287.0,231.0,231.0,231.0,231.0,231.0,231.0,287.0,231.0,231.0,231.0,231.0,287.0,231.0,257.0,295.0,250.0,231.0,250.0,250.0,250.0,250.0,250.0,250.0,250.0,250.0,250.0,250.0,250.0,250.0,250.0,231.0,250.0,296.0,221.0,250.0,231.0,250.0,250.0,250.0,250.0,250.0,250.0,250.0,250.0,250.0,250.0,250.0,250.0,314.0,250.0,250.0,250.0,250.0
hDenV4/Colombia/SAN-UR-LV141007/2010,3080.0,3058.0,3058.0,3058.0,3058.0,3058.0,3058.0,3079.0,3058.0,3127.0,3111.0,3193.0,3080.0,3044.0,3046.0,3046.0,3046.0,3084.0,3046.0,3084.0,3084.0,3050.0,3050.0,3050.0,3050.0,3070.0,3070.0,3084.0,3058.0,3084.0,3050.0,3058.0,3050.0,3084.0,3104.0,3070.0,3050.0,3055.0,3050.0,3050.0,3050.0,3050.0,3050.0,3084.0,3050.0,3050.0,3036.0,3084.0,3058.0,3058.0,3058.0,3058.0,3094.0,3094.0,3094.0,3142.0,3050.0,3058.0,3116.0,3050.0,3058.0,3050.0,3050.0,3050.0,3058.0,3058.0,3084.0,3050.0,3058.0,3084.0,3084.0,3050.0,3050.0,3084.0,3050.0,3050.0,3058.0,3058.0,3058.0,3058.0,3063.0,3058.0,3058.0,3058.0,3058.0,3063.0,3058.0,3036.0,3084.0,3058.0,3058.0,3058.0,3058.0,3058.0,3050.0,3058.0,3050.0,3050.0,3050.0,3058.0,3050.0,3058.0,3058.0,3050.0,3058.0,3058.0,3058.0,3050.0,3050.0,3058.0,3050.0,3044.0,3058.0,3058.0,3046.0,3058.0,3058.0,3058.0,3058.0,3058.0,3058.0,3050.0,3058.0,3084.0,3058.0,3058.0,3058.0,3058.0,2994.0,3058.0,3058.0,3058.0,3044.0,3058.0,3058.0,3058.0,3058.0,3116.0,3058.0,3058.0,3058.0,3058.0,3116.0,3044.0,3058.0,3050.0,3058.0,3044.0,3058.0,3058.0,3058.0,3058.0,3050.0,3058.0,3058.0,3058.0,3058.0,3050.0,3058.0,3058.0,3058.0,3058.0,3058.0,3058.0,3043.0,3058.0,3058.0,3058.0,3095.0,3058.0,3058.0,3058.0,3058.0,3058.0,3058.0,3058.0,3058.0,3058.0,3037.0,3058.0,3058.0,3058.0,3031.0,3058.0,3058.0,3165.0,3058.0,3058.0,3045.0,3058.0,3098.0,3058.0,3058.0,3058.0,3058.0,3058.0,3058.0,3039.0,3058.0,3058.0,3058.0,3058.0,3046.0,3116.0,3058.0,3058.0,3058.0,3058.0,3058.0,3058.0,3058.0,3058.0,3058.0,3058.0,3165.0,3058.0,3058.0,3058.0,3058.0,3058.0,3050.0,3058.0,3127.0,3058.0,3058.0,3058.0,3058.0,3058.0,3058.0,3058.0,3050.0,3058.0,3050.0,3050.0,3058.0,3050.0,3058.0,3058.0,3058.0,3058.0,3116.0,3058.0,3058.0,3050.0,3050.0,3050.0,3058.0,3058.0,3050.0,3058.0,3116.0,3058.0,3058.0,3050.0,3058.0,3058.0,3058.0,3058.0,3058.0,3058.0,3058.0,3058.0,3058.0,3058.0,3058.0,3122.0,3058.0,3058.0,3058.0,3058.0,3058.0,3058.0,3058.0,3058.0,3079.0,3058.0,3058.0,3058.0,3058.0,3058.0,3058.0,3058.0,3058.0,3044.0,3134.0,3050.0,3058.0,3058.0,3058.0,3058.0,3058.0,3058.0,3058.0,3068.0,3058.0,3058.0,3058.0,3058.0,3058.0,3044.0,3058.0,3058.0,3058.0,3058.0,3079.0,3058.0,3058.0,3058.0,3058.0,3044.0,3058.0,3058.0,3058.0,3044.0,3058.0,3058.0,3058.0,3058.0,3058.0,3058.0,3058.0,3058.0,3058.0,3058.0,3058.0,3058.0,3058.0,3058.0,3058.0,3058.0,3058.0,3058.0,3146.0,3058.0,3058.0,3058.0,3058.0,3058.0,3116.0,3058.0,3022.0,3058.0,3058.0,3079.0,3058.0,3058.0,3006.0,3040.0,3058.0,3058.0,3058.0,3046.0,3058.0,3058.0,3058.0,3043.0,3116.0,3058.0,3045.0,3058.0,3058.0,3058.0,3058.0,3058.0,3058.0,3058.0,3058.0,3058.0,3116.0,3058.0,3058.0,3058.0,3058.0,3058.0,3058.0,3058.0,3116.0,3058.0,2969.0,3058.0,3058.0,3058.0,3058.0,3058.0,3058.0,3082.0,3058.0,3058.0,3058.0,3046.0,3058.0,3058.0,3058.0,3058.0,3058.0,3058.0,3058.0,3058.0,3058.0,3058.0,3058.0,3058.0,3058.0,3116.0,3058.0,3058.0,3058.0,3058.0,3058.0,3058.0,3058.0,3116.0,3085.0,3058.0,3116.0,3058.0,3058.0,3058.0,3058.0,3058.0,3058.0,3058.0,3058.0,3058.0,3121.0,3058.0,3058.0,3121.0,3046.0,3130.0,3058.0,3046.0,3058.0,3040.0,3058.0,3116.0,3058.0,3058.0,3058.0,3096.0,3058.0,3058.0,3058.0,3022.0,3058.0,3180.0,3058.0,3058.0,3058.0,3121.0,3046.0,3058.0,3058.0,3090.0,3058.0,3116.0,3058.0,3058.0,3046.0,3050.0,3058.0,3058.0,3058.0,3058.0,3058.0,3058.0,3058.0,3058.0,3058.0,2994.0,3058.0,3058.0,3044.0,3058.0,3116.0,3058.0,3058.0,3058.0,3058.0,3058.0,3058.0,3058.0,3058.0,3040.0,3058.0,3116.0,3058.0,3116.0,3058.0,3058.0,3085.0,3058.0,3058.0,3046.0,3058.0,3058.0,3058.0,3058.0,3116.0,3058.0,3058.0,3058.0,3058.0,3046.0,3116.0,3058.0,3116.0,3058.0,3058.0,3116.0,3058.0,3058.0,3058.0,3044.0,3058.0,3058.0,3058.0,3058.0,3058.0,3058.0,3090.0,3046.0,3058.0,3058.0,2994.0,2994.0,2994.0,3116.0,3078.0,3058.0,3058.0,3058.0,3139.0,3058.0,3058.0,2994.0,3090.0,3058.0,3068.0,3058.0,2994.0,3116.0,3046.0,3058.0,3058.0,3058.0,2994.0,3058.0,3058.0,3058.0,3046.0,3088.0,2994.0,3058.0,3058.0,2994.0,2994.0,2994.0,3058.0,3090.0,3058.0,3058.0,3058.0,2994.0,3058.0,2994.0,3058.0,3058.0,3058.0,2994.0,3058.0,3116.0,3058.0,3046.0,3058.0,2994.0,3058.0,2994.0,3058.0,3131.0,2994.0,3116.0,3058.0,3058.0,3058.0,3058.0,3058.0,3116.0,3116.0,3058.0,3058.0,3058.0,3058.0,3058.0,2994.0,3052.0,2994.0,3058.0,3058.0,3058.0,2994.0,2994.0,3058.0,3058.0,3058.0,3096.0,3116.0,3058.0,3058.0,3058.0,3090.0,3058.0,3058.0,3058.0,3058.0,3058.0,3058.0,3058.0,3058.0,3058.0,3058.0,3058.0,3058.0,3090.0,3090.0,3058.0,3058.0,3080.0,3058.0,3058.0,3058.0,3058.0,3058.0,3058.0,3058.0,3058.0,3058.0,3058.0,3058.0,3139.0,3058.0,3058.0,3067.0,2959.0,3058.0,3058.0,3058.0,3058.0,3058.0,3058.0,3079.0,3058.0,3058.0,3058.0,3058.0,3096.0,3058.0,3058.0,3087.0,3058.0,3058.0,3058.0,3058.0,3058.0,3058.0,2994.0,3117.0,3058.0,3058.0,3046.0,3058.0,3058.0,3139.0,3139.0,3058.0,3116.0,2994.0,2994.0,2994.0,3058.0,3058.0,3135.0,3018.0,2429.0,2502.0,2502.0,2534.0,2470.0,2449.0,2497.0,2420.0,2502.0,2502.0,2502.0,2502.0,2502.0,2548.0,2502.0,2502.0,2502.0,2548.0,2473.0,2502.0,2502.0,2502.0,2473.0,2502.0,2473.0,2540.0,2502.0,2531.0,2502.0,2473.0,2473.0,2502.0,2502.0,2502.0,2502.0,2502.0,2502.0,2502.0,2502.0,2502.0,2473.0,2473.0,2502.0,2502.0,2502.0,2502.0,2473.0,2502.0,2502.0,2502.0,2502.0,2473.0,2502.0,2502.0,2502.0,2502.0,2502.0,2502.0,2502.0,2473.0,2502.0,2502.0,2513.0,2502.0,2502.0,2502.0,2444.0,2473.0,2502.0,2502.0,2473.0,2502.0,2502.0,2502.0,2502.0,2502.0,2502.0,2473.0,2473.0,2502.0,2566.0,2502.0,2502.0,2473.0,2502.0,2502.0,2502.0,2502.0,2502.0,2502.0,2502.0,2473.0,2502.0,2502.0,2473.0,2502.0,2502.0,2502.0,2502.0,2502.0,2473.0,2473.0,2502.0,2502.0,2502.0,2502.0,2502.0,2502.0,2473.0,2502.0,2502.0,2502.0,2502.0,2502.0,2502.0,2502.0,2502.0,2473.0,2502.0,2502.0,2502.0,2502.0,2502.0,2502.0,2502.0,2502.0,2502.0,2596.0,2502.0,2473.0,2502.0,2502.0,2502.0,2502.0,2502.0,2502.0,2502.0,2502.0,2502.0,2502.0,2502.0,2502.0,2502.0,2502.0,2502.0,2502.0,2502.0,2502.0,2502.0,2502.0,2502.0,2502.0,2502.0,2502.0,2504.0,2502.0,2502.0,2502.0,2502.0,2502.0,2502.0,2502.0,2502.0,2502.0,2502.0,2502.0,2502.0,2502.0,2502.0,2502.0,2502.0,2502.0,2502.0,2502.0,2502.0,2502.0,2502.0,2502.0,2502.0,2502.0,2502.0,2502.0,2502.0,2502.0,2502.0,2502.0,2502.0,2502.0,2502.0,2502.0,2502.0,2502.0,2502.0,2502.0,2502.0,2502.0,2502.0,2502.0,2502.0,2502.0,2502.0,2502.0,2502.0,2502.0,2548.0,2502.0,2502.0,2502.0,2502.0,2502.0,2502.0,2502.0,2502.0,2502.0,2502.0,2502.0,2502.0,2502.0,2502.0,2502.0,2502.0,2502.0,2502.0,2502.0,2502.0,2502.0,2502.0,2502.0,2502.0,2502.0,2502.0,2502.0,2502.0,2502.0,2502.0,2502.0,2502.0,2502.0,2502.0,2502.0,2502.0,2502.0,2502.0,2502.0,2502.0,2502.0,2548.0,2502.0,2502.0,2502.0,2502.0,2502.0,2502.0,2502.0,2502.0,2502.0,2502.0,2502.0,2502.0,2502.0,2502.0,2502.0,2502.0,2502.0,2502.0,2502.0,2502.0,2502.0,2502.0,2502.0,2502.0,2502.0,2571.0,2502.0,2502.0,2502.0,2502.0,2502.0,2502.0,2502.0,2502.0,2502.0,2502.0,2502.0,2547.0,2502.0,2502.0,2476.0,2502.0,2502.0,2502.0,2502.0,2502.0,2502.0,2502.0,2502.0,2522.0,2502.0,2555.0,2502.0,2502.0,2502.0,2502.0,2502.0,2502.0,2502.0,2502.0,2502.0,2502.0,2502.0,2502.0,2548.0,2502.0,2502.0,2502.0,2548.0,2502.0,2502.0,2502.0,2502.0,2502.0,2548.0,2502.0,2502.0,2502.0,2502.0,2502.0,2502.0,2502.0,2502.0,2502.0,2502.0,2502.0,2502.0,2502.0,2502.0,2502.0,2502.0,2502.0,2502.0,2502.0,2502.0,2502.0,2502.0,2502.0,2502.0,2502.0,2502.0,2531.0,2502.0,2502.0,2502.0,2502.0,2502.0,2540.0,2502.0,2502.0,2502.0,2540.0,2502.0,2502.0,2502.0,2502.0,2502.0,2502.0,2531.0,2531.0,2502.0,2502.0,2502.0,2502.0,2502.0,2502.0,2531.0,2502.0,2404.0,2502.0,2502.0,2502.0,2502.0,2502.0,2502.0,2516.0,2502.0,2502.0,2502.0,2502.0,2502.0,2438.0,2502.0,2502.0,2502.0,2502.0,2502.0,2502.0,2502.0,2502.0,2502.0,2502.0,2502.0,2502.0,2502.0,2502.0,2502.0,2502.0,2502.0,2502.0,2502.0,2476.0,2502.0,2502.0,2502.0,2502.0,2531.0,2502.0,2502.0,2502.0,2502.0,2502.0,2502.0,2502.0,2502.0,2502.0,2502.0,2502.0,2502.0,2502.0,2502.0,2502.0,2502.0,2502.0,2502.0,2502.0,2502.0,2502.0,2502.0,2531.0,2502.0,2502.0,2502.0,2502.0,2502.0,2502.0,2502.0,8245.0,8251.0,8245.0,8234.0,8245.0,8245.0,8219.0,8263.0,8245.0,8245.0,8306.0,8286.0,8245.0,8328.0,8480.0,8264.0,8245.0,8245.0,8245.0,8245.0,8245.0,8245.0,8245.0,8245.0,8245.0,8245.0,8245.0,8245.0,8245.0,8245.0,8245.0,8245.0,8245.0,8245.0,8245.0,8245.0,8240.0,8245.0,8245.0,8245.0,8245.0,8245.0,8245.0,8245.0,8245.0,8245.0,8245.0,8245.0,8245.0,8245.0,8245.0,8245.0,8245.0,8245.0,8286.0,8245.0,8245.0,8245.0,8245.0,8245.0,8245.0,8245.0,8245.0,8245.0,8245.0,8245.0,8245.0,8245.0,8286.0,8245.0,8245.0,8245.0,8245.0,8245.0,8245.0,8245.0,8245.0,8245.0,8245.0,8245.0,8245.0,8245.0,8245.0,8245.0,8245.0,8245.0,8245.0,8245.0,8245.0,8245.0,8245.0,8245.0,8274.0,8242.0,8245.0,8334.0,8245.0,8245.0,8245.0,8245.0,8245.0,8245.0,8245.0,8334.0,8245.0,8245.0,8245.0,8245.0,8245.0,8263.0,8263.0,8334.0,8245.0,8245.0,8245.0,8226.0,8245.0,8265.0,8245.0,8245.0,8245.0,8245.0,8245.0,8245.0,8251.0,8245.0,8245.0,8245.0,8245.0,8245.0,8156.0,8245.0,8245.0,8245.0,8245.0,8245.0,8245.0,8245.0,8245.0,8245.0,8245.0,8245.0,8245.0,8245.0,8245.0,8245.0,8245.0,8245.0,8245.0,8245.0,8245.0,8334.0,8257.0,8245.0,8245.0,8245.0,8245.0,8245.0,8245.0,8245.0,8245.0,8245.0,8245.0,8274.0,8263.0,8263.0,8245.0,8251.0,8245.0,8251.0,8245.0,8245.0,8245.0,8394.0,8334.0,8245.0,8245.0,8245.0,8244.0,8245.0,8245.0,8245.0,8334.0,8245.0,8245.0,8245.0,8245.0,8245.0,8245.0,8245.0,8245.0,8245.0,8245.0,8245.0,8245.0,8245.0,8245.0,8245.0,8245.0,8200.0,8245.0,8245.0,8245.0,8245.0,8200.0,8245.0,8245.0,8245.0,8245.0,8158.0,8245.0,8245.0,8245.0,8245.0,8245.0,8245.0,8156.0,8245.0,8245.0,8263.0,8263.0,8334.0,8245.0,8245.0,8473.0,8245.0,8263.0,8245.0,8334.0,8245.0,8245.0,8245.0,8245.0,8263.0,8245.0,8245.0,8245.0,8245.0,8245.0,8245.0,8245.0,8245.0,8245.0,8245.0,8245.0,8245.0,8245.0,8245.0,8245.0,8334.0,8245.0,8264.0,8245.0,8263.0,8245.0,8245.0,8245.0,8263.0,8334.0,8245.0,8245.0,8334.0,8245.0,8245.0,8245.0,8245.0,8245.0,8245.0,8245.0,8245.0,8245.0,8245.0,8245.0,8245.0,8245.0,8245.0,8245.0,8245.0,8245.0,8245.0,8245.0,8245.0,8245.0,8334.0,8245.0,8245.0,8263.0,8245.0,8245.0,8245.0,8334.0,8245.0,8334.0,8245.0,8334.0,8263.0,8245.0,8245.0,8245.0,8245.0,8245.0,8245.0,8263.0,8245.0,8263.0,8245.0,8245.0,8245.0,8334.0,8245.0,8245.0,8245.0,8245.0,8245.0,8245.0,8245.0,8245.0,8245.0,8245.0,8245.0,8245.0,8245.0,8245.0,8245.0,8245.0,8245.0,8245.0,8245.0,8334.0,8245.0,8334.0,8334.0,8245.0,8245.0,8245.0,8245.0,8245.0,8245.0,8264.0,8245.0,8245.0,8245.0,8245.0,8245.0,8245.0,8245.0,8245.0,8245.0,8245.0,8245.0,8245.0,8245.0,8245.0,8245.0,8334.0,8245.0,8274.0,8245.0,8245.0,8245.0,8334.0,8245.0,8245.0,8334.0,8245.0,8245.0,8245.0,8245.0,8245.0,8245.0,8245.0,8245.0,8334.0,8245.0,8245.0,8245.0,8334.0,8245.0,8245.0,8245.0,8245.0,8245.0,8245.0,8245.0,8245.0,8245.0,8245.0,8245.0,8334.0,8245.0,8334.0,8216.0,8245.0,8245.0,8245.0,8264.0,8245.0,8245.0,8334.0,8245.0,8334.0,8245.0,8245.0,8334.0,8334.0,8334.0,8245.0,8245.0,8264.0,8305.0,8245.0,8245.0,8334.0,8334.0,8264.0,8264.0,8334.0,8245.0,8334.0,8334.0,8334.0,8334.0,8346.0,8245.0,8334.0,8334.0,8264.0,8334.0,8334.0,8245.0,8334.0,8245.0,8334.0,8334.0,8334.0,8264.0,8334.0,8264.0,8334.0,8334.0,8264.0,8264.0,8264.0,8264.0,8264.0,8334.0,8334.0,8221.0,8264.0,8270.0,8264.0,8264.0,8264.0,8264.0,8245.0,8264.0,8264.0,8264.0,8264.0,8264.0,8264.0,8193.0,8264.0,8348.0,8264.0,8348.0,8264.0,8264.0,8346.0,8264.0,8245.0,8245.0,128.0,173.0,489.0,250.0,99.0,231.0,231.0,231.0,231.0,231.0,231.0,231.0,231.0,231.0,231.0,231.0,231.0,231.0,231.0,231.0,231.0,231.0,231.0,231.0,231.0,231.0,231.0,231.0,231.0,231.0,231.0,231.0,231.0,231.0,231.0,231.0,231.0,231.0,231.0,231.0,231.0,260.0,231.0,231.0,231.0,320.0,231.0,231.0,320.0,231.0,231.0,260.0,231.0,231.0,260.0,287.0,257.0,303.0,257.0,250.0,257.0,257.0,250.0,231.0,277.0,250.0,250.0,231.0,231.0,250.0,231.0,231.0,231.0,231.0,231.0,231.0,231.0,231.0,231.0,231.0,231.0,257.0,250.0,231.0,231.0,231.0,231.0,231.0,231.0,231.0,231.0,231.0,231.0,231.0,231.0,277.0,231.0,231.0,231.0,231.0,231.0,231.0,231.0,231.0,231.0,231.0,231.0,231.0,231.0,231.0,231.0,231.0,231.0,231.0,231.0,231.0,231.0,231.0,231.0,231.0,231.0,231.0,231.0,231.0,231.0,231.0,231.0,231.0,231.0,231.0,231.0,231.0,231.0,231.0,231.0,231.0,208.0,231.0,231.0,231.0,231.0,250.0,231.0,231.0,231.0,231.0,231.0,231.0,252.0,231.0,250.0,231.0,231.0,231.0,231.0,231.0,231.0,231.0,231.0,231.0,231.0,231.0,250.0,231.0,231.0,231.0,231.0,231.0,250.0,231.0,231.0,250.0,250.0,231.0,231.0,231.0,250.0,231.0,231.0,231.0,231.0,231.0,231.0,231.0,231.0,231.0,231.0,231.0,231.0,231.0,231.0,277.0,231.0,231.0,231.0,231.0,231.0,231.0,231.0,231.0,277.0,231.0,231.0,321.0,231.0,231.0,231.0,231.0,287.0,231.0,231.0,231.0,231.0,231.0,231.0,231.0,231.0,231.0,231.0,173.0,231.0,231.0,231.0,231.0,250.0,231.0,231.0,279.0,231.0,231.0,231.0,231.0,231.0,231.0,231.0,231.0,231.0,231.0,231.0,231.0,231.0,231.0,231.0,231.0,231.0,254.0,231.0,231.0,231.0,287.0,231.0,231.0,231.0,231.0,231.0,231.0,231.0,231.0,231.0,231.0,231.0,250.0,231.0,231.0,231.0,231.0,231.0,231.0,231.0,231.0,231.0,241.0,231.0,231.0,231.0,287.0,231.0,231.0,231.0,231.0,231.0,231.0,231.0,231.0,231.0,231.0,231.0,295.0,231.0,231.0,231.0,287.0,231.0,231.0,231.0,209.0,231.0,287.0,231.0,231.0,231.0,231.0,231.0,231.0,231.0,231.0,231.0,231.0,231.0,231.0,231.0,231.0,260.0,231.0,231.0,231.0,287.0,231.0,231.0,231.0,231.0,231.0,231.0,231.0,231.0,231.0,231.0,277.0,231.0,287.0,231.0,231.0,231.0,231.0,231.0,231.0,287.0,231.0,231.0,231.0,231.0,287.0,231.0,257.0,295.0,250.0,231.0,250.0,250.0,250.0,250.0,250.0,250.0,250.0,250.0,250.0,250.0,250.0,250.0,250.0,231.0,250.0,296.0,221.0,250.0,231.0,250.0,250.0,250.0,250.0,250.0,250.0,250.0,250.0,250.0,250.0,250.0,250.0,314.0,250.0,250.0,250.0,250.0
hDenV4/Colombia/SAN-UR-LV141010/2010,3080.0,3058.0,3058.0,3058.0,3058.0,3058.0,3058.0,3079.0,3058.0,3127.0,3111.0,3193.0,3080.0,3044.0,3046.0,3046.0,3046.0,3084.0,3046.0,3084.0,3084.0,3050.0,3050.0,3050.0,3050.0,3070.0,3070.0,3084.0,3058.0,3084.0,3050.0,3058.0,3050.0,3084.0,3104.0,3070.0,3050.0,3055.0,3050.0,3050.0,3050.0,3050.0,3050.0,3084.0,3050.0,3050.0,3036.0,3084.0,3058.0,3058.0,3058.0,3058.0,3094.0,3094.0,3094.0,3142.0,3050.0,3058.0,3116.0,3050.0,3058.0,3050.0,3050.0,3050.0,3058.0,3058.0,3084.0,3050.0,3058.0,3084.0,3084.0,3050.0,3050.0,3084.0,3050.0,3050.0,3058.0,3058.0,3058.0,3058.0,3063.0,3058.0,3058.0,3058.0,3058.0,3063.0,3058.0,3036.0,3084.0,3058.0,3058.0,3058.0,3058.0,3058.0,3050.0,3058.0,3050.0,3050.0,3050.0,3058.0,3050.0,3058.0,3058.0,3050.0,3058.0,3058.0,3058.0,3050.0,3050.0,3058.0,3050.0,3044.0,3058.0,3058.0,3046.0,3058.0,3058.0,3058.0,3058.0,3058.0,3058.0,3050.0,3058.0,3084.0,3058.0,3058.0,3058.0,3058.0,2994.0,3058.0,3058.0,3058.0,3044.0,3058.0,3058.0,3058.0,3058.0,3116.0,3058.0,3058.0,3058.0,3058.0,3116.0,3044.0,3058.0,3050.0,3058.0,3044.0,3058.0,3058.0,3058.0,3058.0,3050.0,3058.0,3058.0,3058.0,3058.0,3050.0,3058.0,3058.0,3058.0,3058.0,3058.0,3058.0,3043.0,3058.0,3058.0,3058.0,3095.0,3058.0,3058.0,3058.0,3058.0,3058.0,3058.0,3058.0,3058.0,3058.0,3037.0,3058.0,3058.0,3058.0,3031.0,3058.0,3058.0,3165.0,3058.0,3058.0,3045.0,3058.0,3098.0,3058.0,3058.0,3058.0,3058.0,3058.0,3058.0,3039.0,3058.0,3058.0,3058.0,3058.0,3046.0,3116.0,3058.0,3058.0,3058.0,3058.0,3058.0,3058.0,3058.0,3058.0,3058.0,3058.0,3165.0,3058.0,3058.0,3058.0,3058.0,3058.0,3050.0,3058.0,3127.0,3058.0,3058.0,3058.0,3058.0,3058.0,3058.0,3058.0,3050.0,3058.0,3050.0,3050.0,3058.0,3050.0,3058.0,3058.0,3058.0,3058.0,3116.0,3058.0,3058.0,3050.0,3050.0,3050.0,3058.0,3058.0,3050.0,3058.0,3116.0,3058.0,3058.0,3050.0,3058.0,3058.0,3058.0,3058.0,3058.0,3058.0,3058.0,3058.0,3058.0,3058.0,3058.0,3122.0,3058.0,3058.0,3058.0,3058.0,3058.0,3058.0,3058.0,3058.0,3079.0,3058.0,3058.0,3058.0,3058.0,3058.0,3058.0,3058.0,3058.0,3044.0,3134.0,3050.0,3058.0,3058.0,3058.0,3058.0,3058.0,3058.0,3058.0,3068.0,3058.0,3058.0,3058.0,3058.0,3058.0,3044.0,3058.0,3058.0,3058.0,3058.0,3079.0,3058.0,3058.0,3058.0,3058.0,3044.0,3058.0,3058.0,3058.0,3044.0,3058.0,3058.0,3058.0,3058.0,3058.0,3058.0,3058.0,3058.0,3058.0,3058.0,3058.0,3058.0,3058.0,3058.0,3058.0,3058.0,3058.0,3058.0,3146.0,3058.0,3058.0,3058.0,3058.0,3058.0,3116.0,3058.0,3022.0,3058.0,3058.0,3079.0,3058.0,3058.0,3006.0,3040.0,3058.0,3058.0,3058.0,3046.0,3058.0,3058.0,3058.0,3043.0,3116.0,3058.0,3045.0,3058.0,3058.0,3058.0,3058.0,3058.0,3058.0,3058.0,3058.0,3058.0,3116.0,3058.0,3058.0,3058.0,3058.0,3058.0,3058.0,3058.0,3116.0,3058.0,2969.0,3058.0,3058.0,3058.0,3058.0,3058.0,3058.0,3082.0,3058.0,3058.0,3058.0,3046.0,3058.0,3058.0,3058.0,3058.0,3058.0,3058.0,3058.0,3058.0,3058.0,3058.0,3058.0,3058.0,3058.0,3116.0,3058.0,3058.0,3058.0,3058.0,3058.0,3058.0,3058.0,3116.0,3085.0,3058.0,3116.0,3058.0,3058.0,3058.0,3058.0,3058.0,3058.0,3058.0,3058.0,3058.0,3121.0,3058.0,3058.0,3121.0,3046.0,3130.0,3058.0,3046.0,3058.0,3040.0,3058.0,3116.0,3058.0,3058.0,3058.0,3096.0,3058.0,3058.0,3058.0,3022.0,3058.0,3180.0,3058.0,3058.0,3058.0,3121.0,3046.0,3058.0,3058.0,3090.0,3058.0,3116.0,3058.0,3058.0,3046.0,3050.0,3058.0,3058.0,3058.0,3058.0,3058.0,3058.0,3058.0,3058.0,3058.0,2994.0,3058.0,3058.0,3044.0,3058.0,3116.0,3058.0,3058.0,3058.0,3058.0,3058.0,3058.0,3058.0,3058.0,3040.0,3058.0,3116.0,3058.0,3116.0,3058.0,3058.0,3085.0,3058.0,3058.0,3046.0,3058.0,3058.0,3058.0,3058.0,3116.0,3058.0,3058.0,3058.0,3058.0,3046.0,3116.0,3058.0,3116.0,3058.0,3058.0,3116.0,3058.0,3058.0,3058.0,3044.0,3058.0,3058.0,3058.0,3058.0,3058.0,3058.0,3090.0,3046.0,3058.0,3058.0,2994.0,2994.0,2994.0,3116.0,3078.0,3058.0,3058.0,3058.0,3139.0,3058.0,3058.0,2994.0,3090.0,3058.0,3068.0,3058.0,2994.0,3116.0,3046.0,3058.0,3058.0,3058.0,2994.0,3058.0,3058.0,3058.0,3046.0,3088.0,2994.0,3058.0,3058.0,2994.0,2994.0,2994.0,3058.0,3090.0,3058.0,3058.0,3058.0,2994.0,3058.0,2994.0,3058.0,3058.0,3058.0,2994.0,3058.0,3116.0,3058.0,3046.0,3058.0,2994.0,3058.0,2994.0,3058.0,3131.0,2994.0,3116.0,3058.0,3058.0,3058.0,3058.0,3058.0,3116.0,3116.0,3058.0,3058.0,3058.0,3058.0,3058.0,2994.0,3052.0,2994.0,3058.0,3058.0,3058.0,2994.0,2994.0,3058.0,3058.0,3058.0,3096.0,3116.0,3058.0,3058.0,3058.0,3090.0,3058.0,3058.0,3058.0,3058.0,3058.0,3058.0,3058.0,3058.0,3058.0,3058.0,3058.0,3058.0,3090.0,3090.0,3058.0,3058.0,3080.0,3058.0,3058.0,3058.0,3058.0,3058.0,3058.0,3058.0,3058.0,3058.0,3058.0,3058.0,3139.0,3058.0,3058.0,3067.0,2959.0,3058.0,3058.0,3058.0,3058.0,3058.0,3058.0,3079.0,3058.0,3058.0,3058.0,3058.0,3096.0,3058.0,3058.0,3087.0,3058.0,3058.0,3058.0,3058.0,3058.0,3058.0,2994.0,3117.0,3058.0,3058.0,3046.0,3058.0,3058.0,3139.0,3139.0,3058.0,3116.0,2994.0,2994.0,2994.0,3058.0,3058.0,3135.0,3018.0,2429.0,2502.0,2502.0,2534.0,2470.0,2449.0,2497.0,2420.0,2502.0,2502.0,2502.0,2502.0,2502.0,2548.0,2502.0,2502.0,2502.0,2548.0,2473.0,2502.0,2502.0,2502.0,2473.0,2502.0,2473.0,2540.0,2502.0,2531.0,2502.0,2473.0,2473.0,2502.0,2502.0,2502.0,2502.0,2502.0,2502.0,2502.0,2502.0,2502.0,2473.0,2473.0,2502.0,2502.0,2502.0,2502.0,2473.0,2502.0,2502.0,2502.0,2502.0,2473.0,2502.0,2502.0,2502.0,2502.0,2502.0,2502.0,2502.0,2473.0,2502.0,2502.0,2513.0,2502.0,2502.0,2502.0,2444.0,2473.0,2502.0,2502.0,2473.0,2502.0,2502.0,2502.0,2502.0,2502.0,2502.0,2473.0,2473.0,2502.0,2566.0,2502.0,2502.0,2473.0,2502.0,2502.0,2502.0,2502.0,2502.0,2502.0,2502.0,2473.0,2502.0,2502.0,2473.0,2502.0,2502.0,2502.0,2502.0,2502.0,2473.0,2473.0,2502.0,2502.0,2502.0,2502.0,2502.0,2502.0,2473.0,2502.0,2502.0,2502.0,2502.0,2502.0,2502.0,2502.0,2502.0,2473.0,2502.0,2502.0,2502.0,2502.0,2502.0,2502.0,2502.0,2502.0,2502.0,2596.0,2502.0,2473.0,2502.0,2502.0,2502.0,2502.0,2502.0,2502.0,2502.0,2502.0,2502.0,2502.0,2502.0,2502.0,2502.0,2502.0,2502.0,2502.0,2502.0,2502.0,2502.0,2502.0,2502.0,2502.0,2502.0,2502.0,2504.0,2502.0,2502.0,2502.0,2502.0,2502.0,2502.0,2502.0,2502.0,2502.0,2502.0,2502.0,2502.0,2502.0,2502.0,2502.0,2502.0,2502.0,2502.0,2502.0,2502.0,2502.0,2502.0,2502.0,2502.0,2502.0,2502.0,2502.0,2502.0,2502.0,2502.0,2502.0,2502.0,2502.0,2502.0,2502.0,2502.0,2502.0,2502.0,2502.0,2502.0,2502.0,2502.0,2502.0,2502.0,2502.0,2502.0,2502.0,2502.0,2502.0,2548.0,2502.0,2502.0,2502.0,2502.0,2502.0,2502.0,2502.0,2502.0,2502.0,2502.0,2502.0,2502.0,2502.0,2502.0,2502.0,2502.0,2502.0,2502.0,2502.0,2502.0,2502.0,2502.0,2502.0,2502.0,2502.0,2502.0,2502.0,2502.0,2502.0,2502.0,2502.0,2502.0,2502.0,2502.0,2502.0,2502.0,2502.0,2502.0,2502.0,2502.0,2502.0,2548.0,2502.0,2502.0,2502.0,2502.0,2502.0,2502.0,2502.0,2502.0,2502.0,2502.0,2502.0,2502.0,2502.0,2502.0,2502.0,2502.0,2502.0,2502.0,2502.0,2502.0,2502.0,2502.0,2502.0,2502.0,2502.0,2571.0,2502.0,2502.0,2502.0,2502.0,2502.0,2502.0,2502.0,2502.0,2502.0,2502.0,2502.0,2547.0,2502.0,2502.0,2476.0,2502.0,2502.0,2502.0,2502.0,2502.0,2502.0,2502.0,2502.0,2522.0,2502.0,2555.0,2502.0,2502.0,2502.0,2502.0,2502.0,2502.0,2502.0,2502.0,2502.0,2502.0,2502.0,2502.0,2548.0,2502.0,2502.0,2502.0,2548.0,2502.0,2502.0,2502.0,2502.0,2502.0,2548.0,2502.0,2502.0,2502.0,2502.0,2502.0,2502.0,2502.0,2502.0,2502.0,2502.0,2502.0,2502.0,2502.0,2502.0,2502.0,2502.0,2502.0,2502.0,2502.0,2502.0,2502.0,2502.0,2502.0,2502.0,2502.0,2502.0,2531.0,2502.0,2502.0,2502.0,2502.0,2502.0,2540.0,2502.0,2502.0,2502.0,2540.0,2502.0,2502.0,2502.0,2502.0,2502.0,2502.0,2531.0,2531.0,2502.0,2502.0,2502.0,2502.0,2502.0,2502.0,2531.0,2502.0,2404.0,2502.0,2502.0,2502.0,2502.0,2502.0,2502.0,2516.0,2502.0,2502.0,2502.0,2502.0,2502.0,2438.0,2502.0,2502.0,2502.0,2502.0,2502.0,2502.0,2502.0,2502.0,2502.0,2502.0,2502.0,2502.0,2502.0,2502.0,2502.0,2502.0,2502.0,2502.0,2502.0,2476.0,2502.0,2502.0,2502.0,2502.0,2531.0,2502.0,2502.0,2502.0,2502.0,2502.0,2502.0,2502.0,2502.0,2502.0,2502.0,2502.0,2502.0,2502.0,2502.0,2502.0,2502.0,2502.0,2502.0,2502.0,2502.0,2502.0,2502.0,2531.0,2502.0,2502.0,2502.0,2502.0,2502.0,2502.0,2502.0,8245.0,8251.0,8245.0,8234.0,8245.0,8245.0,8219.0,8263.0,8245.0,8245.0,8306.0,8286.0,8245.0,8328.0,8480.0,8264.0,8245.0,8245.0,8245.0,8245.0,8245.0,8245.0,8245.0,8245.0,8245.0,8245.0,8245.0,8245.0,8245.0,8245.0,8245.0,8245.0,8245.0,8245.0,8245.0,8245.0,8240.0,8245.0,8245.0,8245.0,8245.0,8245.0,8245.0,8245.0,8245.0,8245.0,8245.0,8245.0,8245.0,8245.0,8245.0,8245.0,8245.0,8245.0,8286.0,8245.0,8245.0,8245.0,8245.0,8245.0,8245.0,8245.0,8245.0,8245.0,8245.0,8245.0,8245.0,8245.0,8286.0,8245.0,8245.0,8245.0,8245.0,8245.0,8245.0,8245.0,8245.0,8245.0,8245.0,8245.0,8245.0,8245.0,8245.0,8245.0,8245.0,8245.0,8245.0,8245.0,8245.0,8245.0,8245.0,8245.0,8274.0,8242.0,8245.0,8334.0,8245.0,8245.0,8245.0,8245.0,8245.0,8245.0,8245.0,8334.0,8245.0,8245.0,8245.0,8245.0,8245.0,8263.0,8263.0,8334.0,8245.0,8245.0,8245.0,8226.0,8245.0,8265.0,8245.0,8245.0,8245.0,8245.0,8245.0,8245.0,8251.0,8245.0,8245.0,8245.0,8245.0,8245.0,8156.0,8245.0,8245.0,8245.0,8245.0,8245.0,8245.0,8245.0,8245.0,8245.0,8245.0,8245.0,8245.0,8245.0,8245.0,8245.0,8245.0,8245.0,8245.0,8245.0,8245.0,8334.0,8257.0,8245.0,8245.0,8245.0,8245.0,8245.0,8245.0,8245.0,8245.0,8245.0,8245.0,8274.0,8263.0,8263.0,8245.0,8251.0,8245.0,8251.0,8245.0,8245.0,8245.0,8394.0,8334.0,8245.0,8245.0,8245.0,8244.0,8245.0,8245.0,8245.0,8334.0,8245.0,8245.0,8245.0,8245.0,8245.0,8245.0,8245.0,8245.0,8245.0,8245.0,8245.0,8245.0,8245.0,8245.0,8245.0,8245.0,8200.0,8245.0,8245.0,8245.0,8245.0,8200.0,8245.0,8245.0,8245.0,8245.0,8158.0,8245.0,8245.0,8245.0,8245.0,8245.0,8245.0,8156.0,8245.0,8245.0,8263.0,8263.0,8334.0,8245.0,8245.0,8473.0,8245.0,8263.0,8245.0,8334.0,8245.0,8245.0,8245.0,8245.0,8263.0,8245.0,8245.0,8245.0,8245.0,8245.0,8245.0,8245.0,8245.0,8245.0,8245.0,8245.0,8245.0,8245.0,8245.0,8245.0,8334.0,8245.0,8264.0,8245.0,8263.0,8245.0,8245.0,8245.0,8263.0,8334.0,8245.0,8245.0,8334.0,8245.0,8245.0,8245.0,8245.0,8245.0,8245.0,8245.0,8245.0,8245.0,8245.0,8245.0,8245.0,8245.0,8245.0,8245.0,8245.0,8245.0,8245.0,8245.0,8245.0,8245.0,8334.0,8245.0,8245.0,8263.0,8245.0,8245.0,8245.0,8334.0,8245.0,8334.0,8245.0,8334.0,8263.0,8245.0,8245.0,8245.0,8245.0,8245.0,8245.0,8263.0,8245.0,8263.0,8245.0,8245.0,8245.0,8334.0,8245.0,8245.0,8245.0,8245.0,8245.0,8245.0,8245.0,8245.0,8245.0,8245.0,8245.0,8245.0,8245.0,8245.0,8245.0,8245.0,8245.0,8245.0,8245.0,8334.0,8245.0,8334.0,8334.0,8245.0,8245.0,8245.0,8245.0,8245.0,8245.0,8264.0,8245.0,8245.0,8245.0,8245.0,8245.0,8245.0,8245.0,8245.0,8245.0,8245.0,8245.0,8245.0,8245.0,8245.0,8245.0,8334.0,8245.0,8274.0,8245.0,8245.0,8245.0,8334.0,8245.0,8245.0,8334.0,8245.0,8245.0,8245.0,8245.0,8245.0,8245.0,8245.0,8245.0,8334.0,8245.0,8245.0,8245.0,8334.0,8245.0,8245.0,8245.0,8245.0,8245.0,8245.0,8245.0,8245.0,8245.0,8245.0,8245.0,8334.0,8245.0,8334.0,8216.0,8245.0,8245.0,8245.0,8264.0,8245.0,8245.0,8334.0,8245.0,8334.0,8245.0,8245.0,8334.0,8334.0,8334.0,8245.0,8245.0,8264.0,8305.0,8245.0,8245.0,8334.0,8334.0,8264.0,8264.0,8334.0,8245.0,8334.0,8334.0,8334.0,8334.0,8346.0,8245.0,8334.0,8334.0,8264.0,8334.0,8334.0,8245.0,8334.0,8245.0,8334.0,8334.0,8334.0,8264.0,8334.0,8264.0,8334.0,8334.0,8264.0,8264.0,8264.0,8264.0,8264.0,8334.0,8334.0,8221.0,8264.0,8270.0,8264.0,8264.0,8264.0,8264.0,8245.0,8264.0,8264.0,8264.0,8264.0,8264.0,8264.0,8193.0,8264.0,8348.0,8264.0,8348.0,8264.0,8264.0,8346.0,8264.0,8245.0,8245.0,128.0,173.0,489.0,250.0,99.0,231.0,231.0,231.0,231.0,231.0,231.0,231.0,231.0,231.0,231.0,231.0,231.0,231.0,231.0,231.0,231.0,231.0,231.0,231.0,231.0,231.0,231.0,231.0,231.0,231.0,231.0,231.0,231.0,231.0,231.0,231.0,231.0,231.0,231.0,231.0,231.0,260.0,231.0,231.0,231.0,320.0,231.0,231.0,320.0,231.0,231.0,260.0,231.0,231.0,260.0,287.0,257.0,303.0,257.0,250.0,257.0,257.0,250.0,231.0,277.0,250.0,250.0,231.0,231.0,250.0,231.0,231.0,231.0,231.0,231.0,231.0,231.0,231.0,231.0,231.0,231.0,257.0,250.0,231.0,231.0,231.0,231.0,231.0,231.0,231.0,231.0,231.0,231.0,231.0,231.0,277.0,231.0,231.0,231.0,231.0,231.0,231.0,231.0,231.0,231.0,231.0,231.0,231.0,231.0,231.0,231.0,231.0,231.0,231.0,231.0,231.0,231.0,231.0,231.0,231.0,231.0,231.0,231.0,231.0,231.0,231.0,231.0,231.0,231.0,231.0,231.0,231.0,231.0,231.0,231.0,231.0,208.0,231.0,231.0,231.0,231.0,250.0,231.0,231.0,231.0,231.0,231.0,231.0,252.0,231.0,250.0,231.0,231.0,231.0,231.0,231.0,231.0,231.0,231.0,231.0,231.0,231.0,250.0,231.0,231.0,231.0,231.0,231.0,250.0,231.0,231.0,250.0,250.0,231.0,231.0,231.0,250.0,231.0,231.0,231.0,231.0,231.0,231.0,231.0,231.0,231.0,231.0,231.0,231.0,231.0,231.0,277.0,231.0,231.0,231.0,231.0,231.0,231.0,231.0,231.0,277.0,231.0,231.0,321.0,231.0,231.0,231.0,231.0,287.0,231.0,231.0,231.0,231.0,231.0,231.0,231.0,231.0,231.0,231.0,173.0,231.0,231.0,231.0,231.0,250.0,231.0,231.0,279.0,231.0,231.0,231.0,231.0,231.0,231.0,231.0,231.0,231.0,231.0,231.0,231.0,231.0,231.0,231.0,231.0,231.0,254.0,231.0,231.0,231.0,287.0,231.0,231.0,231.0,231.0,231.0,231.0,231.0,231.0,231.0,231.0,231.0,250.0,231.0,231.0,231.0,231.0,231.0,231.0,231.0,231.0,231.0,241.0,231.0,231.0,231.0,287.0,231.0,231.0,231.0,231.0,231.0,231.0,231.0,231.0,231.0,231.0,231.0,295.0,231.0,231.0,231.0,287.0,231.0,231.0,231.0,209.0,231.0,287.0,231.0,231.0,231.0,231.0,231.0,231.0,231.0,231.0,231.0,231.0,231.0,231.0,231.0,231.0,260.0,231.0,231.0,231.0,287.0,231.0,231.0,231.0,231.0,231.0,231.0,231.0,231.0,231.0,231.0,277.0,231.0,287.0,231.0,231.0,231.0,231.0,231.0,231.0,287.0,231.0,231.0,231.0,231.0,287.0,231.0,257.0,295.0,250.0,231.0,250.0,250.0,250.0,250.0,250.0,250.0,250.0,250.0,250.0,250.0,250.0,250.0,250.0,231.0,250.0,296.0,221.0,250.0,231.0,250.0,250.0,250.0,250.0,250.0,250.0,250.0,250.0,250.0,250.0,250.0,250.0,314.0,250.0,250.0,250.0,250.0
hDenV4/Colombia/SAN-UR-LV141021/2010,3080.0,3058.0,3058.0,3058.0,3058.0,3058.0,3058.0,3079.0,3058.0,3127.0,3111.0,3193.0,3080.0,3044.0,3046.0,3046.0,3046.0,3084.0,3046.0,3084.0,3084.0,3050.0,3050.0,3050.0,3050.0,3070.0,3070.0,3084.0,3058.0,3084.0,3050.0,3058.0,3050.0,3084.0,3104.0,3070.0,3050.0,3055.0,3050.0,3050.0,3050.0,3050.0,3050.0,3084.0,3050.0,3050.0,3036.0,3084.0,3058.0,3058.0,3058.0,3058.0,3094.0,3094.0,3094.0,3142.0,3050.0,3058.0,3116.0,3050.0,3058.0,3050.0,3050.0,3050.0,3058.0,3058.0,3084.0,3050.0,3058.0,3084.0,3084.0,3050.0,3050.0,3084.0,3050.0,3050.0,3058.0,3058.0,3058.0,3058.0,3063.0,3058.0,3058.0,3058.0,3058.0,3063.0,3058.0,3036.0,3084.0,3058.0,3058.0,3058.0,3058.0,3058.0,3050.0,3058.0,3050.0,3050.0,3050.0,3058.0,3050.0,3058.0,3058.0,3050.0,3058.0,3058.0,3058.0,3050.0,3050.0,3058.0,3050.0,3044.0,3058.0,3058.0,3046.0,3058.0,3058.0,3058.0,3058.0,3058.0,3058.0,3050.0,3058.0,3084.0,3058.0,3058.0,3058.0,3058.0,2994.0,3058.0,3058.0,3058.0,3044.0,3058.0,3058.0,3058.0,3058.0,3116.0,3058.0,3058.0,3058.0,3058.0,3116.0,3044.0,3058.0,3050.0,3058.0,3044.0,3058.0,3058.0,3058.0,3058.0,3050.0,3058.0,3058.0,3058.0,3058.0,3050.0,3058.0,3058.0,3058.0,3058.0,3058.0,3058.0,3043.0,3058.0,3058.0,3058.0,3095.0,3058.0,3058.0,3058.0,3058.0,3058.0,3058.0,3058.0,3058.0,3058.0,3037.0,3058.0,3058.0,3058.0,3031.0,3058.0,3058.0,3165.0,3058.0,3058.0,3045.0,3058.0,3098.0,3058.0,3058.0,3058.0,3058.0,3058.0,3058.0,3039.0,3058.0,3058.0,3058.0,3058.0,3046.0,3116.0,3058.0,3058.0,3058.0,3058.0,3058.0,3058.0,3058.0,3058.0,3058.0,3058.0,3165.0,3058.0,3058.0,3058.0,3058.0,3058.0,3050.0,3058.0,3127.0,3058.0,3058.0,3058.0,3058.0,3058.0,3058.0,3058.0,3050.0,3058.0,3050.0,3050.0,3058.0,3050.0,3058.0,3058.0,3058.0,3058.0,3116.0,3058.0,3058.0,3050.0,3050.0,3050.0,3058.0,3058.0,3050.0,3058.0,3116.0,3058.0,3058.0,3050.0,3058.0,3058.0,3058.0,3058.0,3058.0,3058.0,3058.0,3058.0,3058.0,3058.0,3058.0,3122.0,3058.0,3058.0,3058.0,3058.0,3058.0,3058.0,3058.0,3058.0,3079.0,3058.0,3058.0,3058.0,3058.0,3058.0,3058.0,3058.0,3058.0,3044.0,3134.0,3050.0,3058.0,3058.0,3058.0,3058.0,3058.0,3058.0,3058.0,3068.0,3058.0,3058.0,3058.0,3058.0,3058.0,3044.0,3058.0,3058.0,3058.0,3058.0,3079.0,3058.0,3058.0,3058.0,3058.0,3044.0,3058.0,3058.0,3058.0,3044.0,3058.0,3058.0,3058.0,3058.0,3058.0,3058.0,3058.0,3058.0,3058.0,3058.0,3058.0,3058.0,3058.0,3058.0,3058.0,3058.0,3058.0,3058.0,3146.0,3058.0,3058.0,3058.0,3058.0,3058.0,3116.0,3058.0,3022.0,3058.0,3058.0,3079.0,3058.0,3058.0,3006.0,3040.0,3058.0,3058.0,3058.0,3046.0,3058.0,3058.0,3058.0,3043.0,3116.0,3058.0,3045.0,3058.0,3058.0,3058.0,3058.0,3058.0,3058.0,3058.0,3058.0,3058.0,3116.0,3058.0,3058.0,3058.0,3058.0,3058.0,3058.0,3058.0,3116.0,3058.0,2969.0,3058.0,3058.0,3058.0,3058.0,3058.0,3058.0,3082.0,3058.0,3058.0,3058.0,3046.0,3058.0,3058.0,3058.0,3058.0,3058.0,3058.0,3058.0,3058.0,3058.0,3058.0,3058.0,3058.0,3058.0,3116.0,3058.0,3058.0,3058.0,3058.0,3058.0,3058.0,3058.0,3116.0,3085.0,3058.0,3116.0,3058.0,3058.0,3058.0,3058.0,3058.0,3058.0,3058.0,3058.0,3058.0,3121.0,3058.0,3058.0,3121.0,3046.0,3130.0,3058.0,3046.0,3058.0,3040.0,3058.0,3116.0,3058.0,3058.0,3058.0,3096.0,3058.0,3058.0,3058.0,3022.0,3058.0,3180.0,3058.0,3058.0,3058.0,3121.0,3046.0,3058.0,3058.0,3090.0,3058.0,3116.0,3058.0,3058.0,3046.0,3050.0,3058.0,3058.0,3058.0,3058.0,3058.0,3058.0,3058.0,3058.0,3058.0,2994.0,3058.0,3058.0,3044.0,3058.0,3116.0,3058.0,3058.0,3058.0,3058.0,3058.0,3058.0,3058.0,3058.0,3040.0,3058.0,3116.0,3058.0,3116.0,3058.0,3058.0,3085.0,3058.0,3058.0,3046.0,3058.0,3058.0,3058.0,3058.0,3116.0,3058.0,3058.0,3058.0,3058.0,3046.0,3116.0,3058.0,3116.0,3058.0,3058.0,3116.0,3058.0,3058.0,3058.0,3044.0,3058.0,3058.0,3058.0,3058.0,3058.0,3058.0,3090.0,3046.0,3058.0,3058.0,2994.0,2994.0,2994.0,3116.0,3078.0,3058.0,3058.0,3058.0,3139.0,3058.0,3058.0,2994.0,3090.0,3058.0,3068.0,3058.0,2994.0,3116.0,3046.0,3058.0,3058.0,3058.0,2994.0,3058.0,3058.0,3058.0,3046.0,3088.0,2994.0,3058.0,3058.0,2994.0,2994.0,2994.0,3058.0,3090.0,3058.0,3058.0,3058.0,2994.0,3058.0,2994.0,3058.0,3058.0,3058.0,2994.0,3058.0,3116.0,3058.0,3046.0,3058.0,2994.0,3058.0,2994.0,3058.0,3131.0,2994.0,3116.0,3058.0,3058.0,3058.0,3058.0,3058.0,3116.0,3116.0,3058.0,3058.0,3058.0,3058.0,3058.0,2994.0,3052.0,2994.0,3058.0,3058.0,3058.0,2994.0,2994.0,3058.0,3058.0,3058.0,3096.0,3116.0,3058.0,3058.0,3058.0,3090.0,3058.0,3058.0,3058.0,3058.0,3058.0,3058.0,3058.0,3058.0,3058.0,3058.0,3058.0,3058.0,3090.0,3090.0,3058.0,3058.0,3080.0,3058.0,3058.0,3058.0,3058.0,3058.0,3058.0,3058.0,3058.0,3058.0,3058.0,3058.0,3139.0,3058.0,3058.0,3067.0,2959.0,3058.0,3058.0,3058.0,3058.0,3058.0,3058.0,3079.0,3058.0,3058.0,3058.0,3058.0,3096.0,3058.0,3058.0,3087.0,3058.0,3058.0,3058.0,3058.0,3058.0,3058.0,2994.0,3117.0,3058.0,3058.0,3046.0,3058.0,3058.0,3139.0,3139.0,3058.0,3116.0,2994.0,2994.0,2994.0,3058.0,3058.0,3135.0,3018.0,2429.0,2502.0,2502.0,2534.0,2470.0,2449.0,2497.0,2420.0,2502.0,2502.0,2502.0,2502.0,2502.0,2548.0,2502.0,2502.0,2502.0,2548.0,2473.0,2502.0,2502.0,2502.0,2473.0,2502.0,2473.0,2540.0,2502.0,2531.0,2502.0,2473.0,2473.0,2502.0,2502.0,2502.0,2502.0,2502.0,2502.0,2502.0,2502.0,2502.0,2473.0,2473.0,2502.0,2502.0,2502.0,2502.0,2473.0,2502.0,2502.0,2502.0,2502.0,2473.0,2502.0,2502.0,2502.0,2502.0,2502.0,2502.0,2502.0,2473.0,2502.0,2502.0,2513.0,2502.0,2502.0,2502.0,2444.0,2473.0,2502.0,2502.0,2473.0,2502.0,2502.0,2502.0,2502.0,2502.0,2502.0,2473.0,2473.0,2502.0,2566.0,2502.0,2502.0,2473.0,2502.0,2502.0,2502.0,2502.0,2502.0,2502.0,2502.0,2473.0,2502.0,2502.0,2473.0,2502.0,2502.0,2502.0,2502.0,2502.0,2473.0,2473.0,2502.0,2502.0,2502.0,2502.0,2502.0,2502.0,2473.0,2502.0,2502.0,2502.0,2502.0,2502.0,2502.0,2502.0,2502.0,2473.0,2502.0,2502.0,2502.0,2502.0,2502.0,2502.0,2502.0,2502.0,2502.0,2596.0,2502.0,2473.0,2502.0,2502.0,2502.0,2502.0,2502.0,2502.0,2502.0,2502.0,2502.0,2502.0,2502.0,2502.0,2502.0,2502.0,2502.0,2502.0,2502.0,2502.0,2502.0,2502.0,2502.0,2502.0,2502.0,2502.0,2504.0,2502.0,2502.0,2502.0,2502.0,2502.0,2502.0,2502.0,2502.0,2502.0,2502.0,2502.0,2502.0,2502.0,2502.0,2502.0,2502.0,2502.0,2502.0,2502.0,2502.0,2502.0,2502.0,2502.0,2502.0,2502.0,2502.0,2502.0,2502.0,2502.0,2502.0,2502.0,2502.0,2502.0,2502.0,2502.0,2502.0,2502.0,2502.0,2502.0,2502.0,2502.0,2502.0,2502.0,2502.0,2502.0,2502.0,2502.0,2502.0,2502.0,2548.0,2502.0,2502.0,2502.0,2502.0,2502.0,2502.0,2502.0,2502.0,2502.0,2502.0,2502.0,2502.0,2502.0,2502.0,2502.0,2502.0,2502.0,2502.0,2502.0,2502.0,2502.0,2502.0,2502.0,2502.0,2502.0,2502.0,2502.0,2502.0,2502.0,2502.0,2502.0,2502.0,2502.0,2502.0,2502.0,2502.0,2502.0,2502.0,2502.0,2502.0,2502.0,2548.0,2502.0,2502.0,2502.0,2502.0,2502.0,2502.0,2502.0,2502.0,2502.0,2502.0,2502.0,2502.0,2502.0,2502.0,2502.0,2502.0,2502.0,2502.0,2502.0,2502.0,2502.0,2502.0,2502.0,2502.0,2502.0,2571.0,2502.0,2502.0,2502.0,2502.0,2502.0,2502.0,2502.0,2502.0,2502.0,2502.0,2502.0,2547.0,2502.0,2502.0,2476.0,2502.0,2502.0,2502.0,2502.0,2502.0,2502.0,2502.0,2502.0,2522.0,2502.0,2555.0,2502.0,2502.0,2502.0,2502.0,2502.0,2502.0,2502.0,2502.0,2502.0,2502.0,2502.0,2502.0,2548.0,2502.0,2502.0,2502.0,2548.0,2502.0,2502.0,2502.0,2502.0,2502.0,2548.0,2502.0,2502.0,2502.0,2502.0,2502.0,2502.0,2502.0,2502.0,2502.0,2502.0,2502.0,2502.0,2502.0,2502.0,2502.0,2502.0,2502.0,2502.0,2502.0,2502.0,2502.0,2502.0,2502.0,2502.0,2502.0,2502.0,2531.0,2502.0,2502.0,2502.0,2502.0,2502.0,2540.0,2502.0,2502.0,2502.0,2540.0,2502.0,2502.0,2502.0,2502.0,2502.0,2502.0,2531.0,2531.0,2502.0,2502.0,2502.0,2502.0,2502.0,2502.0,2531.0,2502.0,2404.0,2502.0,2502.0,2502.0,2502.0,2502.0,2502.0,2516.0,2502.0,2502.0,2502.0,2502.0,2502.0,2438.0,2502.0,2502.0,2502.0,2502.0,2502.0,2502.0,2502.0,2502.0,2502.0,2502.0,2502.0,2502.0,2502.0,2502.0,2502.0,2502.0,2502.0,2502.0,2502.0,2476.0,2502.0,2502.0,2502.0,2502.0,2531.0,2502.0,2502.0,2502.0,2502.0,2502.0,2502.0,2502.0,2502.0,2502.0,2502.0,2502.0,2502.0,2502.0,2502.0,2502.0,2502.0,2502.0,2502.0,2502.0,2502.0,2502.0,2502.0,2531.0,2502.0,2502.0,2502.0,2502.0,2502.0,2502.0,2502.0,8245.0,8251.0,8245.0,8234.0,8245.0,8245.0,8219.0,8263.0,8245.0,8245.0,8306.0,8286.0,8245.0,8328.0,8480.0,8264.0,8245.0,8245.0,8245.0,8245.0,8245.0,8245.0,8245.0,8245.0,8245.0,8245.0,8245.0,8245.0,8245.0,8245.0,8245.0,8245.0,8245.0,8245.0,8245.0,8245.0,8240.0,8245.0,8245.0,8245.0,8245.0,8245.0,8245.0,8245.0,8245.0,8245.0,8245.0,8245.0,8245.0,8245.0,8245.0,8245.0,8245.0,8245.0,8286.0,8245.0,8245.0,8245.0,8245.0,8245.0,8245.0,8245.0,8245.0,8245.0,8245.0,8245.0,8245.0,8245.0,8286.0,8245.0,8245.0,8245.0,8245.0,8245.0,8245.0,8245.0,8245.0,8245.0,8245.0,8245.0,8245.0,8245.0,8245.0,8245.0,8245.0,8245.0,8245.0,8245.0,8245.0,8245.0,8245.0,8245.0,8274.0,8242.0,8245.0,8334.0,8245.0,8245.0,8245.0,8245.0,8245.0,8245.0,8245.0,8334.0,8245.0,8245.0,8245.0,8245.0,8245.0,8263.0,8263.0,8334.0,8245.0,8245.0,8245.0,8226.0,8245.0,8265.0,8245.0,8245.0,8245.0,8245.0,8245.0,8245.0,8251.0,8245.0,8245.0,8245.0,8245.0,8245.0,8156.0,8245.0,8245.0,8245.0,8245.0,8245.0,8245.0,8245.0,8245.0,8245.0,8245.0,8245.0,8245.0,8245.0,8245.0,8245.0,8245.0,8245.0,8245.0,8245.0,8245.0,8334.0,8257.0,8245.0,8245.0,8245.0,8245.0,8245.0,8245.0,8245.0,8245.0,8245.0,8245.0,8274.0,8263.0,8263.0,8245.0,8251.0,8245.0,8251.0,8245.0,8245.0,8245.0,8394.0,8334.0,8245.0,8245.0,8245.0,8244.0,8245.0,8245.0,8245.0,8334.0,8245.0,8245.0,8245.0,8245.0,8245.0,8245.0,8245.0,8245.0,8245.0,8245.0,8245.0,8245.0,8245.0,8245.0,8245.0,8245.0,8200.0,8245.0,8245.0,8245.0,8245.0,8200.0,8245.0,8245.0,8245.0,8245.0,8158.0,8245.0,8245.0,8245.0,8245.0,8245.0,8245.0,8156.0,8245.0,8245.0,8263.0,8263.0,8334.0,8245.0,8245.0,8473.0,8245.0,8263.0,8245.0,8334.0,8245.0,8245.0,8245.0,8245.0,8263.0,8245.0,8245.0,8245.0,8245.0,8245.0,8245.0,8245.0,8245.0,8245.0,8245.0,8245.0,8245.0,8245.0,8245.0,8245.0,8334.0,8245.0,8264.0,8245.0,8263.0,8245.0,8245.0,8245.0,8263.0,8334.0,8245.0,8245.0,8334.0,8245.0,8245.0,8245.0,8245.0,8245.0,8245.0,8245.0,8245.0,8245.0,8245.0,8245.0,8245.0,8245.0,8245.0,8245.0,8245.0,8245.0,8245.0,8245.0,8245.0,8245.0,8334.0,8245.0,8245.0,8263.0,8245.0,8245.0,8245.0,8334.0,8245.0,8334.0,8245.0,8334.0,8263.0,8245.0,8245.0,8245.0,8245.0,8245.0,8245.0,8263.0,8245.0,8263.0,8245.0,8245.0,8245.0,8334.0,8245.0,8245.0,8245.0,8245.0,8245.0,8245.0,8245.0,8245.0,8245.0,8245.0,8245.0,8245.0,8245.0,8245.0,8245.0,8245.0,8245.0,8245.0,8245.0,8334.0,8245.0,8334.0,8334.0,8245.0,8245.0,8245.0,8245.0,8245.0,8245.0,8264.0,8245.0,8245.0,8245.0,8245.0,8245.0,8245.0,8245.0,8245.0,8245.0,8245.0,8245.0,8245.0,8245.0,8245.0,8245.0,8334.0,8245.0,8274.0,8245.0,8245.0,8245.0,8334.0,8245.0,8245.0,8334.0,8245.0,8245.0,8245.0,8245.0,8245.0,8245.0,8245.0,8245.0,8334.0,8245.0,8245.0,8245.0,8334.0,8245.0,8245.0,8245.0,8245.0,8245.0,8245.0,8245.0,8245.0,8245.0,8245.0,8245.0,8334.0,8245.0,8334.0,8216.0,8245.0,8245.0,8245.0,8264.0,8245.0,8245.0,8334.0,8245.0,8334.0,8245.0,8245.0,8334.0,8334.0,8334.0,8245.0,8245.0,8264.0,8305.0,8245.0,8245.0,8334.0,8334.0,8264.0,8264.0,8334.0,8245.0,8334.0,8334.0,8334.0,8334.0,8346.0,8245.0,8334.0,8334.0,8264.0,8334.0,8334.0,8245.0,8334.0,8245.0,8334.0,8334.0,8334.0,8264.0,8334.0,8264.0,8334.0,8334.0,8264.0,8264.0,8264.0,8264.0,8264.0,8334.0,8334.0,8221.0,8264.0,8270.0,8264.0,8264.0,8264.0,8264.0,8245.0,8264.0,8264.0,8264.0,8264.0,8264.0,8264.0,8193.0,8264.0,8348.0,8264.0,8348.0,8264.0,8264.0,8346.0,8264.0,8245.0,8245.0,128.0,173.0,489.0,250.0,99.0,231.0,231.0,231.0,231.0,231.0,231.0,231.0,231.0,231.0,231.0,231.0,231.0,231.0,231.0,231.0,231.0,231.0,231.0,231.0,231.0,231.0,231.0,231.0,231.0,231.0,231.0,231.0,231.0,231.0,231.0,231.0,231.0,231.0,231.0,231.0,231.0,260.0,231.0,231.0,231.0,320.0,231.0,231.0,320.0,231.0,231.0,260.0,231.0,231.0,260.0,287.0,257.0,303.0,257.0,250.0,257.0,257.0,250.0,231.0,277.0,250.0,250.0,231.0,231.0,250.0,231.0,231.0,231.0,231.0,231.0,231.0,231.0,231.0,231.0,231.0,231.0,257.0,250.0,231.0,231.0,231.0,231.0,231.0,231.0,231.0,231.0,231.0,231.0,231.0,231.0,277.0,231.0,231.0,231.0,231.0,231.0,231.0,231.0,231.0,231.0,231.0,231.0,231.0,231.0,231.0,231.0,231.0,231.0,231.0,231.0,231.0,231.0,231.0,231.0,231.0,231.0,231.0,231.0,231.0,231.0,231.0,231.0,231.0,231.0,231.0,231.0,231.0,231.0,231.0,231.0,231.0,208.0,231.0,231.0,231.0,231.0,250.0,231.0,231.0,231.0,231.0,231.0,231.0,252.0,231.0,250.0,231.0,231.0,231.0,231.0,231.0,231.0,231.0,231.0,231.0,231.0,231.0,250.0,231.0,231.0,231.0,231.0,231.0,250.0,231.0,231.0,250.0,250.0,231.0,231.0,231.0,250.0,231.0,231.0,231.0,231.0,231.0,231.0,231.0,231.0,231.0,231.0,231.0,231.0,231.0,231.0,277.0,231.0,231.0,231.0,231.0,231.0,231.0,231.0,231.0,277.0,231.0,231.0,321.0,231.0,231.0,231.0,231.0,287.0,231.0,231.0,231.0,231.0,231.0,231.0,231.0,231.0,231.0,231.0,173.0,231.0,231.0,231.0,231.0,250.0,231.0,231.0,279.0,231.0,231.0,231.0,231.0,231.0,231.0,231.0,231.0,231.0,231.0,231.0,231.0,231.0,231.0,231.0,231.0,231.0,254.0,231.0,231.0,231.0,287.0,231.0,231.0,231.0,231.0,231.0,231.0,231.0,231.0,231.0,231.0,231.0,250.0,231.0,231.0,231.0,231.0,231.0,231.0,231.0,231.0,231.0,241.0,231.0,231.0,231.0,287.0,231.0,231.0,231.0,231.0,231.0,231.0,231.0,231.0,231.0,231.0,231.0,295.0,231.0,231.0,231.0,287.0,231.0,231.0,231.0,209.0,231.0,287.0,231.0,231.0,231.0,231.0,231.0,231.0,231.0,231.0,231.0,231.0,231.0,231.0,231.0,231.0,260.0,231.0,231.0,231.0,287.0,231.0,231.0,231.0,231.0,231.0,231.0,231.0,231.0,231.0,231.0,277.0,231.0,287.0,231.0,231.0,231.0,231.0,231.0,231.0,287.0,231.0,231.0,231.0,231.0,287.0,231.0,257.0,295.0,250.0,231.0,250.0,250.0,250.0,250.0,250.0,250.0,250.0,250.0,250.0,250.0,250.0,250.0,250.0,231.0,250.0,296.0,221.0,250.0,231.0,250.0,250.0,250.0,250.0,250.0,250.0,250.0,250.0,250.0,250.0,250.0,250.0,314.0,250.0,250.0,250.0,250.0
hDenV4/Colombia/SAN-UR-LV192075/2009,3080.0,3058.0,3058.0,3058.0,3058.0,3058.0,3058.0,3079.0,3058.0,3127.0,3111.0,3193.0,3080.0,3044.0,3046.0,3046.0,3046.0,3084.0,3046.0,3084.0,3084.0,3050.0,3050.0,3050.0,3050.0,3070.0,3070.0,3084.0,3058.0,3084.0,3050.0,3058.0,3050.0,3084.0,3104.0,3070.0,3050.0,3055.0,3050.0,3050.0,3050.0,3050.0,3050.0,3084.0,3050.0,3050.0,3036.0,3084.0,3058.0,3058.0,3058.0,3058.0,3094.0,3094.0,3094.0,3142.0,3050.0,3058.0,3116.0,3050.0,3058.0,3050.0,3050.0,3050.0,3058.0,3058.0,3084.0,3050.0,3058.0,3084.0,3084.0,3050.0,3050.0,3084.0,3050.0,3050.0,3058.0,3058.0,3058.0,3058.0,3063.0,3058.0,3058.0,3058.0,3058.0,3063.0,3058.0,3036.0,3084.0,3058.0,3058.0,3058.0,3058.0,3058.0,3050.0,3058.0,3050.0,3050.0,3050.0,3058.0,3050.0,3058.0,3058.0,3050.0,3058.0,3058.0,3058.0,3050.0,3050.0,3058.0,3050.0,3044.0,3058.0,3058.0,3046.0,3058.0,3058.0,3058.0,3058.0,3058.0,3058.0,3050.0,3058.0,3084.0,3058.0,3058.0,3058.0,3058.0,2994.0,3058.0,3058.0,3058.0,3044.0,3058.0,3058.0,3058.0,3058.0,3116.0,3058.0,3058.0,3058.0,3058.0,3116.0,3044.0,3058.0,3050.0,3058.0,3044.0,3058.0,3058.0,3058.0,3058.0,3050.0,3058.0,3058.0,3058.0,3058.0,3050.0,3058.0,3058.0,3058.0,3058.0,3058.0,3058.0,3043.0,3058.0,3058.0,3058.0,3095.0,3058.0,3058.0,3058.0,3058.0,3058.0,3058.0,3058.0,3058.0,3058.0,3037.0,3058.0,3058.0,3058.0,3031.0,3058.0,3058.0,3165.0,3058.0,3058.0,3045.0,3058.0,3098.0,3058.0,3058.0,3058.0,3058.0,3058.0,3058.0,3039.0,3058.0,3058.0,3058.0,3058.0,3046.0,3116.0,3058.0,3058.0,3058.0,3058.0,3058.0,3058.0,3058.0,3058.0,3058.0,3058.0,3165.0,3058.0,3058.0,3058.0,3058.0,3058.0,3050.0,3058.0,3127.0,3058.0,3058.0,3058.0,3058.0,3058.0,3058.0,3058.0,3050.0,3058.0,3050.0,3050.0,3058.0,3050.0,3058.0,3058.0,3058.0,3058.0,3116.0,3058.0,3058.0,3050.0,3050.0,3050.0,3058.0,3058.0,3050.0,3058.0,3116.0,3058.0,3058.0,3050.0,3058.0,3058.0,3058.0,3058.0,3058.0,3058.0,3058.0,3058.0,3058.0,3058.0,3058.0,3122.0,3058.0,3058.0,3058.0,3058.0,3058.0,3058.0,3058.0,3058.0,3079.0,3058.0,3058.0,3058.0,3058.0,3058.0,3058.0,3058.0,3058.0,3044.0,3134.0,3050.0,3058.0,3058.0,3058.0,3058.0,3058.0,3058.0,3058.0,3068.0,3058.0,3058.0,3058.0,3058.0,3058.0,3044.0,3058.0,3058.0,3058.0,3058.0,3079.0,3058.0,3058.0,3058.0,3058.0,3044.0,3058.0,3058.0,3058.0,3044.0,3058.0,3058.0,3058.0,3058.0,3058.0,3058.0,3058.0,3058.0,3058.0,3058.0,3058.0,3058.0,3058.0,3058.0,3058.0,3058.0,3058.0,3058.0,3146.0,3058.0,3058.0,3058.0,3058.0,3058.0,3116.0,3058.0,3022.0,3058.0,3058.0,3079.0,3058.0,3058.0,3006.0,3040.0,3058.0,3058.0,3058.0,3046.0,3058.0,3058.0,3058.0,3043.0,3116.0,3058.0,3045.0,3058.0,3058.0,3058.0,3058.0,3058.0,3058.0,3058.0,3058.0,3058.0,3116.0,3058.0,3058.0,3058.0,3058.0,3058.0,3058.0,3058.0,3116.0,3058.0,2969.0,3058.0,3058.0,3058.0,3058.0,3058.0,3058.0,3082.0,3058.0,3058.0,3058.0,3046.0,3058.0,3058.0,3058.0,3058.0,3058.0,3058.0,3058.0,3058.0,3058.0,3058.0,3058.0,3058.0,3058.0,3116.0,3058.0,3058.0,3058.0,3058.0,3058.0,3058.0,3058.0,3116.0,3085.0,3058.0,3116.0,3058.0,3058.0,3058.0,3058.0,3058.0,3058.0,3058.0,3058.0,3058.0,3121.0,3058.0,3058.0,3121.0,3046.0,3130.0,3058.0,3046.0,3058.0,3040.0,3058.0,3116.0,3058.0,3058.0,3058.0,3096.0,3058.0,3058.0,3058.0,3022.0,3058.0,3180.0,3058.0,3058.0,3058.0,3121.0,3046.0,3058.0,3058.0,3090.0,3058.0,3116.0,3058.0,3058.0,3046.0,3050.0,3058.0,3058.0,3058.0,3058.0,3058.0,3058.0,3058.0,3058.0,3058.0,2994.0,3058.0,3058.0,3044.0,3058.0,3116.0,3058.0,3058.0,3058.0,3058.0,3058.0,3058.0,3058.0,3058.0,3040.0,3058.0,3116.0,3058.0,3116.0,3058.0,3058.0,3085.0,3058.0,3058.0,3046.0,3058.0,3058.0,3058.0,3058.0,3116.0,3058.0,3058.0,3058.0,3058.0,3046.0,3116.0,3058.0,3116.0,3058.0,3058.0,3116.0,3058.0,3058.0,3058.0,3044.0,3058.0,3058.0,3058.0,3058.0,3058.0,3058.0,3090.0,3046.0,3058.0,3058.0,2994.0,2994.0,2994.0,3116.0,3078.0,3058.0,3058.0,3058.0,3139.0,3058.0,3058.0,2994.0,3090.0,3058.0,3068.0,3058.0,2994.0,3116.0,3046.0,3058.0,3058.0,3058.0,2994.0,3058.0,3058.0,3058.0,3046.0,3088.0,2994.0,3058.0,3058.0,2994.0,2994.0,2994.0,3058.0,3090.0,3058.0,3058.0,3058.0,2994.0,3058.0,2994.0,3058.0,3058.0,3058.0,2994.0,3058.0,3116.0,3058.0,3046.0,3058.0,2994.0,3058.0,2994.0,3058.0,3131.0,2994.0,3116.0,3058.0,3058.0,3058.0,3058.0,3058.0,3116.0,3116.0,3058.0,3058.0,3058.0,3058.0,3058.0,2994.0,3052.0,2994.0,3058.0,3058.0,3058.0,2994.0,2994.0,3058.0,3058.0,3058.0,3096.0,3116.0,3058.0,3058.0,3058.0,3090.0,3058.0,3058.0,3058.0,3058.0,3058.0,3058.0,3058.0,3058.0,3058.0,3058.0,3058.0,3058.0,3090.0,3090.0,3058.0,3058.0,3080.0,3058.0,3058.0,3058.0,3058.0,3058.0,3058.0,3058.0,3058.0,3058.0,3058.0,3058.0,3139.0,3058.0,3058.0,3067.0,2959.0,3058.0,3058.0,3058.0,3058.0,3058.0,3058.0,3079.0,3058.0,3058.0,3058.0,3058.0,3096.0,3058.0,3058.0,3087.0,3058.0,3058.0,3058.0,3058.0,3058.0,3058.0,2994.0,3117.0,3058.0,3058.0,3046.0,3058.0,3058.0,3139.0,3139.0,3058.0,3116.0,2994.0,2994.0,2994.0,3058.0,3058.0,3135.0,3018.0,2429.0,2502.0,2502.0,2534.0,2470.0,2449.0,2497.0,2420.0,2502.0,2502.0,2502.0,2502.0,2502.0,2548.0,2502.0,2502.0,2502.0,2548.0,2473.0,2502.0,2502.0,2502.0,2473.0,2502.0,2473.0,2540.0,2502.0,2531.0,2502.0,2473.0,2473.0,2502.0,2502.0,2502.0,2502.0,2502.0,2502.0,2502.0,2502.0,2502.0,2473.0,2473.0,2502.0,2502.0,2502.0,2502.0,2473.0,2502.0,2502.0,2502.0,2502.0,2473.0,2502.0,2502.0,2502.0,2502.0,2502.0,2502.0,2502.0,2473.0,2502.0,2502.0,2513.0,2502.0,2502.0,2502.0,2444.0,2473.0,2502.0,2502.0,2473.0,2502.0,2502.0,2502.0,2502.0,2502.0,2502.0,2473.0,2473.0,2502.0,2566.0,2502.0,2502.0,2473.0,2502.0,2502.0,2502.0,2502.0,2502.0,2502.0,2502.0,2473.0,2502.0,2502.0,2473.0,2502.0,2502.0,2502.0,2502.0,2502.0,2473.0,2473.0,2502.0,2502.0,2502.0,2502.0,2502.0,2502.0,2473.0,2502.0,2502.0,2502.0,2502.0,2502.0,2502.0,2502.0,2502.0,2473.0,2502.0,2502.0,2502.0,2502.0,2502.0,2502.0,2502.0,2502.0,2502.0,2596.0,2502.0,2473.0,2502.0,2502.0,2502.0,2502.0,2502.0,2502.0,2502.0,2502.0,2502.0,2502.0,2502.0,2502.0,2502.0,2502.0,2502.0,2502.0,2502.0,2502.0,2502.0,2502.0,2502.0,2502.0,2502.0,2502.0,2504.0,2502.0,2502.0,2502.0,2502.0,2502.0,2502.0,2502.0,2502.0,2502.0,2502.0,2502.0,2502.0,2502.0,2502.0,2502.0,2502.0,2502.0,2502.0,2502.0,2502.0,2502.0,2502.0,2502.0,2502.0,2502.0,2502.0,2502.0,2502.0,2502.0,2502.0,2502.0,2502.0,2502.0,2502.0,2502.0,2502.0,2502.0,2502.0,2502.0,2502.0,2502.0,2502.0,2502.0,2502.0,2502.0,2502.0,2502.0,2502.0,2502.0,2548.0,2502.0,2502.0,2502.0,2502.0,2502.0,2502.0,2502.0,2502.0,2502.0,2502.0,2502.0,2502.0,2502.0,2502.0,2502.0,2502.0,2502.0,2502.0,2502.0,2502.0,2502.0,2502.0,2502.0,2502.0,2502.0,2502.0,2502.0,2502.0,2502.0,2502.0,2502.0,2502.0,2502.0,2502.0,2502.0,2502.0,2502.0,2502.0,2502.0,2502.0,2502.0,2548.0,2502.0,2502.0,2502.0,2502.0,2502.0,2502.0,2502.0,2502.0,2502.0,2502.0,2502.0,2502.0,2502.0,2502.0,2502.0,2502.0,2502.0,2502.0,2502.0,2502.0,2502.0,2502.0,2502.0,2502.0,2502.0,2571.0,2502.0,2502.0,2502.0,2502.0,2502.0,2502.0,2502.0,2502.0,2502.0,2502.0,2502.0,2547.0,2502.0,2502.0,2476.0,2502.0,2502.0,2502.0,2502.0,2502.0,2502.0,2502.0,2502.0,2522.0,2502.0,2555.0,2502.0,2502.0,2502.0,2502.0,2502.0,2502.0,2502.0,2502.0,2502.0,2502.0,2502.0,2502.0,2548.0,2502.0,2502.0,2502.0,2548.0,2502.0,2502.0,2502.0,2502.0,2502.0,2548.0,2502.0,2502.0,2502.0,2502.0,2502.0,2502.0,2502.0,2502.0,2502.0,2502.0,2502.0,2502.0,2502.0,2502.0,2502.0,2502.0,2502.0,2502.0,2502.0,2502.0,2502.0,2502.0,2502.0,2502.0,2502.0,2502.0,2531.0,2502.0,2502.0,2502.0,2502.0,2502.0,2540.0,2502.0,2502.0,2502.0,2540.0,2502.0,2502.0,2502.0,2502.0,2502.0,2502.0,2531.0,2531.0,2502.0,2502.0,2502.0,2502.0,2502.0,2502.0,2531.0,2502.0,2404.0,2502.0,2502.0,2502.0,2502.0,2502.0,2502.0,2516.0,2502.0,2502.0,2502.0,2502.0,2502.0,2438.0,2502.0,2502.0,2502.0,2502.0,2502.0,2502.0,2502.0,2502.0,2502.0,2502.0,2502.0,2502.0,2502.0,2502.0,2502.0,2502.0,2502.0,2502.0,2502.0,2476.0,2502.0,2502.0,2502.0,2502.0,2531.0,2502.0,2502.0,2502.0,2502.0,2502.0,2502.0,2502.0,2502.0,2502.0,2502.0,2502.0,2502.0,2502.0,2502.0,2502.0,2502.0,2502.0,2502.0,2502.0,2502.0,2502.0,2502.0,2531.0,2502.0,2502.0,2502.0,2502.0,2502.0,2502.0,2502.0,8245.0,8251.0,8245.0,8234.0,8245.0,8245.0,8219.0,8263.0,8245.0,8245.0,8306.0,8286.0,8245.0,8328.0,8480.0,8264.0,8245.0,8245.0,8245.0,8245.0,8245.0,8245.0,8245.0,8245.0,8245.0,8245.0,8245.0,8245.0,8245.0,8245.0,8245.0,8245.0,8245.0,8245.0,8245.0,8245.0,8240.0,8245.0,8245.0,8245.0,8245.0,8245.0,8245.0,8245.0,8245.0,8245.0,8245.0,8245.0,8245.0,8245.0,8245.0,8245.0,8245.0,8245.0,8286.0,8245.0,8245.0,8245.0,8245.0,8245.0,8245.0,8245.0,8245.0,8245.0,8245.0,8245.0,8245.0,8245.0,8286.0,8245.0,8245.0,8245.0,8245.0,8245.0,8245.0,8245.0,8245.0,8245.0,8245.0,8245.0,8245.0,8245.0,8245.0,8245.0,8245.0,8245.0,8245.0,8245.0,8245.0,8245.0,8245.0,8245.0,8274.0,8242.0,8245.0,8334.0,8245.0,8245.0,8245.0,8245.0,8245.0,8245.0,8245.0,8334.0,8245.0,8245.0,8245.0,8245.0,8245.0,8263.0,8263.0,8334.0,8245.0,8245.0,8245.0,8226.0,8245.0,8265.0,8245.0,8245.0,8245.0,8245.0,8245.0,8245.0,8251.0,8245.0,8245.0,8245.0,8245.0,8245.0,8156.0,8245.0,8245.0,8245.0,8245.0,8245.0,8245.0,8245.0,8245.0,8245.0,8245.0,8245.0,8245.0,8245.0,8245.0,8245.0,8245.0,8245.0,8245.0,8245.0,8245.0,8334.0,8257.0,8245.0,8245.0,8245.0,8245.0,8245.0,8245.0,8245.0,8245.0,8245.0,8245.0,8274.0,8263.0,8263.0,8245.0,8251.0,8245.0,8251.0,8245.0,8245.0,8245.0,8394.0,8334.0,8245.0,8245.0,8245.0,8244.0,8245.0,8245.0,8245.0,8334.0,8245.0,8245.0,8245.0,8245.0,8245.0,8245.0,8245.0,8245.0,8245.0,8245.0,8245.0,8245.0,8245.0,8245.0,8245.0,8245.0,8200.0,8245.0,8245.0,8245.0,8245.0,8200.0,8245.0,8245.0,8245.0,8245.0,8158.0,8245.0,8245.0,8245.0,8245.0,8245.0,8245.0,8156.0,8245.0,8245.0,8263.0,8263.0,8334.0,8245.0,8245.0,8473.0,8245.0,8263.0,8245.0,8334.0,8245.0,8245.0,8245.0,8245.0,8263.0,8245.0,8245.0,8245.0,8245.0,8245.0,8245.0,8245.0,8245.0,8245.0,8245.0,8245.0,8245.0,8245.0,8245.0,8245.0,8334.0,8245.0,8264.0,8245.0,8263.0,8245.0,8245.0,8245.0,8263.0,8334.0,8245.0,8245.0,8334.0,8245.0,8245.0,8245.0,8245.0,8245.0,8245.0,8245.0,8245.0,8245.0,8245.0,8245.0,8245.0,8245.0,8245.0,8245.0,8245.0,8245.0,8245.0,8245.0,8245.0,8245.0,8334.0,8245.0,8245.0,8263.0,8245.0,8245.0,8245.0,8334.0,8245.0,8334.0,8245.0,8334.0,8263.0,8245.0,8245.0,8245.0,8245.0,8245.0,8245.0,8263.0,8245.0,8263.0,8245.0,8245.0,8245.0,8334.0,8245.0,8245.0,8245.0,8245.0,8245.0,8245.0,8245.0,8245.0,8245.0,8245.0,8245.0,8245.0,8245.0,8245.0,8245.0,8245.0,8245.0,8245.0,8245.0,8334.0,8245.0,8334.0,8334.0,8245.0,8245.0,8245.0,8245.0,8245.0,8245.0,8264.0,8245.0,8245.0,8245.0,8245.0,8245.0,8245.0,8245.0,8245.0,8245.0,8245.0,8245.0,8245.0,8245.0,8245.0,8245.0,8334.0,8245.0,8274.0,8245.0,8245.0,8245.0,8334.0,8245.0,8245.0,8334.0,8245.0,8245.0,8245.0,8245.0,8245.0,8245.0,8245.0,8245.0,8334.0,8245.0,8245.0,8245.0,8334.0,8245.0,8245.0,8245.0,8245.0,8245.0,8245.0,8245.0,8245.0,8245.0,8245.0,8245.0,8334.0,8245.0,8334.0,8216.0,8245.0,8245.0,8245.0,8264.0,8245.0,8245.0,8334.0,8245.0,8334.0,8245.0,8245.0,8334.0,8334.0,8334.0,8245.0,8245.0,8264.0,8305.0,8245.0,8245.0,8334.0,8334.0,8264.0,8264.0,8334.0,8245.0,8334.0,8334.0,8334.0,8334.0,8346.0,8245.0,8334.0,8334.0,8264.0,8334.0,8334.0,8245.0,8334.0,8245.0,8334.0,8334.0,8334.0,8264.0,8334.0,8264.0,8334.0,8334.0,8264.0,8264.0,8264.0,8264.0,8264.0,8334.0,8334.0,8221.0,8264.0,8270.0,8264.0,8264.0,8264.0,8264.0,8245.0,8264.0,8264.0,8264.0,8264.0,8264.0,8264.0,8193.0,8264.0,8348.0,8264.0,8348.0,8264.0,8264.0,8346.0,8264.0,8245.0,8245.0,128.0,173.0,489.0,250.0,99.0,231.0,231.0,231.0,231.0,231.0,231.0,231.0,231.0,231.0,231.0,231.0,231.0,231.0,231.0,231.0,231.0,231.0,231.0,231.0,231.0,231.0,231.0,231.0,231.0,231.0,231.0,231.0,231.0,231.0,231.0,231.0,231.0,231.0,231.0,231.0,231.0,260.0,231.0,231.0,231.0,320.0,231.0,231.0,320.0,231.0,231.0,260.0,231.0,231.0,260.0,287.0,257.0,303.0,257.0,250.0,257.0,257.0,250.0,231.0,277.0,250.0,250.0,231.0,231.0,250.0,231.0,231.0,231.0,231.0,231.0,231.0,231.0,231.0,231.0,231.0,231.0,257.0,250.0,231.0,231.0,231.0,231.0,231.0,231.0,231.0,231.0,231.0,231.0,231.0,231.0,277.0,231.0,231.0,231.0,231.0,231.0,231.0,231.0,231.0,231.0,231.0,231.0,231.0,231.0,231.0,231.0,231.0,231.0,231.0,231.0,231.0,231.0,231.0,231.0,231.0,231.0,231.0,231.0,231.0,231.0,231.0,231.0,231.0,231.0,231.0,231.0,231.0,231.0,231.0,231.0,231.0,208.0,231.0,231.0,231.0,231.0,250.0,231.0,231.0,231.0,231.0,231.0,231.0,252.0,231.0,250.0,231.0,231.0,231.0,231.0,231.0,231.0,231.0,231.0,231.0,231.0,231.0,250.0,231.0,231.0,231.0,231.0,231.0,250.0,231.0,231.0,250.0,250.0,231.0,231.0,231.0,250.0,231.0,231.0,231.0,231.0,231.0,231.0,231.0,231.0,231.0,231.0,231.0,231.0,231.0,231.0,277.0,231.0,231.0,231.0,231.0,231.0,231.0,231.0,231.0,277.0,231.0,231.0,321.0,231.0,231.0,231.0,231.0,287.0,231.0,231.0,231.0,231.0,231.0,231.0,231.0,231.0,231.0,231.0,173.0,231.0,231.0,231.0,231.0,250.0,231.0,231.0,279.0,231.0,231.0,231.0,231.0,231.0,231.0,231.0,231.0,231.0,231.0,231.0,231.0,231.0,231.0,231.0,231.0,231.0,254.0,231.0,231.0,231.0,287.0,231.0,231.0,231.0,231.0,231.0,231.0,231.0,231.0,231.0,231.0,231.0,250.0,231.0,231.0,231.0,231.0,231.0,231.0,231.0,231.0,231.0,241.0,231.0,231.0,231.0,287.0,231.0,231.0,231.0,231.0,231.0,231.0,231.0,231.0,231.0,231.0,231.0,295.0,231.0,231.0,231.0,287.0,231.0,231.0,231.0,209.0,231.0,287.0,231.0,231.0,231.0,231.0,231.0,231.0,231.0,231.0,231.0,231.0,231.0,231.0,231.0,231.0,260.0,231.0,231.0,231.0,287.0,231.0,231.0,231.0,231.0,231.0,231.0,231.0,231.0,231.0,231.0,277.0,231.0,287.0,231.0,231.0,231.0,231.0,231.0,231.0,287.0,231.0,231.0,231.0,231.0,287.0,231.0,257.0,295.0,250.0,231.0,250.0,250.0,250.0,250.0,250.0,250.0,250.0,250.0,250.0,250.0,250.0,250.0,250.0,231.0,250.0,296.0,221.0,250.0,231.0,250.0,250.0,250.0,250.0,250.0,250.0,250.0,250.0,250.0,250.0,250.0,250.0,314.0,250.0,250.0,250.0,250.0
hDenV4/Colombia/SAN-UR-P200120105/2015,3080.0,3058.0,3058.0,3058.0,3058.0,3058.0,3058.0,3079.0,3058.0,3127.0,3111.0,3193.0,3080.0,3044.0,3046.0,3046.0,3046.0,3084.0,3046.0,3084.0,3084.0,3050.0,3050.0,3050.0,3050.0,3070.0,3070.0,3084.0,3058.0,3084.0,3050.0,3058.0,3050.0,3084.0,3104.0,3070.0,3050.0,3055.0,3050.0,3050.0,3050.0,3050.0,3050.0,3084.0,3050.0,3050.0,3036.0,3084.0,3058.0,3058.0,3058.0,3058.0,3094.0,3094.0,3094.0,3142.0,3050.0,3058.0,3116.0,3050.0,3058.0,3050.0,3050.0,3050.0,3058.0,3058.0,3084.0,3050.0,3058.0,3084.0,3084.0,3050.0,3050.0,3084.0,3050.0,3050.0,3058.0,3058.0,3058.0,3058.0,3063.0,3058.0,3058.0,3058.0,3058.0,3063.0,3058.0,3036.0,3084.0,3058.0,3058.0,3058.0,3058.0,3058.0,3050.0,3058.0,3050.0,3050.0,3050.0,3058.0,3050.0,3058.0,3058.0,3050.0,3058.0,3058.0,3058.0,3050.0,3050.0,3058.0,3050.0,3044.0,3058.0,3058.0,3046.0,3058.0,3058.0,3058.0,3058.0,3058.0,3058.0,3050.0,3058.0,3084.0,3058.0,3058.0,3058.0,3058.0,2994.0,3058.0,3058.0,3058.0,3044.0,3058.0,3058.0,3058.0,3058.0,3116.0,3058.0,3058.0,3058.0,3058.0,3116.0,3044.0,3058.0,3050.0,3058.0,3044.0,3058.0,3058.0,3058.0,3058.0,3050.0,3058.0,3058.0,3058.0,3058.0,3050.0,3058.0,3058.0,3058.0,3058.0,3058.0,3058.0,3043.0,3058.0,3058.0,3058.0,3095.0,3058.0,3058.0,3058.0,3058.0,3058.0,3058.0,3058.0,3058.0,3058.0,3037.0,3058.0,3058.0,3058.0,3031.0,3058.0,3058.0,3165.0,3058.0,3058.0,3045.0,3058.0,3098.0,3058.0,3058.0,3058.0,3058.0,3058.0,3058.0,3039.0,3058.0,3058.0,3058.0,3058.0,3046.0,3116.0,3058.0,3058.0,3058.0,3058.0,3058.0,3058.0,3058.0,3058.0,3058.0,3058.0,3165.0,3058.0,3058.0,3058.0,3058.0,3058.0,3050.0,3058.0,3127.0,3058.0,3058.0,3058.0,3058.0,3058.0,3058.0,3058.0,3050.0,3058.0,3050.0,3050.0,3058.0,3050.0,3058.0,3058.0,3058.0,3058.0,3116.0,3058.0,3058.0,3050.0,3050.0,3050.0,3058.0,3058.0,3050.0,3058.0,3116.0,3058.0,3058.0,3050.0,3058.0,3058.0,3058.0,3058.0,3058.0,3058.0,3058.0,3058.0,3058.0,3058.0,3058.0,3122.0,3058.0,3058.0,3058.0,3058.0,3058.0,3058.0,3058.0,3058.0,3079.0,3058.0,3058.0,3058.0,3058.0,3058.0,3058.0,3058.0,3058.0,3044.0,3134.0,3050.0,3058.0,3058.0,3058.0,3058.0,3058.0,3058.0,3058.0,3068.0,3058.0,3058.0,3058.0,3058.0,3058.0,3044.0,3058.0,3058.0,3058.0,3058.0,3079.0,3058.0,3058.0,3058.0,3058.0,3044.0,3058.0,3058.0,3058.0,3044.0,3058.0,3058.0,3058.0,3058.0,3058.0,3058.0,3058.0,3058.0,3058.0,3058.0,3058.0,3058.0,3058.0,3058.0,3058.0,3058.0,3058.0,3058.0,3146.0,3058.0,3058.0,3058.0,3058.0,3058.0,3116.0,3058.0,3022.0,3058.0,3058.0,3079.0,3058.0,3058.0,3006.0,3040.0,3058.0,3058.0,3058.0,3046.0,3058.0,3058.0,3058.0,3043.0,3116.0,3058.0,3045.0,3058.0,3058.0,3058.0,3058.0,3058.0,3058.0,3058.0,3058.0,3058.0,3116.0,3058.0,3058.0,3058.0,3058.0,3058.0,3058.0,3058.0,3116.0,3058.0,2969.0,3058.0,3058.0,3058.0,3058.0,3058.0,3058.0,3082.0,3058.0,3058.0,3058.0,3046.0,3058.0,3058.0,3058.0,3058.0,3058.0,3058.0,3058.0,3058.0,3058.0,3058.0,3058.0,3058.0,3058.0,3116.0,3058.0,3058.0,3058.0,3058.0,3058.0,3058.0,3058.0,3116.0,3085.0,3058.0,3116.0,3058.0,3058.0,3058.0,3058.0,3058.0,3058.0,3058.0,3058.0,3058.0,3121.0,3058.0,3058.0,3121.0,3046.0,3130.0,3058.0,3046.0,3058.0,3040.0,3058.0,3116.0,3058.0,3058.0,3058.0,3096.0,3058.0,3058.0,3058.0,3022.0,3058.0,3180.0,3058.0,3058.0,3058.0,3121.0,3046.0,3058.0,3058.0,3090.0,3058.0,3116.0,3058.0,3058.0,3046.0,3050.0,3058.0,3058.0,3058.0,3058.0,3058.0,3058.0,3058.0,3058.0,3058.0,2994.0,3058.0,3058.0,3044.0,3058.0,3116.0,3058.0,3058.0,3058.0,3058.0,3058.0,3058.0,3058.0,3058.0,3040.0,3058.0,3116.0,3058.0,3116.0,3058.0,3058.0,3085.0,3058.0,3058.0,3046.0,3058.0,3058.0,3058.0,3058.0,3116.0,3058.0,3058.0,3058.0,3058.0,3046.0,3116.0,3058.0,3116.0,3058.0,3058.0,3116.0,3058.0,3058.0,3058.0,3044.0,3058.0,3058.0,3058.0,3058.0,3058.0,3058.0,3090.0,3046.0,3058.0,3058.0,2994.0,2994.0,2994.0,3116.0,3078.0,3058.0,3058.0,3058.0,3139.0,3058.0,3058.0,2994.0,3090.0,3058.0,3068.0,3058.0,2994.0,3116.0,3046.0,3058.0,3058.0,3058.0,2994.0,3058.0,3058.0,3058.0,3046.0,3088.0,2994.0,3058.0,3058.0,2994.0,2994.0,2994.0,3058.0,3090.0,3058.0,3058.0,3058.0,2994.0,3058.0,2994.0,3058.0,3058.0,3058.0,2994.0,3058.0,3116.0,3058.0,3046.0,3058.0,2994.0,3058.0,2994.0,3058.0,3131.0,2994.0,3116.0,3058.0,3058.0,3058.0,3058.0,3058.0,3116.0,3116.0,3058.0,3058.0,3058.0,3058.0,3058.0,2994.0,3052.0,2994.0,3058.0,3058.0,3058.0,2994.0,2994.0,3058.0,3058.0,3058.0,3096.0,3116.0,3058.0,3058.0,3058.0,3090.0,3058.0,3058.0,3058.0,3058.0,3058.0,3058.0,3058.0,3058.0,3058.0,3058.0,3058.0,3058.0,3090.0,3090.0,3058.0,3058.0,3080.0,3058.0,3058.0,3058.0,3058.0,3058.0,3058.0,3058.0,3058.0,3058.0,3058.0,3058.0,3139.0,3058.0,3058.0,3067.0,2959.0,3058.0,3058.0,3058.0,3058.0,3058.0,3058.0,3079.0,3058.0,3058.0,3058.0,3058.0,3096.0,3058.0,3058.0,3087.0,3058.0,3058.0,3058.0,3058.0,3058.0,3058.0,2994.0,3117.0,3058.0,3058.0,3046.0,3058.0,3058.0,3139.0,3139.0,3058.0,3116.0,2994.0,2994.0,2994.0,3058.0,3058.0,3135.0,3018.0,2429.0,2502.0,2502.0,2534.0,2470.0,2449.0,2497.0,2420.0,2502.0,2502.0,2502.0,2502.0,2502.0,2548.0,2502.0,2502.0,2502.0,2548.0,2473.0,2502.0,2502.0,2502.0,2473.0,2502.0,2473.0,2540.0,2502.0,2531.0,2502.0,2473.0,2473.0,2502.0,2502.0,2502.0,2502.0,2502.0,2502.0,2502.0,2502.0,2502.0,2473.0,2473.0,2502.0,2502.0,2502.0,2502.0,2473.0,2502.0,2502.0,2502.0,2502.0,2473.0,2502.0,2502.0,2502.0,2502.0,2502.0,2502.0,2502.0,2473.0,2502.0,2502.0,2513.0,2502.0,2502.0,2502.0,2444.0,2473.0,2502.0,2502.0,2473.0,2502.0,2502.0,2502.0,2502.0,2502.0,2502.0,2473.0,2473.0,2502.0,2566.0,2502.0,2502.0,2473.0,2502.0,2502.0,2502.0,2502.0,2502.0,2502.0,2502.0,2473.0,2502.0,2502.0,2473.0,2502.0,2502.0,2502.0,2502.0,2502.0,2473.0,2473.0,2502.0,2502.0,2502.0,2502.0,2502.0,2502.0,2473.0,2502.0,2502.0,2502.0,2502.0,2502.0,2502.0,2502.0,2502.0,2473.0,2502.0,2502.0,2502.0,2502.0,2502.0,2502.0,2502.0,2502.0,2502.0,2596.0,2502.0,2473.0,2502.0,2502.0,2502.0,2502.0,2502.0,2502.0,2502.0,2502.0,2502.0,2502.0,2502.0,2502.0,2502.0,2502.0,2502.0,2502.0,2502.0,2502.0,2502.0,2502.0,2502.0,2502.0,2502.0,2502.0,2504.0,2502.0,2502.0,2502.0,2502.0,2502.0,2502.0,2502.0,2502.0,2502.0,2502.0,2502.0,2502.0,2502.0,2502.0,2502.0,2502.0,2502.0,2502.0,2502.0,2502.0,2502.0,2502.0,2502.0,2502.0,2502.0,2502.0,2502.0,2502.0,2502.0,2502.0,2502.0,2502.0,2502.0,2502.0,2502.0,2502.0,2502.0,2502.0,2502.0,2502.0,2502.0,2502.0,2502.0,2502.0,2502.0,2502.0,2502.0,2502.0,2502.0,2548.0,2502.0,2502.0,2502.0,2502.0,2502.0,2502.0,2502.0,2502.0,2502.0,2502.0,2502.0,2502.0,2502.0,2502.0,2502.0,2502.0,2502.0,2502.0,2502.0,2502.0,2502.0,2502.0,2502.0,2502.0,2502.0,2502.0,2502.0,2502.0,2502.0,2502.0,2502.0,2502.0,2502.0,2502.0,2502.0,2502.0,2502.0,2502.0,2502.0,2502.0,2502.0,2548.0,2502.0,2502.0,2502.0,2502.0,2502.0,2502.0,2502.0,2502.0,2502.0,2502.0,2502.0,2502.0,2502.0,2502.0,2502.0,2502.0,2502.0,2502.0,2502.0,2502.0,2502.0,2502.0,2502.0,2502.0,2502.0,2571.0,2502.0,2502.0,2502.0,2502.0,2502.0,2502.0,2502.0,2502.0,2502.0,2502.0,2502.0,2547.0,2502.0,2502.0,2476.0,2502.0,2502.0,2502.0,2502.0,2502.0,2502.0,2502.0,2502.0,2522.0,2502.0,2555.0,2502.0,2502.0,2502.0,2502.0,2502.0,2502.0,2502.0,2502.0,2502.0,2502.0,2502.0,2502.0,2548.0,2502.0,2502.0,2502.0,2548.0,2502.0,2502.0,2502.0,2502.0,2502.0,2548.0,2502.0,2502.0,2502.0,2502.0,2502.0,2502.0,2502.0,2502.0,2502.0,2502.0,2502.0,2502.0,2502.0,2502.0,2502.0,2502.0,2502.0,2502.0,2502.0,2502.0,2502.0,2502.0,2502.0,2502.0,2502.0,2502.0,2531.0,2502.0,2502.0,2502.0,2502.0,2502.0,2540.0,2502.0,2502.0,2502.0,2540.0,2502.0,2502.0,2502.0,2502.0,2502.0,2502.0,2531.0,2531.0,2502.0,2502.0,2502.0,2502.0,2502.0,2502.0,2531.0,2502.0,2404.0,2502.0,2502.0,2502.0,2502.0,2502.0,2502.0,2516.0,2502.0,2502.0,2502.0,2502.0,2502.0,2438.0,2502.0,2502.0,2502.0,2502.0,2502.0,2502.0,2502.0,2502.0,2502.0,2502.0,2502.0,2502.0,2502.0,2502.0,2502.0,2502.0,2502.0,2502.0,2502.0,2476.0,2502.0,2502.0,2502.0,2502.0,2531.0,2502.0,2502.0,2502.0,2502.0,2502.0,2502.0,2502.0,2502.0,2502.0,2502.0,2502.0,2502.0,2502.0,2502.0,2502.0,2502.0,2502.0,2502.0,2502.0,2502.0,2502.0,2502.0,2531.0,2502.0,2502.0,2502.0,2502.0,2502.0,2502.0,2502.0,8245.0,8251.0,8245.0,8234.0,8245.0,8245.0,8219.0,8263.0,8245.0,8245.0,8306.0,8286.0,8245.0,8328.0,8480.0,8264.0,8245.0,8245.0,8245.0,8245.0,8245.0,8245.0,8245.0,8245.0,8245.0,8245.0,8245.0,8245.0,8245.0,8245.0,8245.0,8245.0,8245.0,8245.0,8245.0,8245.0,8240.0,8245.0,8245.0,8245.0,8245.0,8245.0,8245.0,8245.0,8245.0,8245.0,8245.0,8245.0,8245.0,8245.0,8245.0,8245.0,8245.0,8245.0,8286.0,8245.0,8245.0,8245.0,8245.0,8245.0,8245.0,8245.0,8245.0,8245.0,8245.0,8245.0,8245.0,8245.0,8286.0,8245.0,8245.0,8245.0,8245.0,8245.0,8245.0,8245.0,8245.0,8245.0,8245.0,8245.0,8245.0,8245.0,8245.0,8245.0,8245.0,8245.0,8245.0,8245.0,8245.0,8245.0,8245.0,8245.0,8274.0,8242.0,8245.0,8334.0,8245.0,8245.0,8245.0,8245.0,8245.0,8245.0,8245.0,8334.0,8245.0,8245.0,8245.0,8245.0,8245.0,8263.0,8263.0,8334.0,8245.0,8245.0,8245.0,8226.0,8245.0,8265.0,8245.0,8245.0,8245.0,8245.0,8245.0,8245.0,8251.0,8245.0,8245.0,8245.0,8245.0,8245.0,8156.0,8245.0,8245.0,8245.0,8245.0,8245.0,8245.0,8245.0,8245.0,8245.0,8245.0,8245.0,8245.0,8245.0,8245.0,8245.0,8245.0,8245.0,8245.0,8245.0,8245.0,8334.0,8257.0,8245.0,8245.0,8245.0,8245.0,8245.0,8245.0,8245.0,8245.0,8245.0,8245.0,8274.0,8263.0,8263.0,8245.0,8251.0,8245.0,8251.0,8245.0,8245.0,8245.0,8394.0,8334.0,8245.0,8245.0,8245.0,8244.0,8245.0,8245.0,8245.0,8334.0,8245.0,8245.0,8245.0,8245.0,8245.0,8245.0,8245.0,8245.0,8245.0,8245.0,8245.0,8245.0,8245.0,8245.0,8245.0,8245.0,8200.0,8245.0,8245.0,8245.0,8245.0,8200.0,8245.0,8245.0,8245.0,8245.0,8158.0,8245.0,8245.0,8245.0,8245.0,8245.0,8245.0,8156.0,8245.0,8245.0,8263.0,8263.0,8334.0,8245.0,8245.0,8473.0,8245.0,8263.0,8245.0,8334.0,8245.0,8245.0,8245.0,8245.0,8263.0,8245.0,8245.0,8245.0,8245.0,8245.0,8245.0,8245.0,8245.0,8245.0,8245.0,8245.0,8245.0,8245.0,8245.0,8245.0,8334.0,8245.0,8264.0,8245.0,8263.0,8245.0,8245.0,8245.0,8263.0,8334.0,8245.0,8245.0,8334.0,8245.0,8245.0,8245.0,8245.0,8245.0,8245.0,8245.0,8245.0,8245.0,8245.0,8245.0,8245.0,8245.0,8245.0,8245.0,8245.0,8245.0,8245.0,8245.0,8245.0,8245.0,8334.0,8245.0,8245.0,8263.0,8245.0,8245.0,8245.0,8334.0,8245.0,8334.0,8245.0,8334.0,8263.0,8245.0,8245.0,8245.0,8245.0,8245.0,8245.0,8263.0,8245.0,8263.0,8245.0,8245.0,8245.0,8334.0,8245.0,8245.0,8245.0,8245.0,8245.0,8245.0,8245.0,8245.0,8245.0,8245.0,8245.0,8245.0,8245.0,8245.0,8245.0,8245.0,8245.0,8245.0,8245.0,8334.0,8245.0,8334.0,8334.0,8245.0,8245.0,8245.0,8245.0,8245.0,8245.0,8264.0,8245.0,8245.0,8245.0,8245.0,8245.0,8245.0,8245.0,8245.0,8245.0,8245.0,8245.0,8245.0,8245.0,8245.0,8245.0,8334.0,8245.0,8274.0,8245.0,8245.0,8245.0,8334.0,8245.0,8245.0,8334.0,8245.0,8245.0,8245.0,8245.0,8245.0,8245.0,8245.0,8245.0,8334.0,8245.0,8245.0,8245.0,8334.0,8245.0,8245.0,8245.0,8245.0,8245.0,8245.0,8245.0,8245.0,8245.0,8245.0,8245.0,8334.0,8245.0,8334.0,8216.0,8245.0,8245.0,8245.0,8264.0,8245.0,8245.0,8334.0,8245.0,8334.0,8245.0,8245.0,8334.0,8334.0,8334.0,8245.0,8245.0,8264.0,8305.0,8245.0,8245.0,8334.0,8334.0,8264.0,8264.0,8334.0,8245.0,8334.0,8334.0,8334.0,8334.0,8346.0,8245.0,8334.0,8334.0,8264.0,8334.0,8334.0,8245.0,8334.0,8245.0,8334.0,8334.0,8334.0,8264.0,8334.0,8264.0,8334.0,8334.0,8264.0,8264.0,8264.0,8264.0,8264.0,8334.0,8334.0,8221.0,8264.0,8270.0,8264.0,8264.0,8264.0,8264.0,8245.0,8264.0,8264.0,8264.0,8264.0,8264.0,8264.0,8193.0,8264.0,8348.0,8264.0,8348.0,8264.0,8264.0,8346.0,8264.0,8245.0,8245.0,128.0,173.0,489.0,250.0,99.0,231.0,231.0,231.0,231.0,231.0,231.0,231.0,231.0,231.0,231.0,231.0,231.0,231.0,231.0,231.0,231.0,231.0,231.0,231.0,231.0,231.0,231.0,231.0,231.0,231.0,231.0,231.0,231.0,231.0,231.0,231.0,231.0,231.0,231.0,231.0,231.0,260.0,231.0,231.0,231.0,320.0,231.0,231.0,320.0,231.0,231.0,260.0,231.0,231.0,260.0,287.0,257.0,303.0,257.0,250.0,257.0,257.0,250.0,231.0,277.0,250.0,250.0,231.0,231.0,250.0,231.0,231.0,231.0,231.0,231.0,231.0,231.0,231.0,231.0,231.0,231.0,257.0,250.0,231.0,231.0,231.0,231.0,231.0,231.0,231.0,231.0,231.0,231.0,231.0,231.0,277.0,231.0,231.0,231.0,231.0,231.0,231.0,231.0,231.0,231.0,231.0,231.0,231.0,231.0,231.0,231.0,231.0,231.0,231.0,231.0,231.0,231.0,231.0,231.0,231.0,231.0,231.0,231.0,231.0,231.0,231.0,231.0,231.0,231.0,231.0,231.0,231.0,231.0,231.0,231.0,231.0,208.0,231.0,231.0,231.0,231.0,250.0,231.0,231.0,231.0,231.0,231.0,231.0,252.0,231.0,250.0,231.0,231.0,231.0,231.0,231.0,231.0,231.0,231.0,231.0,231.0,231.0,250.0,231.0,231.0,231.0,231.0,231.0,250.0,231.0,231.0,250.0,250.0,231.0,231.0,231.0,250.0,231.0,231.0,231.0,231.0,231.0,231.0,231.0,231.0,231.0,231.0,231.0,231.0,231.0,231.0,277.0,231.0,231.0,231.0,231.0,231.0,231.0,231.0,231.0,277.0,231.0,231.0,321.0,231.0,231.0,231.0,231.0,287.0,231.0,231.0,231.0,231.0,231.0,231.0,231.0,231.0,231.0,231.0,173.0,231.0,231.0,231.0,231.0,250.0,231.0,231.0,279.0,231.0,231.0,231.0,231.0,231.0,231.0,231.0,231.0,231.0,231.0,231.0,231.0,231.0,231.0,231.0,231.0,231.0,254.0,231.0,231.0,231.0,287.0,231.0,231.0,231.0,231.0,231.0,231.0,231.0,231.0,231.0,231.0,231.0,250.0,231.0,231.0,231.0,231.0,231.0,231.0,231.0,231.0,231.0,241.0,231.0,231.0,231.0,287.0,231.0,231.0,231.0,231.0,231.0,231.0,231.0,231.0,231.0,231.0,231.0,295.0,231.0,231.0,231.0,287.0,231.0,231.0,231.0,209.0,231.0,287.0,231.0,231.0,231.0,231.0,231.0,231.0,231.0,231.0,231.0,231.0,231.0,231.0,231.0,231.0,260.0,231.0,231.0,231.0,287.0,231.0,231.0,231.0,231.0,231.0,231.0,231.0,231.0,231.0,231.0,277.0,231.0,287.0,231.0,231.0,231.0,231.0,231.0,231.0,287.0,231.0,231.0,231.0,231.0,287.0,231.0,257.0,295.0,250.0,231.0,250.0,250.0,250.0,250.0,250.0,250.0,250.0,250.0,250.0,250.0,250.0,250.0,250.0,231.0,250.0,296.0,221.0,250.0,231.0,250.0,250.0,250.0,250.0,250.0,250.0,250.0,250.0,250.0,250.0,250.0,250.0,314.0,250.0,250.0,250.0,250.0
hDenV4/Colombia/SAN-UR-P202090076/2015,3080.0,3058.0,3058.0,3058.0,3058.0,3058.0,3058.0,3079.0,3058.0,3127.0,3111.0,3193.0,3080.0,3044.0,3046.0,3046.0,3046.0,3084.0,3046.0,3084.0,3084.0,3050.0,3050.0,3050.0,3050.0,3070.0,3070.0,3084.0,3058.0,3084.0,3050.0,3058.0,3050.0,3084.0,3104.0,3070.0,3050.0,3055.0,3050.0,3050.0,3050.0,3050.0,3050.0,3084.0,3050.0,3050.0,3036.0,3084.0,3058.0,3058.0,3058.0,3058.0,3094.0,3094.0,3094.0,3142.0,3050.0,3058.0,3116.0,3050.0,3058.0,3050.0,3050.0,3050.0,3058.0,3058.0,3084.0,3050.0,3058.0,3084.0,3084.0,3050.0,3050.0,3084.0,3050.0,3050.0,3058.0,3058.0,3058.0,3058.0,3063.0,3058.0,3058.0,3058.0,3058.0,3063.0,3058.0,3036.0,3084.0,3058.0,3058.0,3058.0,3058.0,3058.0,3050.0,3058.0,3050.0,3050.0,3050.0,3058.0,3050.0,3058.0,3058.0,3050.0,3058.0,3058.0,3058.0,3050.0,3050.0,3058.0,3050.0,3044.0,3058.0,3058.0,3046.0,3058.0,3058.0,3058.0,3058.0,3058.0,3058.0,3050.0,3058.0,3084.0,3058.0,3058.0,3058.0,3058.0,2994.0,3058.0,3058.0,3058.0,3044.0,3058.0,3058.0,3058.0,3058.0,3116.0,3058.0,3058.0,3058.0,3058.0,3116.0,3044.0,3058.0,3050.0,3058.0,3044.0,3058.0,3058.0,3058.0,3058.0,3050.0,3058.0,3058.0,3058.0,3058.0,3050.0,3058.0,3058.0,3058.0,3058.0,3058.0,3058.0,3043.0,3058.0,3058.0,3058.0,3095.0,3058.0,3058.0,3058.0,3058.0,3058.0,3058.0,3058.0,3058.0,3058.0,3037.0,3058.0,3058.0,3058.0,3031.0,3058.0,3058.0,3165.0,3058.0,3058.0,3045.0,3058.0,3098.0,3058.0,3058.0,3058.0,3058.0,3058.0,3058.0,3039.0,3058.0,3058.0,3058.0,3058.0,3046.0,3116.0,3058.0,3058.0,3058.0,3058.0,3058.0,3058.0,3058.0,3058.0,3058.0,3058.0,3165.0,3058.0,3058.0,3058.0,3058.0,3058.0,3050.0,3058.0,3127.0,3058.0,3058.0,3058.0,3058.0,3058.0,3058.0,3058.0,3050.0,3058.0,3050.0,3050.0,3058.0,3050.0,3058.0,3058.0,3058.0,3058.0,3116.0,3058.0,3058.0,3050.0,3050.0,3050.0,3058.0,3058.0,3050.0,3058.0,3116.0,3058.0,3058.0,3050.0,3058.0,3058.0,3058.0,3058.0,3058.0,3058.0,3058.0,3058.0,3058.0,3058.0,3058.0,3122.0,3058.0,3058.0,3058.0,3058.0,3058.0,3058.0,3058.0,3058.0,3079.0,3058.0,3058.0,3058.0,3058.0,3058.0,3058.0,3058.0,3058.0,3044.0,3134.0,3050.0,3058.0,3058.0,3058.0,3058.0,3058.0,3058.0,3058.0,3068.0,3058.0,3058.0,3058.0,3058.0,3058.0,3044.0,3058.0,3058.0,3058.0,3058.0,3079.0,3058.0,3058.0,3058.0,3058.0,3044.0,3058.0,3058.0,3058.0,3044.0,3058.0,3058.0,3058.0,3058.0,3058.0,3058.0,3058.0,3058.0,3058.0,3058.0,3058.0,3058.0,3058.0,3058.0,3058.0,3058.0,3058.0,3058.0,3146.0,3058.0,3058.0,3058.0,3058.0,3058.0,3116.0,3058.0,3022.0,3058.0,3058.0,3079.0,3058.0,3058.0,3006.0,3040.0,3058.0,3058.0,3058.0,3046.0,3058.0,3058.0,3058.0,3043.0,3116.0,3058.0,3045.0,3058.0,3058.0,3058.0,3058.0,3058.0,3058.0,3058.0,3058.0,3058.0,3116.0,3058.0,3058.0,3058.0,3058.0,3058.0,3058.0,3058.0,3116.0,3058.0,2969.0,3058.0,3058.0,3058.0,3058.0,3058.0,3058.0,3082.0,3058.0,3058.0,3058.0,3046.0,3058.0,3058.0,3058.0,3058.0,3058.0,3058.0,3058.0,3058.0,3058.0,3058.0,3058.0,3058.0,3058.0,3116.0,3058.0,3058.0,3058.0,3058.0,3058.0,3058.0,3058.0,3116.0,3085.0,3058.0,3116.0,3058.0,3058.0,3058.0,3058.0,3058.0,3058.0,3058.0,3058.0,3058.0,3121.0,3058.0,3058.0,3121.0,3046.0,3130.0,3058.0,3046.0,3058.0,3040.0,3058.0,3116.0,3058.0,3058.0,3058.0,3096.0,3058.0,3058.0,3058.0,3022.0,3058.0,3180.0,3058.0,3058.0,3058.0,3121.0,3046.0,3058.0,3058.0,3090.0,3058.0,3116.0,3058.0,3058.0,3046.0,3050.0,3058.0,3058.0,3058.0,3058.0,3058.0,3058.0,3058.0,3058.0,3058.0,2994.0,3058.0,3058.0,3044.0,3058.0,3116.0,3058.0,3058.0,3058.0,3058.0,3058.0,3058.0,3058.0,3058.0,3040.0,3058.0,3116.0,3058.0,3116.0,3058.0,3058.0,3085.0,3058.0,3058.0,3046.0,3058.0,3058.0,3058.0,3058.0,3116.0,3058.0,3058.0,3058.0,3058.0,3046.0,3116.0,3058.0,3116.0,3058.0,3058.0,3116.0,3058.0,3058.0,3058.0,3044.0,3058.0,3058.0,3058.0,3058.0,3058.0,3058.0,3090.0,3046.0,3058.0,3058.0,2994.0,2994.0,2994.0,3116.0,3078.0,3058.0,3058.0,3058.0,3139.0,3058.0,3058.0,2994.0,3090.0,3058.0,3068.0,3058.0,2994.0,3116.0,3046.0,3058.0,3058.0,3058.0,2994.0,3058.0,3058.0,3058.0,3046.0,3088.0,2994.0,3058.0,3058.0,2994.0,2994.0,2994.0,3058.0,3090.0,3058.0,3058.0,3058.0,2994.0,3058.0,2994.0,3058.0,3058.0,3058.0,2994.0,3058.0,3116.0,3058.0,3046.0,3058.0,2994.0,3058.0,2994.0,3058.0,3131.0,2994.0,3116.0,3058.0,3058.0,3058.0,3058.0,3058.0,3116.0,3116.0,3058.0,3058.0,3058.0,3058.0,3058.0,2994.0,3052.0,2994.0,3058.0,3058.0,3058.0,2994.0,2994.0,3058.0,3058.0,3058.0,3096.0,3116.0,3058.0,3058.0,3058.0,3090.0,3058.0,3058.0,3058.0,3058.0,3058.0,3058.0,3058.0,3058.0,3058.0,3058.0,3058.0,3058.0,3090.0,3090.0,3058.0,3058.0,3080.0,3058.0,3058.0,3058.0,3058.0,3058.0,3058.0,3058.0,3058.0,3058.0,3058.0,3058.0,3139.0,3058.0,3058.0,3067.0,2959.0,3058.0,3058.0,3058.0,3058.0,3058.0,3058.0,3079.0,3058.0,3058.0,3058.0,3058.0,3096.0,3058.0,3058.0,3087.0,3058.0,3058.0,3058.0,3058.0,3058.0,3058.0,2994.0,3117.0,3058.0,3058.0,3046.0,3058.0,3058.0,3139.0,3139.0,3058.0,3116.0,2994.0,2994.0,2994.0,3058.0,3058.0,3135.0,3018.0,2429.0,2502.0,2502.0,2534.0,2470.0,2449.0,2497.0,2420.0,2502.0,2502.0,2502.0,2502.0,2502.0,2548.0,2502.0,2502.0,2502.0,2548.0,2473.0,2502.0,2502.0,2502.0,2473.0,2502.0,2473.0,2540.0,2502.0,2531.0,2502.0,2473.0,2473.0,2502.0,2502.0,2502.0,2502.0,2502.0,2502.0,2502.0,2502.0,2502.0,2473.0,2473.0,2502.0,2502.0,2502.0,2502.0,2473.0,2502.0,2502.0,2502.0,2502.0,2473.0,2502.0,2502.0,2502.0,2502.0,2502.0,2502.0,2502.0,2473.0,2502.0,2502.0,2513.0,2502.0,2502.0,2502.0,2444.0,2473.0,2502.0,2502.0,2473.0,2502.0,2502.0,2502.0,2502.0,2502.0,2502.0,2473.0,2473.0,2502.0,2566.0,2502.0,2502.0,2473.0,2502.0,2502.0,2502.0,2502.0,2502.0,2502.0,2502.0,2473.0,2502.0,2502.0,2473.0,2502.0,2502.0,2502.0,2502.0,2502.0,2473.0,2473.0,2502.0,2502.0,2502.0,2502.0,2502.0,2502.0,2473.0,2502.0,2502.0,2502.0,2502.0,2502.0,2502.0,2502.0,2502.0,2473.0,2502.0,2502.0,2502.0,2502.0,2502.0,2502.0,2502.0,2502.0,2502.0,2596.0,2502.0,2473.0,2502.0,2502.0,2502.0,2502.0,2502.0,2502.0,2502.0,2502.0,2502.0,2502.0,2502.0,2502.0,2502.0,2502.0,2502.0,2502.0,2502.0,2502.0,2502.0,2502.0,2502.0,2502.0,2502.0,2502.0,2504.0,2502.0,2502.0,2502.0,2502.0,2502.0,2502.0,2502.0,2502.0,2502.0,2502.0,2502.0,2502.0,2502.0,2502.0,2502.0,2502.0,2502.0,2502.0,2502.0,2502.0,2502.0,2502.0,2502.0,2502.0,2502.0,2502.0,2502.0,2502.0,2502.0,2502.0,2502.0,2502.0,2502.0,2502.0,2502.0,2502.0,2502.0,2502.0,2502.0,2502.0,2502.0,2502.0,2502.0,2502.0,2502.0,2502.0,2502.0,2502.0,2502.0,2548.0,2502.0,2502.0,2502.0,2502.0,2502.0,2502.0,2502.0,2502.0,2502.0,2502.0,2502.0,2502.0,2502.0,2502.0,2502.0,2502.0,2502.0,2502.0,2502.0,2502.0,2502.0,2502.0,2502.0,2502.0,2502.0,2502.0,2502.0,2502.0,2502.0,2502.0,2502.0,2502.0,2502.0,2502.0,2502.0,2502.0,2502.0,2502.0,2502.0,2502.0,2502.0,2548.0,2502.0,2502.0,2502.0,2502.0,2502.0,2502.0,2502.0,2502.0,2502.0,2502.0,2502.0,2502.0,2502.0,2502.0,2502.0,2502.0,2502.0,2502.0,2502.0,2502.0,2502.0,2502.0,2502.0,2502.0,2502.0,2571.0,2502.0,2502.0,2502.0,2502.0,2502.0,2502.0,2502.0,2502.0,2502.0,2502.0,2502.0,2547.0,2502.0,2502.0,2476.0,2502.0,2502.0,2502.0,2502.0,2502.0,2502.0,2502.0,2502.0,2522.0,2502.0,2555.0,2502.0,2502.0,2502.0,2502.0,2502.0,2502.0,2502.0,2502.0,2502.0,2502.0,2502.0,2502.0,2548.0,2502.0,2502.0,2502.0,2548.0,2502.0,2502.0,2502.0,2502.0,2502.0,2548.0,2502.0,2502.0,2502.0,2502.0,2502.0,2502.0,2502.0,2502.0,2502.0,2502.0,2502.0,2502.0,2502.0,2502.0,2502.0,2502.0,2502.0,2502.0,2502.0,2502.0,2502.0,2502.0,2502.0,2502.0,2502.0,2502.0,2531.0,2502.0,2502.0,2502.0,2502.0,2502.0,2540.0,2502.0,2502.0,2502.0,2540.0,2502.0,2502.0,2502.0,2502.0,2502.0,2502.0,2531.0,2531.0,2502.0,2502.0,2502.0,2502.0,2502.0,2502.0,2531.0,2502.0,2404.0,2502.0,2502.0,2502.0,2502.0,2502.0,2502.0,2516.0,2502.0,2502.0,2502.0,2502.0,2502.0,2438.0,2502.0,2502.0,2502.0,2502.0,2502.0,2502.0,2502.0,2502.0,2502.0,2502.0,2502.0,2502.0,2502.0,2502.0,2502.0,2502.0,2502.0,2502.0,2502.0,2476.0,2502.0,2502.0,2502.0,2502.0,2531.0,2502.0,2502.0,2502.0,2502.0,2502.0,2502.0,2502.0,2502.0,2502.0,2502.0,2502.0,2502.0,2502.0,2502.0,2502.0,2502.0,2502.0,2502.0,2502.0,2502.0,2502.0,2502.0,2531.0,2502.0,2502.0,2502.0,2502.0,2502.0,2502.0,2502.0,8245.0,8251.0,8245.0,8234.0,8245.0,8245.0,8219.0,8263.0,8245.0,8245.0,8306.0,8286.0,8245.0,8328.0,8480.0,8264.0,8245.0,8245.0,8245.0,8245.0,8245.0,8245.0,8245.0,8245.0,8245.0,8245.0,8245.0,8245.0,8245.0,8245.0,8245.0,8245.0,8245.0,8245.0,8245.0,8245.0,8240.0,8245.0,8245.0,8245.0,8245.0,8245.0,8245.0,8245.0,8245.0,8245.0,8245.0,8245.0,8245.0,8245.0,8245.0,8245.0,8245.0,8245.0,8286.0,8245.0,8245.0,8245.0,8245.0,8245.0,8245.0,8245.0,8245.0,8245.0,8245.0,8245.0,8245.0,8245.0,8286.0,8245.0,8245.0,8245.0,8245.0,8245.0,8245.0,8245.0,8245.0,8245.0,8245.0,8245.0,8245.0,8245.0,8245.0,8245.0,8245.0,8245.0,8245.0,8245.0,8245.0,8245.0,8245.0,8245.0,8274.0,8242.0,8245.0,8334.0,8245.0,8245.0,8245.0,8245.0,8245.0,8245.0,8245.0,8334.0,8245.0,8245.0,8245.0,8245.0,8245.0,8263.0,8263.0,8334.0,8245.0,8245.0,8245.0,8226.0,8245.0,8265.0,8245.0,8245.0,8245.0,8245.0,8245.0,8245.0,8251.0,8245.0,8245.0,8245.0,8245.0,8245.0,8156.0,8245.0,8245.0,8245.0,8245.0,8245.0,8245.0,8245.0,8245.0,8245.0,8245.0,8245.0,8245.0,8245.0,8245.0,8245.0,8245.0,8245.0,8245.0,8245.0,8245.0,8334.0,8257.0,8245.0,8245.0,8245.0,8245.0,8245.0,8245.0,8245.0,8245.0,8245.0,8245.0,8274.0,8263.0,8263.0,8245.0,8251.0,8245.0,8251.0,8245.0,8245.0,8245.0,8394.0,8334.0,8245.0,8245.0,8245.0,8244.0,8245.0,8245.0,8245.0,8334.0,8245.0,8245.0,8245.0,8245.0,8245.0,8245.0,8245.0,8245.0,8245.0,8245.0,8245.0,8245.0,8245.0,8245.0,8245.0,8245.0,8200.0,8245.0,8245.0,8245.0,8245.0,8200.0,8245.0,8245.0,8245.0,8245.0,8158.0,8245.0,8245.0,8245.0,8245.0,8245.0,8245.0,8156.0,8245.0,8245.0,8263.0,8263.0,8334.0,8245.0,8245.0,8473.0,8245.0,8263.0,8245.0,8334.0,8245.0,8245.0,8245.0,8245.0,8263.0,8245.0,8245.0,8245.0,8245.0,8245.0,8245.0,8245.0,8245.0,8245.0,8245.0,8245.0,8245.0,8245.0,8245.0,8245.0,8334.0,8245.0,8264.0,8245.0,8263.0,8245.0,8245.0,8245.0,8263.0,8334.0,8245.0,8245.0,8334.0,8245.0,8245.0,8245.0,8245.0,8245.0,8245.0,8245.0,8245.0,8245.0,8245.0,8245.0,8245.0,8245.0,8245.0,8245.0,8245.0,8245.0,8245.0,8245.0,8245.0,8245.0,8334.0,8245.0,8245.0,8263.0,8245.0,8245.0,8245.0,8334.0,8245.0,8334.0,8245.0,8334.0,8263.0,8245.0,8245.0,8245.0,8245.0,8245.0,8245.0,8263.0,8245.0,8263.0,8245.0,8245.0,8245.0,8334.0,8245.0,8245.0,8245.0,8245.0,8245.0,8245.0,8245.0,8245.0,8245.0,8245.0,8245.0,8245.0,8245.0,8245.0,8245.0,8245.0,8245.0,8245.0,8245.0,8334.0,8245.0,8334.0,8334.0,8245.0,8245.0,8245.0,8245.0,8245.0,8245.0,8264.0,8245.0,8245.0,8245.0,8245.0,8245.0,8245.0,8245.0,8245.0,8245.0,8245.0,8245.0,8245.0,8245.0,8245.0,8245.0,8334.0,8245.0,8274.0,8245.0,8245.0,8245.0,8334.0,8245.0,8245.0,8334.0,8245.0,8245.0,8245.0,8245.0,8245.0,8245.0,8245.0,8245.0,8334.0,8245.0,8245.0,8245.0,8334.0,8245.0,8245.0,8245.0,8245.0,8245.0,8245.0,8245.0,8245.0,8245.0,8245.0,8245.0,8334.0,8245.0,8334.0,8216.0,8245.0,8245.0,8245.0,8264.0,8245.0,8245.0,8334.0,8245.0,8334.0,8245.0,8245.0,8334.0,8334.0,8334.0,8245.0,8245.0,8264.0,8305.0,8245.0,8245.0,8334.0,8334.0,8264.0,8264.0,8334.0,8245.0,8334.0,8334.0,8334.0,8334.0,8346.0,8245.0,8334.0,8334.0,8264.0,8334.0,8334.0,8245.0,8334.0,8245.0,8334.0,8334.0,8334.0,8264.0,8334.0,8264.0,8334.0,8334.0,8264.0,8264.0,8264.0,8264.0,8264.0,8334.0,8334.0,8221.0,8264.0,8270.0,8264.0,8264.0,8264.0,8264.0,8245.0,8264.0,8264.0,8264.0,8264.0,8264.0,8264.0,8193.0,8264.0,8348.0,8264.0,8348.0,8264.0,8264.0,8346.0,8264.0,8245.0,8245.0,128.0,173.0,489.0,250.0,99.0,231.0,231.0,231.0,231.0,231.0,231.0,231.0,231.0,231.0,231.0,231.0,231.0,231.0,231.0,231.0,231.0,231.0,231.0,231.0,231.0,231.0,231.0,231.0,231.0,231.0,231.0,231.0,231.0,231.0,231.0,231.0,231.0,231.0,231.0,231.0,231.0,260.0,231.0,231.0,231.0,320.0,231.0,231.0,320.0,231.0,231.0,260.0,231.0,231.0,260.0,287.0,257.0,303.0,257.0,250.0,257.0,257.0,250.0,231.0,277.0,250.0,250.0,231.0,231.0,250.0,231.0,231.0,231.0,231.0,231.0,231.0,231.0,231.0,231.0,231.0,231.0,257.0,250.0,231.0,231.0,231.0,231.0,231.0,231.0,231.0,231.0,231.0,231.0,231.0,231.0,277.0,231.0,231.0,231.0,231.0,231.0,231.0,231.0,231.0,231.0,231.0,231.0,231.0,231.0,231.0,231.0,231.0,231.0,231.0,231.0,231.0,231.0,231.0,231.0,231.0,231.0,231.0,231.0,231.0,231.0,231.0,231.0,231.0,231.0,231.0,231.0,231.0,231.0,231.0,231.0,231.0,208.0,231.0,231.0,231.0,231.0,250.0,231.0,231.0,231.0,231.0,231.0,231.0,252.0,231.0,250.0,231.0,231.0,231.0,231.0,231.0,231.0,231.0,231.0,231.0,231.0,231.0,250.0,231.0,231.0,231.0,231.0,231.0,250.0,231.0,231.0,250.0,250.0,231.0,231.0,231.0,250.0,231.0,231.0,231.0,231.0,231.0,231.0,231.0,231.0,231.0,231.0,231.0,231.0,231.0,231.0,277.0,231.0,231.0,231.0,231.0,231.0,231.0,231.0,231.0,277.0,231.0,231.0,321.0,231.0,231.0,231.0,231.0,287.0,231.0,231.0,231.0,231.0,231.0,231.0,231.0,231.0,231.0,231.0,173.0,231.0,231.0,231.0,231.0,250.0,231.0,231.0,279.0,231.0,231.0,231.0,231.0,231.0,231.0,231.0,231.0,231.0,231.0,231.0,231.0,231.0,231.0,231.0,231.0,231.0,254.0,231.0,231.0,231.0,287.0,231.0,231.0,231.0,231.0,231.0,231.0,231.0,231.0,231.0,231.0,231.0,250.0,231.0,231.0,231.0,231.0,231.0,231.0,231.0,231.0,231.0,241.0,231.0,231.0,231.0,287.0,231.0,231.0,231.0,231.0,231.0,231.0,231.0,231.0,231.0,231.0,231.0,295.0,231.0,231.0,231.0,287.0,231.0,231.0,231.0,209.0,231.0,287.0,231.0,231.0,231.0,231.0,231.0,231.0,231.0,231.0,231.0,231.0,231.0,231.0,231.0,231.0,260.0,231.0,231.0,231.0,287.0,231.0,231.0,231.0,231.0,231.0,231.0,231.0,231.0,231.0,231.0,277.0,231.0,287.0,231.0,231.0,231.0,231.0,231.0,231.0,287.0,231.0,231.0,231.0,231.0,287.0,231.0,257.0,295.0,250.0,231.0,250.0,250.0,250.0,250.0,250.0,250.0,250.0,250.0,250.0,250.0,250.0,250.0,250.0,231.0,250.0,296.0,221.0,250.0,231.0,250.0,250.0,250.0,250.0,250.0,250.0,250.0,250.0,250.0,250.0,250.0,250.0,314.0,250.0,250.0,250.0,250.0
hDenV4/Colombia/VAC-LSPVAC-2401630/2024,3080.0,3058.0,3058.0,3058.0,3058.0,3058.0,3058.0,3079.0,3058.0,3127.0,3111.0,3193.0,3080.0,3044.0,3046.0,3046.0,3046.0,3084.0,3046.0,3084.0,3084.0,3050.0,3050.0,3050.0,3050.0,3070.0,3070.0,3084.0,3058.0,3084.0,3050.0,3058.0,3050.0,3084.0,3104.0,3070.0,3050.0,3055.0,3050.0,3050.0,3050.0,3050.0,3050.0,3084.0,3050.0,3050.0,3036.0,3084.0,3058.0,3058.0,3058.0,3058.0,3094.0,3094.0,3094.0,3142.0,3050.0,3058.0,3116.0,3050.0,3058.0,3050.0,3050.0,3050.0,3058.0,3058.0,3084.0,3050.0,3058.0,3084.0,3084.0,3050.0,3050.0,3084.0,3050.0,3050.0,3058.0,3058.0,3058.0,3058.0,3063.0,3058.0,3058.0,3058.0,3058.0,3063.0,3058.0,3036.0,3084.0,3058.0,3058.0,3058.0,3058.0,3058.0,3050.0,3058.0,3050.0,3050.0,3050.0,3058.0,3050.0,3058.0,3058.0,3050.0,3058.0,3058.0,3058.0,3050.0,3050.0,3058.0,3050.0,3044.0,3058.0,3058.0,3046.0,3058.0,3058.0,3058.0,3058.0,3058.0,3058.0,3050.0,3058.0,3084.0,3058.0,3058.0,3058.0,3058.0,2994.0,3058.0,3058.0,3058.0,3044.0,3058.0,3058.0,3058.0,3058.0,3116.0,3058.0,3058.0,3058.0,3058.0,3116.0,3044.0,3058.0,3050.0,3058.0,3044.0,3058.0,3058.0,3058.0,3058.0,3050.0,3058.0,3058.0,3058.0,3058.0,3050.0,3058.0,3058.0,3058.0,3058.0,3058.0,3058.0,3043.0,3058.0,3058.0,3058.0,3095.0,3058.0,3058.0,3058.0,3058.0,3058.0,3058.0,3058.0,3058.0,3058.0,3037.0,3058.0,3058.0,3058.0,3031.0,3058.0,3058.0,3165.0,3058.0,3058.0,3045.0,3058.0,3098.0,3058.0,3058.0,3058.0,3058.0,3058.0,3058.0,3039.0,3058.0,3058.0,3058.0,3058.0,3046.0,3116.0,3058.0,3058.0,3058.0,3058.0,3058.0,3058.0,3058.0,3058.0,3058.0,3058.0,3165.0,3058.0,3058.0,3058.0,3058.0,3058.0,3050.0,3058.0,3127.0,3058.0,3058.0,3058.0,3058.0,3058.0,3058.0,3058.0,3050.0,3058.0,3050.0,3050.0,3058.0,3050.0,3058.0,3058.0,3058.0,3058.0,3116.0,3058.0,3058.0,3050.0,3050.0,3050.0,3058.0,3058.0,3050.0,3058.0,3116.0,3058.0,3058.0,3050.0,3058.0,3058.0,3058.0,3058.0,3058.0,3058.0,3058.0,3058.0,3058.0,3058.0,3058.0,3122.0,3058.0,3058.0,3058.0,3058.0,3058.0,3058.0,3058.0,3058.0,3079.0,3058.0,3058.0,3058.0,3058.0,3058.0,3058.0,3058.0,3058.0,3044.0,3134.0,3050.0,3058.0,3058.0,3058.0,3058.0,3058.0,3058.0,3058.0,3068.0,3058.0,3058.0,3058.0,3058.0,3058.0,3044.0,3058.0,3058.0,3058.0,3058.0,3079.0,3058.0,3058.0,3058.0,3058.0,3044.0,3058.0,3058.0,3058.0,3044.0,3058.0,3058.0,3058.0,3058.0,3058.0,3058.0,3058.0,3058.0,3058.0,3058.0,3058.0,3058.0,3058.0,3058.0,3058.0,3058.0,3058.0,3058.0,3146.0,3058.0,3058.0,3058.0,3058.0,3058.0,3116.0,3058.0,3022.0,3058.0,3058.0,3079.0,3058.0,3058.0,3006.0,3040.0,3058.0,3058.0,3058.0,3046.0,3058.0,3058.0,3058.0,3043.0,3116.0,3058.0,3045.0,3058.0,3058.0,3058.0,3058.0,3058.0,3058.0,3058.0,3058.0,3058.0,3116.0,3058.0,3058.0,3058.0,3058.0,3058.0,3058.0,3058.0,3116.0,3058.0,2969.0,3058.0,3058.0,3058.0,3058.0,3058.0,3058.0,3082.0,3058.0,3058.0,3058.0,3046.0,3058.0,3058.0,3058.0,3058.0,3058.0,3058.0,3058.0,3058.0,3058.0,3058.0,3058.0,3058.0,3058.0,3116.0,3058.0,3058.0,3058.0,3058.0,3058.0,3058.0,3058.0,3116.0,3085.0,3058.0,3116.0,3058.0,3058.0,3058.0,3058.0,3058.0,3058.0,3058.0,3058.0,3058.0,3121.0,3058.0,3058.0,3121.0,3046.0,3130.0,3058.0,3046.0,3058.0,3040.0,3058.0,3116.0,3058.0,3058.0,3058.0,3096.0,3058.0,3058.0,3058.0,3022.0,3058.0,3180.0,3058.0,3058.0,3058.0,3121.0,3046.0,3058.0,3058.0,3090.0,3058.0,3116.0,3058.0,3058.0,3046.0,3050.0,3058.0,3058.0,3058.0,3058.0,3058.0,3058.0,3058.0,3058.0,3058.0,2994.0,3058.0,3058.0,3044.0,3058.0,3116.0,3058.0,3058.0,3058.0,3058.0,3058.0,3058.0,3058.0,3058.0,3040.0,3058.0,3116.0,3058.0,3116.0,3058.0,3058.0,3085.0,3058.0,3058.0,3046.0,3058.0,3058.0,3058.0,3058.0,3116.0,3058.0,3058.0,3058.0,3058.0,3046.0,3116.0,3058.0,3116.0,3058.0,3058.0,3116.0,3058.0,3058.0,3058.0,3044.0,3058.0,3058.0,3058.0,3058.0,3058.0,3058.0,3090.0,3046.0,3058.0,3058.0,2994.0,2994.0,2994.0,3116.0,3078.0,3058.0,3058.0,3058.0,3139.0,3058.0,3058.0,2994.0,3090.0,3058.0,3068.0,3058.0,2994.0,3116.0,3046.0,3058.0,3058.0,3058.0,2994.0,3058.0,3058.0,3058.0,3046.0,3088.0,2994.0,3058.0,3058.0,2994.0,2994.0,2994.0,3058.0,3090.0,3058.0,3058.0,3058.0,2994.0,3058.0,2994.0,3058.0,3058.0,3058.0,2994.0,3058.0,3116.0,3058.0,3046.0,3058.0,2994.0,3058.0,2994.0,3058.0,3131.0,2994.0,3116.0,3058.0,3058.0,3058.0,3058.0,3058.0,3116.0,3116.0,3058.0,3058.0,3058.0,3058.0,3058.0,2994.0,3052.0,2994.0,3058.0,3058.0,3058.0,2994.0,2994.0,3058.0,3058.0,3058.0,3096.0,3116.0,3058.0,3058.0,3058.0,3090.0,3058.0,3058.0,3058.0,3058.0,3058.0,3058.0,3058.0,3058.0,3058.0,3058.0,3058.0,3058.0,3090.0,3090.0,3058.0,3058.0,3080.0,3058.0,3058.0,3058.0,3058.0,3058.0,3058.0,3058.0,3058.0,3058.0,3058.0,3058.0,3139.0,3058.0,3058.0,3067.0,2959.0,3058.0,3058.0,3058.0,3058.0,3058.0,3058.0,3079.0,3058.0,3058.0,3058.0,3058.0,3096.0,3058.0,3058.0,3087.0,3058.0,3058.0,3058.0,3058.0,3058.0,3058.0,2994.0,3117.0,3058.0,3058.0,3046.0,3058.0,3058.0,3139.0,3139.0,3058.0,3116.0,2994.0,2994.0,2994.0,3058.0,3058.0,3135.0,3018.0,2429.0,2502.0,2502.0,2534.0,2470.0,2449.0,2497.0,2420.0,2502.0,2502.0,2502.0,2502.0,2502.0,2548.0,2502.0,2502.0,2502.0,2548.0,2473.0,2502.0,2502.0,2502.0,2473.0,2502.0,2473.0,2540.0,2502.0,2531.0,2502.0,2473.0,2473.0,2502.0,2502.0,2502.0,2502.0,2502.0,2502.0,2502.0,2502.0,2502.0,2473.0,2473.0,2502.0,2502.0,2502.0,2502.0,2473.0,2502.0,2502.0,2502.0,2502.0,2473.0,2502.0,2502.0,2502.0,2502.0,2502.0,2502.0,2502.0,2473.0,2502.0,2502.0,2513.0,2502.0,2502.0,2502.0,2444.0,2473.0,2502.0,2502.0,2473.0,2502.0,2502.0,2502.0,2502.0,2502.0,2502.0,2473.0,2473.0,2502.0,2566.0,2502.0,2502.0,2473.0,2502.0,2502.0,2502.0,2502.0,2502.0,2502.0,2502.0,2473.0,2502.0,2502.0,2473.0,2502.0,2502.0,2502.0,2502.0,2502.0,2473.0,2473.0,2502.0,2502.0,2502.0,2502.0,2502.0,2502.0,2473.0,2502.0,2502.0,2502.0,2502.0,2502.0,2502.0,2502.0,2502.0,2473.0,2502.0,2502.0,2502.0,2502.0,2502.0,2502.0,2502.0,2502.0,2502.0,2596.0,2502.0,2473.0,2502.0,2502.0,2502.0,2502.0,2502.0,2502.0,2502.0,2502.0,2502.0,2502.0,2502.0,2502.0,2502.0,2502.0,2502.0,2502.0,2502.0,2502.0,2502.0,2502.0,2502.0,2502.0,2502.0,2502.0,2504.0,2502.0,2502.0,2502.0,2502.0,2502.0,2502.0,2502.0,2502.0,2502.0,2502.0,2502.0,2502.0,2502.0,2502.0,2502.0,2502.0,2502.0,2502.0,2502.0,2502.0,2502.0,2502.0,2502.0,2502.0,2502.0,2502.0,2502.0,2502.0,2502.0,2502.0,2502.0,2502.0,2502.0,2502.0,2502.0,2502.0,2502.0,2502.0,2502.0,2502.0,2502.0,2502.0,2502.0,2502.0,2502.0,2502.0,2502.0,2502.0,2502.0,2548.0,2502.0,2502.0,2502.0,2502.0,2502.0,2502.0,2502.0,2502.0,2502.0,2502.0,2502.0,2502.0,2502.0,2502.0,2502.0,2502.0,2502.0,2502.0,2502.0,2502.0,2502.0,2502.0,2502.0,2502.0,2502.0,2502.0,2502.0,2502.0,2502.0,2502.0,2502.0,2502.0,2502.0,2502.0,2502.0,2502.0,2502.0,2502.0,2502.0,2502.0,2502.0,2548.0,2502.0,2502.0,2502.0,2502.0,2502.0,2502.0,2502.0,2502.0,2502.0,2502.0,2502.0,2502.0,2502.0,2502.0,2502.0,2502.0,2502.0,2502.0,2502.0,2502.0,2502.0,2502.0,2502.0,2502.0,2502.0,2571.0,2502.0,2502.0,2502.0,2502.0,2502.0,2502.0,2502.0,2502.0,2502.0,2502.0,2502.0,2547.0,2502.0,2502.0,2476.0,2502.0,2502.0,2502.0,2502.0,2502.0,2502.0,2502.0,2502.0,2522.0,2502.0,2555.0,2502.0,2502.0,2502.0,2502.0,2502.0,2502.0,2502.0,2502.0,2502.0,2502.0,2502.0,2502.0,2548.0,2502.0,2502.0,2502.0,2548.0,2502.0,2502.0,2502.0,2502.0,2502.0,2548.0,2502.0,2502.0,2502.0,2502.0,2502.0,2502.0,2502.0,2502.0,2502.0,2502.0,2502.0,2502.0,2502.0,2502.0,2502.0,2502.0,2502.0,2502.0,2502.0,2502.0,2502.0,2502.0,2502.0,2502.0,2502.0,2502.0,2531.0,2502.0,2502.0,2502.0,2502.0,2502.0,2540.0,2502.0,2502.0,2502.0,2540.0,2502.0,2502.0,2502.0,2502.0,2502.0,2502.0,2531.0,2531.0,2502.0,2502.0,2502.0,2502.0,2502.0,2502.0,2531.0,2502.0,2404.0,2502.0,2502.0,2502.0,2502.0,2502.0,2502.0,2516.0,2502.0,2502.0,2502.0,2502.0,2502.0,2438.0,2502.0,2502.0,2502.0,2502.0,2502.0,2502.0,2502.0,2502.0,2502.0,2502.0,2502.0,2502.0,2502.0,2502.0,2502.0,2502.0,2502.0,2502.0,2502.0,2476.0,2502.0,2502.0,2502.0,2502.0,2531.0,2502.0,2502.0,2502.0,2502.0,2502.0,2502.0,2502.0,2502.0,2502.0,2502.0,2502.0,2502.0,2502.0,2502.0,2502.0,2502.0,2502.0,2502.0,2502.0,2502.0,2502.0,2502.0,2531.0,2502.0,2502.0,2502.0,2502.0,2502.0,2502.0,2502.0,8245.0,8251.0,8245.0,8234.0,8245.0,8245.0,8219.0,8263.0,8245.0,8245.0,8306.0,8286.0,8245.0,8328.0,8480.0,8264.0,8245.0,8245.0,8245.0,8245.0,8245.0,8245.0,8245.0,8245.0,8245.0,8245.0,8245.0,8245.0,8245.0,8245.0,8245.0,8245.0,8245.0,8245.0,8245.0,8245.0,8240.0,8245.0,8245.0,8245.0,8245.0,8245.0,8245.0,8245.0,8245.0,8245.0,8245.0,8245.0,8245.0,8245.0,8245.0,8245.0,8245.0,8245.0,8286.0,8245.0,8245.0,8245.0,8245.0,8245.0,8245.0,8245.0,8245.0,8245.0,8245.0,8245.0,8245.0,8245.0,8286.0,8245.0,8245.0,8245.0,8245.0,8245.0,8245.0,8245.0,8245.0,8245.0,8245.0,8245.0,8245.0,8245.0,8245.0,8245.0,8245.0,8245.0,8245.0,8245.0,8245.0,8245.0,8245.0,8245.0,8274.0,8242.0,8245.0,8334.0,8245.0,8245.0,8245.0,8245.0,8245.0,8245.0,8245.0,8334.0,8245.0,8245.0,8245.0,8245.0,8245.0,8263.0,8263.0,8334.0,8245.0,8245.0,8245.0,8226.0,8245.0,8265.0,8245.0,8245.0,8245.0,8245.0,8245.0,8245.0,8251.0,8245.0,8245.0,8245.0,8245.0,8245.0,8156.0,8245.0,8245.0,8245.0,8245.0,8245.0,8245.0,8245.0,8245.0,8245.0,8245.0,8245.0,8245.0,8245.0,8245.0,8245.0,8245.0,8245.0,8245.0,8245.0,8245.0,8334.0,8257.0,8245.0,8245.0,8245.0,8245.0,8245.0,8245.0,8245.0,8245.0,8245.0,8245.0,8274.0,8263.0,8263.0,8245.0,8251.0,8245.0,8251.0,8245.0,8245.0,8245.0,8394.0,8334.0,8245.0,8245.0,8245.0,8244.0,8245.0,8245.0,8245.0,8334.0,8245.0,8245.0,8245.0,8245.0,8245.0,8245.0,8245.0,8245.0,8245.0,8245.0,8245.0,8245.0,8245.0,8245.0,8245.0,8245.0,8200.0,8245.0,8245.0,8245.0,8245.0,8200.0,8245.0,8245.0,8245.0,8245.0,8158.0,8245.0,8245.0,8245.0,8245.0,8245.0,8245.0,8156.0,8245.0,8245.0,8263.0,8263.0,8334.0,8245.0,8245.0,8473.0,8245.0,8263.0,8245.0,8334.0,8245.0,8245.0,8245.0,8245.0,8263.0,8245.0,8245.0,8245.0,8245.0,8245.0,8245.0,8245.0,8245.0,8245.0,8245.0,8245.0,8245.0,8245.0,8245.0,8245.0,8334.0,8245.0,8264.0,8245.0,8263.0,8245.0,8245.0,8245.0,8263.0,8334.0,8245.0,8245.0,8334.0,8245.0,8245.0,8245.0,8245.0,8245.0,8245.0,8245.0,8245.0,8245.0,8245.0,8245.0,8245.0,8245.0,8245.0,8245.0,8245.0,8245.0,8245.0,8245.0,8245.0,8245.0,8334.0,8245.0,8245.0,8263.0,8245.0,8245.0,8245.0,8334.0,8245.0,8334.0,8245.0,8334.0,8263.0,8245.0,8245.0,8245.0,8245.0,8245.0,8245.0,8263.0,8245.0,8263.0,8245.0,8245.0,8245.0,8334.0,8245.0,8245.0,8245.0,8245.0,8245.0,8245.0,8245.0,8245.0,8245.0,8245.0,8245.0,8245.0,8245.0,8245.0,8245.0,8245.0,8245.0,8245.0,8245.0,8334.0,8245.0,8334.0,8334.0,8245.0,8245.0,8245.0,8245.0,8245.0,8245.0,8264.0,8245.0,8245.0,8245.0,8245.0,8245.0,8245.0,8245.0,8245.0,8245.0,8245.0,8245.0,8245.0,8245.0,8245.0,8245.0,8334.0,8245.0,8274.0,8245.0,8245.0,8245.0,8334.0,8245.0,8245.0,8334.0,8245.0,8245.0,8245.0,8245.0,8245.0,8245.0,8245.0,8245.0,8334.0,8245.0,8245.0,8245.0,8334.0,8245.0,8245.0,8245.0,8245.0,8245.0,8245.0,8245.0,8245.0,8245.0,8245.0,8245.0,8334.0,8245.0,8334.0,8216.0,8245.0,8245.0,8245.0,8264.0,8245.0,8245.0,8334.0,8245.0,8334.0,8245.0,8245.0,8334.0,8334.0,8334.0,8245.0,8245.0,8264.0,8305.0,8245.0,8245.0,8334.0,8334.0,8264.0,8264.0,8334.0,8245.0,8334.0,8334.0,8334.0,8334.0,8346.0,8245.0,8334.0,8334.0,8264.0,8334.0,8334.0,8245.0,8334.0,8245.0,8334.0,8334.0,8334.0,8264.0,8334.0,8264.0,8334.0,8334.0,8264.0,8264.0,8264.0,8264.0,8264.0,8334.0,8334.0,8221.0,8264.0,8270.0,8264.0,8264.0,8264.0,8264.0,8245.0,8264.0,8264.0,8264.0,8264.0,8264.0,8264.0,8193.0,8264.0,8348.0,8264.0,8348.0,8264.0,8264.0,8346.0,8264.0,8245.0,8245.0,128.0,173.0,489.0,250.0,99.0,231.0,231.0,231.0,231.0,231.0,231.0,231.0,231.0,231.0,231.0,231.0,231.0,231.0,231.0,231.0,231.0,231.0,231.0,231.0,231.0,231.0,231.0,231.0,231.0,231.0,231.0,231.0,231.0,231.0,231.0,231.0,231.0,231.0,231.0,231.0,231.0,260.0,231.0,231.0,231.0,320.0,231.0,231.0,320.0,231.0,231.0,260.0,231.0,231.0,260.0,287.0,257.0,303.0,257.0,250.0,257.0,257.0,250.0,231.0,277.0,250.0,250.0,231.0,231.0,250.0,231.0,231.0,231.0,231.0,231.0,231.0,231.0,231.0,231.0,231.0,231.0,257.0,250.0,231.0,231.0,231.0,231.0,231.0,231.0,231.0,231.0,231.0,231.0,231.0,231.0,277.0,231.0,231.0,231.0,231.0,231.0,231.0,231.0,231.0,231.0,231.0,231.0,231.0,231.0,231.0,231.0,231.0,231.0,231.0,231.0,231.0,231.0,231.0,231.0,231.0,231.0,231.0,231.0,231.0,231.0,231.0,231.0,231.0,231.0,231.0,231.0,231.0,231.0,231.0,231.0,231.0,208.0,231.0,231.0,231.0,231.0,250.0,231.0,231.0,231.0,231.0,231.0,231.0,252.0,231.0,250.0,231.0,231.0,231.0,231.0,231.0,231.0,231.0,231.0,231.0,231.0,231.0,250.0,231.0,231.0,231.0,231.0,231.0,250.0,231.0,231.0,250.0,250.0,231.0,231.0,231.0,250.0,231.0,231.0,231.0,231.0,231.0,231.0,231.0,231.0,231.0,231.0,231.0,231.0,231.0,231.0,277.0,231.0,231.0,231.0,231.0,231.0,231.0,231.0,231.0,277.0,231.0,231.0,321.0,231.0,231.0,231.0,231.0,287.0,231.0,231.0,231.0,231.0,231.0,231.0,231.0,231.0,231.0,231.0,173.0,231.0,231.0,231.0,231.0,250.0,231.0,231.0,279.0,231.0,231.0,231.0,231.0,231.0,231.0,231.0,231.0,231.0,231.0,231.0,231.0,231.0,231.0,231.0,231.0,231.0,254.0,231.0,231.0,231.0,287.0,231.0,231.0,231.0,231.0,231.0,231.0,231.0,231.0,231.0,231.0,231.0,250.0,231.0,231.0,231.0,231.0,231.0,231.0,231.0,231.0,231.0,241.0,231.0,231.0,231.0,287.0,231.0,231.0,231.0,231.0,231.0,231.0,231.0,231.0,231.0,231.0,231.0,295.0,231.0,231.0,231.0,287.0,231.0,231.0,231.0,209.0,231.0,287.0,231.0,231.0,231.0,231.0,231.0,231.0,231.0,231.0,231.0,231.0,231.0,231.0,231.0,231.0,260.0,231.0,231.0,231.0,287.0,231.0,231.0,231.0,231.0,231.0,231.0,231.0,231.0,231.0,231.0,277.0,231.0,287.0,231.0,231.0,231.0,231.0,231.0,231.0,287.0,231.0,231.0,231.0,231.0,287.0,231.0,257.0,295.0,250.0,231.0,250.0,250.0,250.0,250.0,250.0,250.0,250.0,250.0,250.0,250.0,250.0,250.0,250.0,231.0,250.0,296.0,221.0,250.0,231.0,250.0,250.0,250.0,250.0,250.0,250.0,250.0,250.0,250.0,250.0,250.0,250.0,314.0,250.0,250.0,250.0,250.0
hDenV4/Colombia/VAC-LSPVAC-2403871/2024,3080.0,3058.0,3058.0,3058.0,3058.0,3058.0,3058.0,3079.0,3058.0,3127.0,3111.0,3193.0,3080.0,3044.0,3046.0,3046.0,3046.0,3084.0,3046.0,3084.0,3084.0,3050.0,3050.0,3050.0,3050.0,3070.0,3070.0,3084.0,3058.0,3084.0,3050.0,3058.0,3050.0,3084.0,3104.0,3070.0,3050.0,3055.0,3050.0,3050.0,3050.0,3050.0,3050.0,3084.0,3050.0,3050.0,3036.0,3084.0,3058.0,3058.0,3058.0,3058.0,3094.0,3094.0,3094.0,3142.0,3050.0,3058.0,3116.0,3050.0,3058.0,3050.0,3050.0,3050.0,3058.0,3058.0,3084.0,3050.0,3058.0,3084.0,3084.0,3050.0,3050.0,3084.0,3050.0,3050.0,3058.0,3058.0,3058.0,3058.0,3063.0,3058.0,3058.0,3058.0,3058.0,3063.0,3058.0,3036.0,3084.0,3058.0,3058.0,3058.0,3058.0,3058.0,3050.0,3058.0,3050.0,3050.0,3050.0,3058.0,3050.0,3058.0,3058.0,3050.0,3058.0,3058.0,3058.0,3050.0,3050.0,3058.0,3050.0,3044.0,3058.0,3058.0,3046.0,3058.0,3058.0,3058.0,3058.0,3058.0,3058.0,3050.0,3058.0,3084.0,3058.0,3058.0,3058.0,3058.0,2994.0,3058.0,3058.0,3058.0,3044.0,3058.0,3058.0,3058.0,3058.0,3116.0,3058.0,3058.0,3058.0,3058.0,3116.0,3044.0,3058.0,3050.0,3058.0,3044.0,3058.0,3058.0,3058.0,3058.0,3050.0,3058.0,3058.0,3058.0,3058.0,3050.0,3058.0,3058.0,3058.0,3058.0,3058.0,3058.0,3043.0,3058.0,3058.0,3058.0,3095.0,3058.0,3058.0,3058.0,3058.0,3058.0,3058.0,3058.0,3058.0,3058.0,3037.0,3058.0,3058.0,3058.0,3031.0,3058.0,3058.0,3165.0,3058.0,3058.0,3045.0,3058.0,3098.0,3058.0,3058.0,3058.0,3058.0,3058.0,3058.0,3039.0,3058.0,3058.0,3058.0,3058.0,3046.0,3116.0,3058.0,3058.0,3058.0,3058.0,3058.0,3058.0,3058.0,3058.0,3058.0,3058.0,3165.0,3058.0,3058.0,3058.0,3058.0,3058.0,3050.0,3058.0,3127.0,3058.0,3058.0,3058.0,3058.0,3058.0,3058.0,3058.0,3050.0,3058.0,3050.0,3050.0,3058.0,3050.0,3058.0,3058.0,3058.0,3058.0,3116.0,3058.0,3058.0,3050.0,3050.0,3050.0,3058.0,3058.0,3050.0,3058.0,3116.0,3058.0,3058.0,3050.0,3058.0,3058.0,3058.0,3058.0,3058.0,3058.0,3058.0,3058.0,3058.0,3058.0,3058.0,3122.0,3058.0,3058.0,3058.0,3058.0,3058.0,3058.0,3058.0,3058.0,3079.0,3058.0,3058.0,3058.0,3058.0,3058.0,3058.0,3058.0,3058.0,3044.0,3134.0,3050.0,3058.0,3058.0,3058.0,3058.0,3058.0,3058.0,3058.0,3068.0,3058.0,3058.0,3058.0,3058.0,3058.0,3044.0,3058.0,3058.0,3058.0,3058.0,3079.0,3058.0,3058.0,3058.0,3058.0,3044.0,3058.0,3058.0,3058.0,3044.0,3058.0,3058.0,3058.0,3058.0,3058.0,3058.0,3058.0,3058.0,3058.0,3058.0,3058.0,3058.0,3058.0,3058.0,3058.0,3058.0,3058.0,3058.0,3146.0,3058.0,3058.0,3058.0,3058.0,3058.0,3116.0,3058.0,3022.0,3058.0,3058.0,3079.0,3058.0,3058.0,3006.0,3040.0,3058.0,3058.0,3058.0,3046.0,3058.0,3058.0,3058.0,3043.0,3116.0,3058.0,3045.0,3058.0,3058.0,3058.0,3058.0,3058.0,3058.0,3058.0,3058.0,3058.0,3116.0,3058.0,3058.0,3058.0,3058.0,3058.0,3058.0,3058.0,3116.0,3058.0,2969.0,3058.0,3058.0,3058.0,3058.0,3058.0,3058.0,3082.0,3058.0,3058.0,3058.0,3046.0,3058.0,3058.0,3058.0,3058.0,3058.0,3058.0,3058.0,3058.0,3058.0,3058.0,3058.0,3058.0,3058.0,3116.0,3058.0,3058.0,3058.0,3058.0,3058.0,3058.0,3058.0,3116.0,3085.0,3058.0,3116.0,3058.0,3058.0,3058.0,3058.0,3058.0,3058.0,3058.0,3058.0,3058.0,3121.0,3058.0,3058.0,3121.0,3046.0,3130.0,3058.0,3046.0,3058.0,3040.0,3058.0,3116.0,3058.0,3058.0,3058.0,3096.0,3058.0,3058.0,3058.0,3022.0,3058.0,3180.0,3058.0,3058.0,3058.0,3121.0,3046.0,3058.0,3058.0,3090.0,3058.0,3116.0,3058.0,3058.0,3046.0,3050.0,3058.0,3058.0,3058.0,3058.0,3058.0,3058.0,3058.0,3058.0,3058.0,2994.0,3058.0,3058.0,3044.0,3058.0,3116.0,3058.0,3058.0,3058.0,3058.0,3058.0,3058.0,3058.0,3058.0,3040.0,3058.0,3116.0,3058.0,3116.0,3058.0,3058.0,3085.0,3058.0,3058.0,3046.0,3058.0,3058.0,3058.0,3058.0,3116.0,3058.0,3058.0,3058.0,3058.0,3046.0,3116.0,3058.0,3116.0,3058.0,3058.0,3116.0,3058.0,3058.0,3058.0,3044.0,3058.0,3058.0,3058.0,3058.0,3058.0,3058.0,3090.0,3046.0,3058.0,3058.0,2994.0,2994.0,2994.0,3116.0,3078.0,3058.0,3058.0,3058.0,3139.0,3058.0,3058.0,2994.0,3090.0,3058.0,3068.0,3058.0,2994.0,3116.0,3046.0,3058.0,3058.0,3058.0,2994.0,3058.0,3058.0,3058.0,3046.0,3088.0,2994.0,3058.0,3058.0,2994.0,2994.0,2994.0,3058.0,3090.0,3058.0,3058.0,3058.0,2994.0,3058.0,2994.0,3058.0,3058.0,3058.0,2994.0,3058.0,3116.0,3058.0,3046.0,3058.0,2994.0,3058.0,2994.0,3058.0,3131.0,2994.0,3116.0,3058.0,3058.0,3058.0,3058.0,3058.0,3116.0,3116.0,3058.0,3058.0,3058.0,3058.0,3058.0,2994.0,3052.0,2994.0,3058.0,3058.0,3058.0,2994.0,2994.0,3058.0,3058.0,3058.0,3096.0,3116.0,3058.0,3058.0,3058.0,3090.0,3058.0,3058.0,3058.0,3058.0,3058.0,3058.0,3058.0,3058.0,3058.0,3058.0,3058.0,3058.0,3090.0,3090.0,3058.0,3058.0,3080.0,3058.0,3058.0,3058.0,3058.0,3058.0,3058.0,3058.0,3058.0,3058.0,3058.0,3058.0,3139.0,3058.0,3058.0,3067.0,2959.0,3058.0,3058.0,3058.0,3058.0,3058.0,3058.0,3079.0,3058.0,3058.0,3058.0,3058.0,3096.0,3058.0,3058.0,3087.0,3058.0,3058.0,3058.0,3058.0,3058.0,3058.0,2994.0,3117.0,3058.0,3058.0,3046.0,3058.0,3058.0,3139.0,3139.0,3058.0,3116.0,2994.0,2994.0,2994.0,3058.0,3058.0,3135.0,3018.0,2429.0,2502.0,2502.0,2534.0,2470.0,2449.0,2497.0,2420.0,2502.0,2502.0,2502.0,2502.0,2502.0,2548.0,2502.0,2502.0,2502.0,2548.0,2473.0,2502.0,2502.0,2502.0,2473.0,2502.0,2473.0,2540.0,2502.0,2531.0,2502.0,2473.0,2473.0,2502.0,2502.0,2502.0,2502.0,2502.0,2502.0,2502.0,2502.0,2502.0,2473.0,2473.0,2502.0,2502.0,2502.0,2502.0,2473.0,2502.0,2502.0,2502.0,2502.0,2473.0,2502.0,2502.0,2502.0,2502.0,2502.0,2502.0,2502.0,2473.0,2502.0,2502.0,2513.0,2502.0,2502.0,2502.0,2444.0,2473.0,2502.0,2502.0,2473.0,2502.0,2502.0,2502.0,2502.0,2502.0,2502.0,2473.0,2473.0,2502.0,2566.0,2502.0,2502.0,2473.0,2502.0,2502.0,2502.0,2502.0,2502.0,2502.0,2502.0,2473.0,2502.0,2502.0,2473.0,2502.0,2502.0,2502.0,2502.0,2502.0,2473.0,2473.0,2502.0,2502.0,2502.0,2502.0,2502.0,2502.0,2473.0,2502.0,2502.0,2502.0,2502.0,2502.0,2502.0,2502.0,2502.0,2473.0,2502.0,2502.0,2502.0,2502.0,2502.0,2502.0,2502.0,2502.0,2502.0,2596.0,2502.0,2473.0,2502.0,2502.0,2502.0,2502.0,2502.0,2502.0,2502.0,2502.0,2502.0,2502.0,2502.0,2502.0,2502.0,2502.0,2502.0,2502.0,2502.0,2502.0,2502.0,2502.0,2502.0,2502.0,2502.0,2502.0,2504.0,2502.0,2502.0,2502.0,2502.0,2502.0,2502.0,2502.0,2502.0,2502.0,2502.0,2502.0,2502.0,2502.0,2502.0,2502.0,2502.0,2502.0,2502.0,2502.0,2502.0,2502.0,2502.0,2502.0,2502.0,2502.0,2502.0,2502.0,2502.0,2502.0,2502.0,2502.0,2502.0,2502.0,2502.0,2502.0,2502.0,2502.0,2502.0,2502.0,2502.0,2502.0,2502.0,2502.0,2502.0,2502.0,2502.0,2502.0,2502.0,2502.0,2548.0,2502.0,2502.0,2502.0,2502.0,2502.0,2502.0,2502.0,2502.0,2502.0,2502.0,2502.0,2502.0,2502.0,2502.0,2502.0,2502.0,2502.0,2502.0,2502.0,2502.0,2502.0,2502.0,2502.0,2502.0,2502.0,2502.0,2502.0,2502.0,2502.0,2502.0,2502.0,2502.0,2502.0,2502.0,2502.0,2502.0,2502.0,2502.0,2502.0,2502.0,2502.0,2548.0,2502.0,2502.0,2502.0,2502.0,2502.0,2502.0,2502.0,2502.0,2502.0,2502.0,2502.0,2502.0,2502.0,2502.0,2502.0,2502.0,2502.0,2502.0,2502.0,2502.0,2502.0,2502.0,2502.0,2502.0,2502.0,2571.0,2502.0,2502.0,2502.0,2502.0,2502.0,2502.0,2502.0,2502.0,2502.0,2502.0,2502.0,2547.0,2502.0,2502.0,2476.0,2502.0,2502.0,2502.0,2502.0,2502.0,2502.0,2502.0,2502.0,2522.0,2502.0,2555.0,2502.0,2502.0,2502.0,2502.0,2502.0,2502.0,2502.0,2502.0,2502.0,2502.0,2502.0,2502.0,2548.0,2502.0,2502.0,2502.0,2548.0,2502.0,2502.0,2502.0,2502.0,2502.0,2548.0,2502.0,2502.0,2502.0,2502.0,2502.0,2502.0,2502.0,2502.0,2502.0,2502.0,2502.0,2502.0,2502.0,2502.0,2502.0,2502.0,2502.0,2502.0,2502.0,2502.0,2502.0,2502.0,2502.0,2502.0,2502.0,2502.0,2531.0,2502.0,2502.0,2502.0,2502.0,2502.0,2540.0,2502.0,2502.0,2502.0,2540.0,2502.0,2502.0,2502.0,2502.0,2502.0,2502.0,2531.0,2531.0,2502.0,2502.0,2502.0,2502.0,2502.0,2502.0,2531.0,2502.0,2404.0,2502.0,2502.0,2502.0,2502.0,2502.0,2502.0,2516.0,2502.0,2502.0,2502.0,2502.0,2502.0,2438.0,2502.0,2502.0,2502.0,2502.0,2502.0,2502.0,2502.0,2502.0,2502.0,2502.0,2502.0,2502.0,2502.0,2502.0,2502.0,2502.0,2502.0,2502.0,2502.0,2476.0,2502.0,2502.0,2502.0,2502.0,2531.0,2502.0,2502.0,2502.0,2502.0,2502.0,2502.0,2502.0,2502.0,2502.0,2502.0,2502.0,2502.0,2502.0,2502.0,2502.0,2502.0,2502.0,2502.0,2502.0,2502.0,2502.0,2502.0,2531.0,2502.0,2502.0,2502.0,2502.0,2502.0,2502.0,2502.0,8245.0,8251.0,8245.0,8234.0,8245.0,8245.0,8219.0,8263.0,8245.0,8245.0,8306.0,8286.0,8245.0,8328.0,8480.0,8264.0,8245.0,8245.0,8245.0,8245.0,8245.0,8245.0,8245.0,8245.0,8245.0,8245.0,8245.0,8245.0,8245.0,8245.0,8245.0,8245.0,8245.0,8245.0,8245.0,8245.0,8240.0,8245.0,8245.0,8245.0,8245.0,8245.0,8245.0,8245.0,8245.0,8245.0,8245.0,8245.0,8245.0,8245.0,8245.0,8245.0,8245.0,8245.0,8286.0,8245.0,8245.0,8245.0,8245.0,8245.0,8245.0,8245.0,8245.0,8245.0,8245.0,8245.0,8245.0,8245.0,8286.0,8245.0,8245.0,8245.0,8245.0,8245.0,8245.0,8245.0,8245.0,8245.0,8245.0,8245.0,8245.0,8245.0,8245.0,8245.0,8245.0,8245.0,8245.0,8245.0,8245.0,8245.0,8245.0,8245.0,8274.0,8242.0,8245.0,8334.0,8245.0,8245.0,8245.0,8245.0,8245.0,8245.0,8245.0,8334.0,8245.0,8245.0,8245.0,8245.0,8245.0,8263.0,8263.0,8334.0,8245.0,8245.0,8245.0,8226.0,8245.0,8265.0,8245.0,8245.0,8245.0,8245.0,8245.0,8245.0,8251.0,8245.0,8245.0,8245.0,8245.0,8245.0,8156.0,8245.0,8245.0,8245.0,8245.0,8245.0,8245.0,8245.0,8245.0,8245.0,8245.0,8245.0,8245.0,8245.0,8245.0,8245.0,8245.0,8245.0,8245.0,8245.0,8245.0,8334.0,8257.0,8245.0,8245.0,8245.0,8245.0,8245.0,8245.0,8245.0,8245.0,8245.0,8245.0,8274.0,8263.0,8263.0,8245.0,8251.0,8245.0,8251.0,8245.0,8245.0,8245.0,8394.0,8334.0,8245.0,8245.0,8245.0,8244.0,8245.0,8245.0,8245.0,8334.0,8245.0,8245.0,8245.0,8245.0,8245.0,8245.0,8245.0,8245.0,8245.0,8245.0,8245.0,8245.0,8245.0,8245.0,8245.0,8245.0,8200.0,8245.0,8245.0,8245.0,8245.0,8200.0,8245.0,8245.0,8245.0,8245.0,8158.0,8245.0,8245.0,8245.0,8245.0,8245.0,8245.0,8156.0,8245.0,8245.0,8263.0,8263.0,8334.0,8245.0,8245.0,8473.0,8245.0,8263.0,8245.0,8334.0,8245.0,8245.0,8245.0,8245.0,8263.0,8245.0,8245.0,8245.0,8245.0,8245.0,8245.0,8245.0,8245.0,8245.0,8245.0,8245.0,8245.0,8245.0,8245.0,8245.0,8334.0,8245.0,8264.0,8245.0,8263.0,8245.0,8245.0,8245.0,8263.0,8334.0,8245.0,8245.0,8334.0,8245.0,8245.0,8245.0,8245.0,8245.0,8245.0,8245.0,8245.0,8245.0,8245.0,8245.0,8245.0,8245.0,8245.0,8245.0,8245.0,8245.0,8245.0,8245.0,8245.0,8245.0,8334.0,8245.0,8245.0,8263.0,8245.0,8245.0,8245.0,8334.0,8245.0,8334.0,8245.0,8334.0,8263.0,8245.0,8245.0,8245.0,8245.0,8245.0,8245.0,8263.0,8245.0,8263.0,8245.0,8245.0,8245.0,8334.0,8245.0,8245.0,8245.0,8245.0,8245.0,8245.0,8245.0,8245.0,8245.0,8245.0,8245.0,8245.0,8245.0,8245.0,8245.0,8245.0,8245.0,8245.0,8245.0,8334.0,8245.0,8334.0,8334.0,8245.0,8245.0,8245.0,8245.0,8245.0,8245.0,8264.0,8245.0,8245.0,8245.0,8245.0,8245.0,8245.0,8245.0,8245.0,8245.0,8245.0,8245.0,8245.0,8245.0,8245.0,8245.0,8334.0,8245.0,8274.0,8245.0,8245.0,8245.0,8334.0,8245.0,8245.0,8334.0,8245.0,8245.0,8245.0,8245.0,8245.0,8245.0,8245.0,8245.0,8334.0,8245.0,8245.0,8245.0,8334.0,8245.0,8245.0,8245.0,8245.0,8245.0,8245.0,8245.0,8245.0,8245.0,8245.0,8245.0,8334.0,8245.0,8334.0,8216.0,8245.0,8245.0,8245.0,8264.0,8245.0,8245.0,8334.0,8245.0,8334.0,8245.0,8245.0,8334.0,8334.0,8334.0,8245.0,8245.0,8264.0,8305.0,8245.0,8245.0,8334.0,8334.0,8264.0,8264.0,8334.0,8245.0,8334.0,8334.0,8334.0,8334.0,8346.0,8245.0,8334.0,8334.0,8264.0,8334.0,8334.0,8245.0,8334.0,8245.0,8334.0,8334.0,8334.0,8264.0,8334.0,8264.0,8334.0,8334.0,8264.0,8264.0,8264.0,8264.0,8264.0,8334.0,8334.0,8221.0,8264.0,8270.0,8264.0,8264.0,8264.0,8264.0,8245.0,8264.0,8264.0,8264.0,8264.0,8264.0,8264.0,8193.0,8264.0,8348.0,8264.0,8348.0,8264.0,8264.0,8346.0,8264.0,8245.0,8245.0,128.0,173.0,489.0,250.0,99.0,231.0,231.0,231.0,231.0,231.0,231.0,231.0,231.0,231.0,231.0,231.0,231.0,231.0,231.0,231.0,231.0,231.0,231.0,231.0,231.0,231.0,231.0,231.0,231.0,231.0,231.0,231.0,231.0,231.0,231.0,231.0,231.0,231.0,231.0,231.0,231.0,260.0,231.0,231.0,231.0,320.0,231.0,231.0,320.0,231.0,231.0,260.0,231.0,231.0,260.0,287.0,257.0,303.0,257.0,250.0,257.0,257.0,250.0,231.0,277.0,250.0,250.0,231.0,231.0,250.0,231.0,231.0,231.0,231.0,231.0,231.0,231.0,231.0,231.0,231.0,231.0,257.0,250.0,231.0,231.0,231.0,231.0,231.0,231.0,231.0,231.0,231.0,231.0,231.0,231.0,277.0,231.0,231.0,231.0,231.0,231.0,231.0,231.0,231.0,231.0,231.0,231.0,231.0,231.0,231.0,231.0,231.0,231.0,231.0,231.0,231.0,231.0,231.0,231.0,231.0,231.0,231.0,231.0,231.0,231.0,231.0,231.0,231.0,231.0,231.0,231.0,231.0,231.0,231.0,231.0,231.0,208.0,231.0,231.0,231.0,231.0,250.0,231.0,231.0,231.0,231.0,231.0,231.0,252.0,231.0,250.0,231.0,231.0,231.0,231.0,231.0,231.0,231.0,231.0,231.0,231.0,231.0,250.0,231.0,231.0,231.0,231.0,231.0,250.0,231.0,231.0,250.0,250.0,231.0,231.0,231.0,250.0,231.0,231.0,231.0,231.0,231.0,231.0,231.0,231.0,231.0,231.0,231.0,231.0,231.0,231.0,277.0,231.0,231.0,231.0,231.0,231.0,231.0,231.0,231.0,277.0,231.0,231.0,321.0,231.0,231.0,231.0,231.0,287.0,231.0,231.0,231.0,231.0,231.0,231.0,231.0,231.0,231.0,231.0,173.0,231.0,231.0,231.0,231.0,250.0,231.0,231.0,279.0,231.0,231.0,231.0,231.0,231.0,231.0,231.0,231.0,231.0,231.0,231.0,231.0,231.0,231.0,231.0,231.0,231.0,254.0,231.0,231.0,231.0,287.0,231.0,231.0,231.0,231.0,231.0,231.0,231.0,231.0,231.0,231.0,231.0,250.0,231.0,231.0,231.0,231.0,231.0,231.0,231.0,231.0,231.0,241.0,231.0,231.0,231.0,287.0,231.0,231.0,231.0,231.0,231.0,231.0,231.0,231.0,231.0,231.0,231.0,295.0,231.0,231.0,231.0,287.0,231.0,231.0,231.0,209.0,231.0,287.0,231.0,231.0,231.0,231.0,231.0,231.0,231.0,231.0,231.0,231.0,231.0,231.0,231.0,231.0,260.0,231.0,231.0,231.0,287.0,231.0,231.0,231.0,231.0,231.0,231.0,231.0,231.0,231.0,231.0,277.0,231.0,287.0,231.0,231.0,231.0,231.0,231.0,231.0,287.0,231.0,231.0,231.0,231.0,287.0,231.0,257.0,295.0,250.0,231.0,250.0,250.0,250.0,250.0,250.0,250.0,250.0,250.0,250.0,250.0,250.0,250.0,250.0,231.0,250.0,296.0,221.0,250.0,231.0,250.0,250.0,250.0,250.0,250.0,250.0,250.0,250.0,250.0,250.0,250.0,250.0,314.0,250.0,250.0,250.0,250.0
hDenV4/Colombia/un-CDC-039/2006,3152.0,3130.0,3130.0,3130.0,3130.0,3130.0,3130.0,3151.0,3130.0,3199.0,3183.0,3265.0,3152.0,3116.0,3118.0,3118.0,3118.0,3212.0,3118.0,3212.0,3212.0,3122.0,3122.0,3122.0,3122.0,3142.0,3142.0,3212.0,3130.0,3212.0,3122.0,3130.0,3122.0,3212.0,3232.0,3142.0,3122.0,3183.0,3122.0,3122.0,3122.0,3122.0,3122.0,3212.0,3122.0,3122.0,3164.0,3212.0,3130.0,3130.0,3130.0,3130.0,3222.0,3222.0,3222.0,3270.0,3122.0,3130.0,3188.0,3122.0,3130.0,3122.0,3122.0,3122.0,3130.0,3130.0,3212.0,3122.0,3130.0,3212.0,3212.0,3122.0,3122.0,3212.0,3122.0,3122.0,3130.0,3130.0,3130.0,3130.0,3135.0,3130.0,3130.0,3130.0,3130.0,3135.0,3130.0,3108.0,3212.0,3130.0,3130.0,3130.0,3130.0,3130.0,3122.0,3130.0,3122.0,3122.0,3122.0,3130.0,3122.0,3130.0,3130.0,3122.0,3130.0,3130.0,3130.0,3122.0,3122.0,3130.0,3122.0,3116.0,3130.0,3130.0,3118.0,3130.0,3130.0,3130.0,3130.0,3130.0,3130.0,3122.0,3130.0,3212.0,3130.0,3130.0,3130.0,3130.0,3066.0,3130.0,3130.0,3130.0,3116.0,3130.0,3130.0,3130.0,3130.0,3188.0,3130.0,3130.0,3130.0,3130.0,3188.0,3116.0,3130.0,3122.0,3130.0,3116.0,3130.0,3130.0,3130.0,3130.0,3122.0,3130.0,3130.0,3130.0,3130.0,3122.0,3130.0,3130.0,3130.0,3130.0,3130.0,3130.0,3115.0,3130.0,3130.0,3130.0,3167.0,3130.0,3130.0,3130.0,3130.0,3130.0,3130.0,3130.0,3130.0,3130.0,3109.0,3130.0,3130.0,3130.0,3103.0,3130.0,3130.0,3237.0,3130.0,3130.0,3117.0,3130.0,3170.0,3130.0,3130.0,3130.0,3130.0,3130.0,3130.0,3111.0,3130.0,3130.0,3130.0,3130.0,3118.0,3188.0,3130.0,3130.0,3130.0,3130.0,3130.0,3130.0,3130.0,3130.0,3130.0,3130.0,3237.0,3130.0,3130.0,3130.0,3130.0,3130.0,3122.0,3130.0,3199.0,3130.0,3130.0,3130.0,3130.0,3130.0,3130.0,3130.0,3122.0,3130.0,3122.0,3122.0,3130.0,3122.0,3130.0,3130.0,3130.0,3130.0,3188.0,3130.0,3130.0,3122.0,3122.0,3122.0,3130.0,3130.0,3122.0,3130.0,3188.0,3130.0,3130.0,3122.0,3130.0,3130.0,3130.0,3130.0,3130.0,3130.0,3130.0,3130.0,3130.0,3130.0,3130.0,3194.0,3130.0,3130.0,3130.0,3130.0,3130.0,3130.0,3130.0,3130.0,3151.0,3130.0,3130.0,3130.0,3130.0,3130.0,3130.0,3130.0,3130.0,3116.0,3206.0,3122.0,3130.0,3130.0,3130.0,3130.0,3130.0,3130.0,3130.0,3140.0,3130.0,3130.0,3130.0,3130.0,3130.0,3116.0,3130.0,3130.0,3130.0,3130.0,3151.0,3130.0,3130.0,3130.0,3130.0,3116.0,3130.0,3130.0,3130.0,3116.0,3130.0,3130.0,3130.0,3130.0,3130.0,3130.0,3130.0,3130.0,3130.0,3130.0,3130.0,3130.0,3130.0,3130.0,3130.0,3130.0,3130.0,3130.0,3218.0,3130.0,3130.0,3130.0,3130.0,3130.0,3188.0,3130.0,3094.0,3130.0,3130.0,3151.0,3130.0,3130.0,3078.0,3112.0,3130.0,3130.0,3130.0,3118.0,3130.0,3130.0,3130.0,3115.0,3188.0,3130.0,3117.0,3130.0,3130.0,3130.0,3130.0,3130.0,3130.0,3130.0,3130.0,3130.0,3188.0,3130.0,3130.0,3130.0,3130.0,3130.0,3130.0,3130.0,3188.0,3130.0,3041.0,3130.0,3130.0,3130.0,3130.0,3130.0,3130.0,3154.0,3130.0,3130.0,3130.0,3118.0,3130.0,3130.0,3130.0,3130.0,3130.0,3130.0,3130.0,3130.0,3130.0,3130.0,3130.0,3130.0,3130.0,3188.0,3130.0,3130.0,3130.0,3130.0,3130.0,3130.0,3130.0,3188.0,3157.0,3130.0,3188.0,3130.0,3130.0,3130.0,3130.0,3130.0,3130.0,3130.0,3130.0,3130.0,3193.0,3130.0,3130.0,3193.0,3118.0,3202.0,3130.0,3118.0,3130.0,3112.0,3130.0,3188.0,3130.0,3130.0,3130.0,3168.0,3130.0,3130.0,3130.0,3094.0,3130.0,3252.0,3130.0,3130.0,3130.0,3193.0,3118.0,3130.0,3130.0,3162.0,3130.0,3188.0,3130.0,3130.0,3118.0,3122.0,3130.0,3130.0,3130.0,3130.0,3130.0,3130.0,3130.0,3130.0,3130.0,3066.0,3130.0,3130.0,3116.0,3130.0,3188.0,3130.0,3130.0,3130.0,3130.0,3130.0,3130.0,3130.0,3130.0,3112.0,3130.0,3188.0,3130.0,3188.0,3130.0,3130.0,3157.0,3130.0,3130.0,3118.0,3130.0,3130.0,3130.0,3130.0,3188.0,3130.0,3130.0,3130.0,3130.0,3118.0,3188.0,3130.0,3188.0,3130.0,3130.0,3188.0,3130.0,3130.0,3130.0,3116.0,3130.0,3130.0,3130.0,3130.0,3130.0,3130.0,3162.0,3118.0,3130.0,3130.0,3066.0,3066.0,3066.0,3188.0,3150.0,3130.0,3130.0,3130.0,3211.0,3130.0,3130.0,3066.0,3162.0,3130.0,3140.0,3130.0,3066.0,3188.0,3118.0,3130.0,3130.0,3130.0,3066.0,3130.0,3130.0,3130.0,3118.0,3160.0,3066.0,3130.0,3130.0,3066.0,3066.0,3066.0,3130.0,3162.0,3130.0,3130.0,3130.0,3066.0,3130.0,3066.0,3130.0,3130.0,3130.0,3066.0,3130.0,3188.0,3130.0,3118.0,3130.0,3066.0,3130.0,3066.0,3130.0,3203.0,3066.0,3188.0,3130.0,3130.0,3130.0,3130.0,3130.0,3188.0,3188.0,3130.0,3130.0,3130.0,3130.0,3130.0,3066.0,3124.0,3066.0,3130.0,3130.0,3130.0,3066.0,3066.0,3130.0,3130.0,3130.0,3168.0,3188.0,3130.0,3130.0,3130.0,3162.0,3130.0,3130.0,3130.0,3130.0,3130.0,3130.0,3130.0,3130.0,3130.0,3130.0,3130.0,3130.0,3162.0,3162.0,3130.0,3130.0,3152.0,3130.0,3130.0,3130.0,3130.0,3130.0,3130.0,3130.0,3130.0,3130.0,3130.0,3130.0,3211.0,3130.0,3130.0,3139.0,3031.0,3130.0,3130.0,3130.0,3130.0,3130.0,3130.0,3151.0,3130.0,3130.0,3130.0,3130.0,3168.0,3130.0,3130.0,3159.0,3130.0,3130.0,3130.0,3130.0,3130.0,3130.0,3066.0,3189.0,3130.0,3130.0,3118.0,3130.0,3130.0,3211.0,3211.0,3130.0,3188.0,3066.0,3066.0,3066.0,3130.0,3130.0,3207.0,3090.0,2462.0,2535.0,2535.0,2567.0,2503.0,2482.0,2530.0,2453.0,2535.0,2535.0,2535.0,2535.0,2535.0,2581.0,2535.0,2535.0,2535.0,2581.0,2506.0,2535.0,2535.0,2535.0,2506.0,2535.0,2506.0,2573.0,2535.0,2564.0,2535.0,2506.0,2506.0,2535.0,2535.0,2535.0,2535.0,2535.0,2535.0,2535.0,2535.0,2535.0,2506.0,2506.0,2535.0,2535.0,2535.0,2535.0,2506.0,2535.0,2535.0,2535.0,2535.0,2506.0,2535.0,2535.0,2535.0,2535.0,2535.0,2535.0,2535.0,2506.0,2535.0,2535.0,2546.0,2535.0,2535.0,2535.0,2477.0,2506.0,2535.0,2535.0,2506.0,2535.0,2535.0,2535.0,2535.0,2535.0,2535.0,2506.0,2506.0,2535.0,2599.0,2535.0,2535.0,2506.0,2535.0,2535.0,2535.0,2535.0,2535.0,2535.0,2535.0,2506.0,2535.0,2535.0,2506.0,2535.0,2535.0,2535.0,2535.0,2535.0,2506.0,2506.0,2535.0,2535.0,2535.0,2535.0,2535.0,2535.0,2506.0,2535.0,2535.0,2535.0,2535.0,2535.0,2535.0,2535.0,2535.0,2506.0,2535.0,2535.0,2535.0,2535.0,2535.0,2535.0,2535.0,2535.0,2535.0,2629.0,2535.0,2506.0,2535.0,2535.0,2535.0,2535.0,2535.0,2535.0,2535.0,2535.0,2535.0,2535.0,2535.0,2535.0,2535.0,2535.0,2535.0,2535.0,2535.0,2535.0,2535.0,2535.0,2535.0,2535.0,2535.0,2535.0,2537.0,2535.0,2535.0,2535.0,2535.0,2535.0,2535.0,2535.0,2535.0,2535.0,2535.0,2535.0,2535.0,2535.0,2535.0,2535.0,2535.0,2535.0,2535.0,2535.0,2535.0,2535.0,2535.0,2535.0,2535.0,2535.0,2535.0,2535.0,2535.0,2535.0,2535.0,2535.0,2535.0,2535.0,2535.0,2535.0,2535.0,2535.0,2535.0,2535.0,2535.0,2535.0,2535.0,2535.0,2535.0,2535.0,2535.0,2535.0,2535.0,2535.0,2581.0,2535.0,2535.0,2535.0,2535.0,2535.0,2535.0,2535.0,2535.0,2535.0,2535.0,2535.0,2535.0,2535.0,2535.0,2535.0,2535.0,2535.0,2535.0,2535.0,2535.0,2535.0,2535.0,2535.0,2535.0,2535.0,2535.0,2535.0,2535.0,2535.0,2535.0,2535.0,2535.0,2535.0,2535.0,2535.0,2535.0,2535.0,2535.0,2535.0,2535.0,2535.0,2581.0,2535.0,2535.0,2535.0,2535.0,2535.0,2535.0,2535.0,2535.0,2535.0,2535.0,2535.0,2535.0,2535.0,2535.0,2535.0,2535.0,2535.0,2535.0,2535.0,2535.0,2535.0,2535.0,2535.0,2535.0,2535.0,2604.0,2535.0,2535.0,2535.0,2535.0,2535.0,2535.0,2535.0,2535.0,2535.0,2535.0,2535.0,2580.0,2535.0,2535.0,2509.0,2535.0,2535.0,2535.0,2535.0,2535.0,2535.0,2535.0,2535.0,2555.0,2535.0,2588.0,2535.0,2535.0,2535.0,2535.0,2535.0,2535.0,2535.0,2535.0,2535.0,2535.0,2535.0,2535.0,2581.0,2535.0,2535.0,2535.0,2581.0,2535.0,2535.0,2535.0,2535.0,2535.0,2581.0,2535.0,2535.0,2535.0,2535.0,2535.0,2535.0,2535.0,2535.0,2535.0,2535.0,2535.0,2535.0,2535.0,2535.0,2535.0,2535.0,2535.0,2535.0,2535.0,2535.0,2535.0,2535.0,2535.0,2535.0,2535.0,2535.0,2564.0,2535.0,2535.0,2535.0,2535.0,2535.0,2573.0,2535.0,2535.0,2535.0,2573.0,2535.0,2535.0,2535.0,2535.0,2535.0,2535.0,2564.0,2564.0,2535.0,2535.0,2535.0,2535.0,2535.0,2535.0,2564.0,2535.0,2437.0,2535.0,2535.0,2535.0,2535.0,2535.0,2535.0,2549.0,2535.0,2535.0,2535.0,2535.0,2535.0,2471.0,2535.0,2535.0,2535.0,2535.0,2535.0,2535.0,2535.0,2535.0,2535.0,2535.0,2535.0,2535.0,2535.0,2535.0,2535.0,2535.0,2535.0,2535.0,2535.0,2509.0,2535.0,2535.0,2535.0,2535.0,2564.0,2535.0,2535.0,2535.0,2535.0,2535.0,2535.0,2535.0,2535.0,2535.0,2535.0,2535.0,2535.0,2535.0,2535.0,2535.0,2535.0,2535.0,2535.0,2535.0,2535.0,2535.0,2535.0,2564.0,2535.0,2535.0,2535.0,2535.0,2535.0,2535.0,2535.0,8312.0,8318.0,8312.0,8301.0,8312.0,8312.0,8286.0,8330.0,8312.0,8312.0,8373.0,8353.0,8312.0,8395.0,8547.0,8331.0,8312.0,8312.0,8312.0,8312.0,8312.0,8312.0,8312.0,8312.0,8312.0,8312.0,8312.0,8312.0,8312.0,8312.0,8312.0,8312.0,8312.0,8312.0,8312.0,8312.0,8307.0,8312.0,8312.0,8312.0,8312.0,8312.0,8312.0,8312.0,8312.0,8312.0,8312.0,8312.0,8312.0,8312.0,8312.0,8312.0,8312.0,8312.0,8353.0,8312.0,8312.0,8312.0,8312.0,8312.0,8312.0,8312.0,8312.0,8312.0,8312.0,8312.0,8312.0,8312.0,8353.0,8312.0,8312.0,8312.0,8312.0,8312.0,8312.0,8312.0,8312.0,8312.0,8312.0,8312.0,8312.0,8312.0,8312.0,8312.0,8312.0,8312.0,8312.0,8312.0,8312.0,8312.0,8312.0,8312.0,8341.0,8309.0,8312.0,8401.0,8312.0,8312.0,8312.0,8312.0,8312.0,8312.0,8312.0,8401.0,8312.0,8312.0,8312.0,8312.0,8312.0,8330.0,8330.0,8401.0,8312.0,8312.0,8312.0,8293.0,8312.0,8332.0,8312.0,8312.0,8312.0,8312.0,8312.0,8312.0,8318.0,8312.0,8312.0,8312.0,8312.0,8312.0,8223.0,8312.0,8312.0,8312.0,8312.0,8312.0,8312.0,8312.0,8312.0,8312.0,8312.0,8312.0,8312.0,8312.0,8312.0,8312.0,8312.0,8312.0,8312.0,8312.0,8312.0,8401.0,8324.0,8312.0,8312.0,8312.0,8312.0,8312.0,8312.0,8312.0,8312.0,8312.0,8312.0,8341.0,8330.0,8330.0,8312.0,8318.0,8312.0,8318.0,8312.0,8312.0,8312.0,8461.0,8401.0,8312.0,8312.0,8312.0,8311.0,8312.0,8312.0,8312.0,8401.0,8312.0,8312.0,8312.0,8312.0,8312.0,8312.0,8312.0,8312.0,8312.0,8312.0,8312.0,8312.0,8312.0,8312.0,8312.0,8312.0,8267.0,8312.0,8312.0,8312.0,8312.0,8267.0,8312.0,8312.0,8312.0,8312.0,8225.0,8312.0,8312.0,8312.0,8312.0,8312.0,8312.0,8223.0,8312.0,8312.0,8330.0,8330.0,8401.0,8312.0,8312.0,8540.0,8312.0,8330.0,8312.0,8401.0,8312.0,8312.0,8312.0,8312.0,8330.0,8312.0,8312.0,8312.0,8312.0,8312.0,8312.0,8312.0,8312.0,8312.0,8312.0,8312.0,8312.0,8312.0,8312.0,8312.0,8401.0,8312.0,8331.0,8312.0,8330.0,8312.0,8312.0,8312.0,8330.0,8401.0,8312.0,8312.0,8401.0,8312.0,8312.0,8312.0,8312.0,8312.0,8312.0,8312.0,8312.0,8312.0,8312.0,8312.0,8312.0,8312.0,8312.0,8312.0,8312.0,8312.0,8312.0,8312.0,8312.0,8312.0,8401.0,8312.0,8312.0,8330.0,8312.0,8312.0,8312.0,8401.0,8312.0,8401.0,8312.0,8401.0,8330.0,8312.0,8312.0,8312.0,8312.0,8312.0,8312.0,8330.0,8312.0,8330.0,8312.0,8312.0,8312.0,8401.0,8312.0,8312.0,8312.0,8312.0,8312.0,8312.0,8312.0,8312.0,8312.0,8312.0,8312.0,8312.0,8312.0,8312.0,8312.0,8312.0,8312.0,8312.0,8312.0,8401.0,8312.0,8401.0,8401.0,8312.0,8312.0,8312.0,8312.0,8312.0,8312.0,8331.0,8312.0,8312.0,8312.0,8312.0,8312.0,8312.0,8312.0,8312.0,8312.0,8312.0,8312.0,8312.0,8312.0,8312.0,8312.0,8401.0,8312.0,8341.0,8312.0,8312.0,8312.0,8401.0,8312.0,8312.0,8401.0,8312.0,8312.0,8312.0,8312.0,8312.0,8312.0,8312.0,8312.0,8401.0,8312.0,8312.0,8312.0,8401.0,8312.0,8312.0,8312.0,8312.0,8312.0,8312.0,8312.0,8312.0,8312.0,8312.0,8312.0,8401.0,8312.0,8401.0,8283.0,8312.0,8312.0,8312.0,8331.0,8312.0,8312.0,8401.0,8312.0,8401.0,8312.0,8312.0,8401.0,8401.0,8401.0,8312.0,8312.0,8331.0,8372.0,8312.0,8312.0,8401.0,8401.0,8331.0,8331.0,8401.0,8312.0,8401.0,8401.0,8401.0,8401.0,8413.0,8312.0,8401.0,8401.0,8331.0,8401.0,8401.0,8312.0,8401.0,8312.0,8401.0,8401.0,8401.0,8331.0,8401.0,8331.0,8401.0,8401.0,8331.0,8331.0,8331.0,8331.0,8331.0,8401.0,8401.0,8288.0,8331.0,8337.0,8331.0,8331.0,8331.0,8331.0,8312.0,8331.0,8331.0,8331.0,8331.0,8331.0,8331.0,8260.0,8331.0,8415.0,8331.0,8415.0,8331.0,8331.0,8413.0,8331.0,8312.0,8312.0,0.0,45.0,361.0,122.0,29.0,103.0,103.0,103.0,103.0,103.0,103.0,103.0,103.0,103.0,103.0,103.0,103.0,103.0,103.0,103.0,103.0,103.0,103.0,103.0,103.0,103.0,103.0,103.0,103.0,103.0,103.0,103.0,103.0,103.0,103.0,103.0,103.0,103.0,103.0,103.0,103.0,132.0,103.0,103.0,103.0,192.0,103.0,103.0,192.0,103.0,103.0,132.0,103.0,103.0,132.0,159.0,129.0,175.0,129.0,122.0,129.0,129.0,122.0,103.0,149.0,122.0,122.0,103.0,103.0,122.0,103.0,103.0,103.0,103.0,103.0,103.0,103.0,103.0,103.0,103.0,103.0,129.0,122.0,103.0,103.0,103.0,103.0,103.0,103.0,103.0,103.0,103.0,103.0,103.0,103.0,149.0,103.0,103.0,103.0,103.0,103.0,103.0,103.0,103.0,103.0,103.0,103.0,103.0,103.0,103.0,103.0,103.0,103.0,103.0,103.0,103.0,103.0,103.0,103.0,103.0,103.0,103.0,103.0,103.0,103.0,103.0,103.0,103.0,103.0,103.0,103.0,103.0,103.0,103.0,103.0,103.0,80.0,103.0,103.0,103.0,103.0,122.0,103.0,103.0,103.0,103.0,103.0,103.0,124.0,103.0,122.0,103.0,103.0,103.0,103.0,103.0,103.0,103.0,103.0,103.0,103.0,103.0,122.0,103.0,103.0,103.0,103.0,103.0,122.0,103.0,103.0,122.0,122.0,103.0,103.0,103.0,122.0,103.0,103.0,103.0,103.0,103.0,103.0,103.0,103.0,103.0,103.0,103.0,103.0,103.0,103.0,149.0,103.0,103.0,103.0,103.0,103.0,103.0,103.0,103.0,149.0,103.0,103.0,193.0,103.0,103.0,103.0,103.0,159.0,103.0,103.0,103.0,103.0,103.0,103.0,103.0,103.0,103.0,103.0,45.0,103.0,103.0,103.0,103.0,122.0,103.0,103.0,151.0,103.0,103.0,103.0,103.0,103.0,103.0,103.0,103.0,103.0,103.0,103.0,103.0,103.0,103.0,103.0,103.0,103.0,126.0,103.0,103.0,103.0,159.0,103.0,103.0,103.0,103.0,103.0,103.0,103.0,103.0,103.0,103.0,103.0,122.0,103.0,103.0,103.0,103.0,103.0,103.0,103.0,103.0,103.0,113.0,103.0,103.0,103.0,159.0,103.0,103.0,103.0,103.0,103.0,103.0,103.0,103.0,103.0,103.0,103.0,167.0,103.0,103.0,103.0,159.0,103.0,103.0,103.0,81.0,103.0,159.0,103.0,103.0,103.0,103.0,103.0,103.0,103.0,103.0,103.0,103.0,103.0,103.0,103.0,103.0,132.0,103.0,103.0,103.0,159.0,103.0,103.0,103.0,103.0,103.0,103.0,103.0,103.0,103.0,103.0,149.0,103.0,159.0,103.0,103.0,103.0,103.0,103.0,103.0,159.0,103.0,103.0,103.0,103.0,159.0,103.0,129.0,167.0,122.0,103.0,122.0,122.0,122.0,122.0,122.0,122.0,122.0,122.0,122.0,122.0,122.0,122.0,122.0,103.0,122.0,168.0,151.0,122.0,103.0,122.0,122.0,122.0,122.0,122.0,122.0,122.0,122.0,122.0,122.0,122.0,122.0,186.0,122.0,122.0,122.0,122.0
hDenV4/Colombia/un-INS-480579/2016,3080.0,3058.0,3058.0,3058.0,3058.0,3058.0,3058.0,3079.0,3058.0,3127.0,3111.0,3193.0,3080.0,3044.0,3046.0,3046.0,3046.0,3084.0,3046.0,3084.0,3084.0,3050.0,3050.0,3050.0,3050.0,3070.0,3070.0,3084.0,3058.0,3084.0,3050.0,3058.0,3050.0,3084.0,3104.0,3070.0,3050.0,3055.0,3050.0,3050.0,3050.0,3050.0,3050.0,3084.0,3050.0,3050.0,3036.0,3084.0,3058.0,3058.0,3058.0,3058.0,3094.0,3094.0,3094.0,3142.0,3050.0,3058.0,3116.0,3050.0,3058.0,3050.0,3050.0,3050.0,3058.0,3058.0,3084.0,3050.0,3058.0,3084.0,3084.0,3050.0,3050.0,3084.0,3050.0,3050.0,3058.0,3058.0,3058.0,3058.0,3063.0,3058.0,3058.0,3058.0,3058.0,3063.0,3058.0,3036.0,3084.0,3058.0,3058.0,3058.0,3058.0,3058.0,3050.0,3058.0,3050.0,3050.0,3050.0,3058.0,3050.0,3058.0,3058.0,3050.0,3058.0,3058.0,3058.0,3050.0,3050.0,3058.0,3050.0,3044.0,3058.0,3058.0,3046.0,3058.0,3058.0,3058.0,3058.0,3058.0,3058.0,3050.0,3058.0,3084.0,3058.0,3058.0,3058.0,3058.0,2994.0,3058.0,3058.0,3058.0,3044.0,3058.0,3058.0,3058.0,3058.0,3116.0,3058.0,3058.0,3058.0,3058.0,3116.0,3044.0,3058.0,3050.0,3058.0,3044.0,3058.0,3058.0,3058.0,3058.0,3050.0,3058.0,3058.0,3058.0,3058.0,3050.0,3058.0,3058.0,3058.0,3058.0,3058.0,3058.0,3043.0,3058.0,3058.0,3058.0,3095.0,3058.0,3058.0,3058.0,3058.0,3058.0,3058.0,3058.0,3058.0,3058.0,3037.0,3058.0,3058.0,3058.0,3031.0,3058.0,3058.0,3165.0,3058.0,3058.0,3045.0,3058.0,3098.0,3058.0,3058.0,3058.0,3058.0,3058.0,3058.0,3039.0,3058.0,3058.0,3058.0,3058.0,3046.0,3116.0,3058.0,3058.0,3058.0,3058.0,3058.0,3058.0,3058.0,3058.0,3058.0,3058.0,3165.0,3058.0,3058.0,3058.0,3058.0,3058.0,3050.0,3058.0,3127.0,3058.0,3058.0,3058.0,3058.0,3058.0,3058.0,3058.0,3050.0,3058.0,3050.0,3050.0,3058.0,3050.0,3058.0,3058.0,3058.0,3058.0,3116.0,3058.0,3058.0,3050.0,3050.0,3050.0,3058.0,3058.0,3050.0,3058.0,3116.0,3058.0,3058.0,3050.0,3058.0,3058.0,3058.0,3058.0,3058.0,3058.0,3058.0,3058.0,3058.0,3058.0,3058.0,3122.0,3058.0,3058.0,3058.0,3058.0,3058.0,3058.0,3058.0,3058.0,3079.0,3058.0,3058.0,3058.0,3058.0,3058.0,3058.0,3058.0,3058.0,3044.0,3134.0,3050.0,3058.0,3058.0,3058.0,3058.0,3058.0,3058.0,3058.0,3068.0,3058.0,3058.0,3058.0,3058.0,3058.0,3044.0,3058.0,3058.0,3058.0,3058.0,3079.0,3058.0,3058.0,3058.0,3058.0,3044.0,3058.0,3058.0,3058.0,3044.0,3058.0,3058.0,3058.0,3058.0,3058.0,3058.0,3058.0,3058.0,3058.0,3058.0,3058.0,3058.0,3058.0,3058.0,3058.0,3058.0,3058.0,3058.0,3146.0,3058.0,3058.0,3058.0,3058.0,3058.0,3116.0,3058.0,3022.0,3058.0,3058.0,3079.0,3058.0,3058.0,3006.0,3040.0,3058.0,3058.0,3058.0,3046.0,3058.0,3058.0,3058.0,3043.0,3116.0,3058.0,3045.0,3058.0,3058.0,3058.0,3058.0,3058.0,3058.0,3058.0,3058.0,3058.0,3116.0,3058.0,3058.0,3058.0,3058.0,3058.0,3058.0,3058.0,3116.0,3058.0,2969.0,3058.0,3058.0,3058.0,3058.0,3058.0,3058.0,3082.0,3058.0,3058.0,3058.0,3046.0,3058.0,3058.0,3058.0,3058.0,3058.0,3058.0,3058.0,3058.0,3058.0,3058.0,3058.0,3058.0,3058.0,3116.0,3058.0,3058.0,3058.0,3058.0,3058.0,3058.0,3058.0,3116.0,3085.0,3058.0,3116.0,3058.0,3058.0,3058.0,3058.0,3058.0,3058.0,3058.0,3058.0,3058.0,3121.0,3058.0,3058.0,3121.0,3046.0,3130.0,3058.0,3046.0,3058.0,3040.0,3058.0,3116.0,3058.0,3058.0,3058.0,3096.0,3058.0,3058.0,3058.0,3022.0,3058.0,3180.0,3058.0,3058.0,3058.0,3121.0,3046.0,3058.0,3058.0,3090.0,3058.0,3116.0,3058.0,3058.0,3046.0,3050.0,3058.0,3058.0,3058.0,3058.0,3058.0,3058.0,3058.0,3058.0,3058.0,2994.0,3058.0,3058.0,3044.0,3058.0,3116.0,3058.0,3058.0,3058.0,3058.0,3058.0,3058.0,3058.0,3058.0,3040.0,3058.0,3116.0,3058.0,3116.0,3058.0,3058.0,3085.0,3058.0,3058.0,3046.0,3058.0,3058.0,3058.0,3058.0,3116.0,3058.0,3058.0,3058.0,3058.0,3046.0,3116.0,3058.0,3116.0,3058.0,3058.0,3116.0,3058.0,3058.0,3058.0,3044.0,3058.0,3058.0,3058.0,3058.0,3058.0,3058.0,3090.0,3046.0,3058.0,3058.0,2994.0,2994.0,2994.0,3116.0,3078.0,3058.0,3058.0,3058.0,3139.0,3058.0,3058.0,2994.0,3090.0,3058.0,3068.0,3058.0,2994.0,3116.0,3046.0,3058.0,3058.0,3058.0,2994.0,3058.0,3058.0,3058.0,3046.0,3088.0,2994.0,3058.0,3058.0,2994.0,2994.0,2994.0,3058.0,3090.0,3058.0,3058.0,3058.0,2994.0,3058.0,2994.0,3058.0,3058.0,3058.0,2994.0,3058.0,3116.0,3058.0,3046.0,3058.0,2994.0,3058.0,2994.0,3058.0,3131.0,2994.0,3116.0,3058.0,3058.0,3058.0,3058.0,3058.0,3116.0,3116.0,3058.0,3058.0,3058.0,3058.0,3058.0,2994.0,3052.0,2994.0,3058.0,3058.0,3058.0,2994.0,2994.0,3058.0,3058.0,3058.0,3096.0,3116.0,3058.0,3058.0,3058.0,3090.0,3058.0,3058.0,3058.0,3058.0,3058.0,3058.0,3058.0,3058.0,3058.0,3058.0,3058.0,3058.0,3090.0,3090.0,3058.0,3058.0,3080.0,3058.0,3058.0,3058.0,3058.0,3058.0,3058.0,3058.0,3058.0,3058.0,3058.0,3058.0,3139.0,3058.0,3058.0,3067.0,2959.0,3058.0,3058.0,3058.0,3058.0,3058.0,3058.0,3079.0,3058.0,3058.0,3058.0,3058.0,3096.0,3058.0,3058.0,3087.0,3058.0,3058.0,3058.0,3058.0,3058.0,3058.0,2994.0,3117.0,3058.0,3058.0,3046.0,3058.0,3058.0,3139.0,3139.0,3058.0,3116.0,2994.0,2994.0,2994.0,3058.0,3058.0,3135.0,3018.0,2429.0,2502.0,2502.0,2534.0,2470.0,2449.0,2497.0,2420.0,2502.0,2502.0,2502.0,2502.0,2502.0,2548.0,2502.0,2502.0,2502.0,2548.0,2473.0,2502.0,2502.0,2502.0,2473.0,2502.0,2473.0,2540.0,2502.0,2531.0,2502.0,2473.0,2473.0,2502.0,2502.0,2502.0,2502.0,2502.0,2502.0,2502.0,2502.0,2502.0,2473.0,2473.0,2502.0,2502.0,2502.0,2502.0,2473.0,2502.0,2502.0,2502.0,2502.0,2473.0,2502.0,2502.0,2502.0,2502.0,2502.0,2502.0,2502.0,2473.0,2502.0,2502.0,2513.0,2502.0,2502.0,2502.0,2444.0,2473.0,2502.0,2502.0,2473.0,2502.0,2502.0,2502.0,2502.0,2502.0,2502.0,2473.0,2473.0,2502.0,2566.0,2502.0,2502.0,2473.0,2502.0,2502.0,2502.0,2502.0,2502.0,2502.0,2502.0,2473.0,2502.0,2502.0,2473.0,2502.0,2502.0,2502.0,2502.0,2502.0,2473.0,2473.0,2502.0,2502.0,2502.0,2502.0,2502.0,2502.0,2473.0,2502.0,2502.0,2502.0,2502.0,2502.0,2502.0,2502.0,2502.0,2473.0,2502.0,2502.0,2502.0,2502.0,2502.0,2502.0,2502.0,2502.0,2502.0,2596.0,2502.0,2473.0,2502.0,2502.0,2502.0,2502.0,2502.0,2502.0,2502.0,2502.0,2502.0,2502.0,2502.0,2502.0,2502.0,2502.0,2502.0,2502.0,2502.0,2502.0,2502.0,2502.0,2502.0,2502.0,2502.0,2502.0,2504.0,2502.0,2502.0,2502.0,2502.0,2502.0,2502.0,2502.0,2502.0,2502.0,2502.0,2502.0,2502.0,2502.0,2502.0,2502.0,2502.0,2502.0,2502.0,2502.0,2502.0,2502.0,2502.0,2502.0,2502.0,2502.0,2502.0,2502.0,2502.0,2502.0,2502.0,2502.0,2502.0,2502.0,2502.0,2502.0,2502.0,2502.0,2502.0,2502.0,2502.0,2502.0,2502.0,2502.0,2502.0,2502.0,2502.0,2502.0,2502.0,2502.0,2548.0,2502.0,2502.0,2502.0,2502.0,2502.0,2502.0,2502.0,2502.0,2502.0,2502.0,2502.0,2502.0,2502.0,2502.0,2502.0,2502.0,2502.0,2502.0,2502.0,2502.0,2502.0,2502.0,2502.0,2502.0,2502.0,2502.0,2502.0,2502.0,2502.0,2502.0,2502.0,2502.0,2502.0,2502.0,2502.0,2502.0,2502.0,2502.0,2502.0,2502.0,2502.0,2548.0,2502.0,2502.0,2502.0,2502.0,2502.0,2502.0,2502.0,2502.0,2502.0,2502.0,2502.0,2502.0,2502.0,2502.0,2502.0,2502.0,2502.0,2502.0,2502.0,2502.0,2502.0,2502.0,2502.0,2502.0,2502.0,2571.0,2502.0,2502.0,2502.0,2502.0,2502.0,2502.0,2502.0,2502.0,2502.0,2502.0,2502.0,2547.0,2502.0,2502.0,2476.0,2502.0,2502.0,2502.0,2502.0,2502.0,2502.0,2502.0,2502.0,2522.0,2502.0,2555.0,2502.0,2502.0,2502.0,2502.0,2502.0,2502.0,2502.0,2502.0,2502.0,2502.0,2502.0,2502.0,2548.0,2502.0,2502.0,2502.0,2548.0,2502.0,2502.0,2502.0,2502.0,2502.0,2548.0,2502.0,2502.0,2502.0,2502.0,2502.0,2502.0,2502.0,2502.0,2502.0,2502.0,2502.0,2502.0,2502.0,2502.0,2502.0,2502.0,2502.0,2502.0,2502.0,2502.0,2502.0,2502.0,2502.0,2502.0,2502.0,2502.0,2531.0,2502.0,2502.0,2502.0,2502.0,2502.0,2540.0,2502.0,2502.0,2502.0,2540.0,2502.0,2502.0,2502.0,2502.0,2502.0,2502.0,2531.0,2531.0,2502.0,2502.0,2502.0,2502.0,2502.0,2502.0,2531.0,2502.0,2404.0,2502.0,2502.0,2502.0,2502.0,2502.0,2502.0,2516.0,2502.0,2502.0,2502.0,2502.0,2502.0,2438.0,2502.0,2502.0,2502.0,2502.0,2502.0,2502.0,2502.0,2502.0,2502.0,2502.0,2502.0,2502.0,2502.0,2502.0,2502.0,2502.0,2502.0,2502.0,2502.0,2476.0,2502.0,2502.0,2502.0,2502.0,2531.0,2502.0,2502.0,2502.0,2502.0,2502.0,2502.0,2502.0,2502.0,2502.0,2502.0,2502.0,2502.0,2502.0,2502.0,2502.0,2502.0,2502.0,2502.0,2502.0,2502.0,2502.0,2502.0,2531.0,2502.0,2502.0,2502.0,2502.0,2502.0,2502.0,2502.0,8245.0,8251.0,8245.0,8234.0,8245.0,8245.0,8219.0,8263.0,8245.0,8245.0,8306.0,8286.0,8245.0,8328.0,8480.0,8264.0,8245.0,8245.0,8245.0,8245.0,8245.0,8245.0,8245.0,8245.0,8245.0,8245.0,8245.0,8245.0,8245.0,8245.0,8245.0,8245.0,8245.0,8245.0,8245.0,8245.0,8240.0,8245.0,8245.0,8245.0,8245.0,8245.0,8245.0,8245.0,8245.0,8245.0,8245.0,8245.0,8245.0,8245.0,8245.0,8245.0,8245.0,8245.0,8286.0,8245.0,8245.0,8245.0,8245.0,8245.0,8245.0,8245.0,8245.0,8245.0,8245.0,8245.0,8245.0,8245.0,8286.0,8245.0,8245.0,8245.0,8245.0,8245.0,8245.0,8245.0,8245.0,8245.0,8245.0,8245.0,8245.0,8245.0,8245.0,8245.0,8245.0,8245.0,8245.0,8245.0,8245.0,8245.0,8245.0,8245.0,8274.0,8242.0,8245.0,8334.0,8245.0,8245.0,8245.0,8245.0,8245.0,8245.0,8245.0,8334.0,8245.0,8245.0,8245.0,8245.0,8245.0,8263.0,8263.0,8334.0,8245.0,8245.0,8245.0,8226.0,8245.0,8265.0,8245.0,8245.0,8245.0,8245.0,8245.0,8245.0,8251.0,8245.0,8245.0,8245.0,8245.0,8245.0,8156.0,8245.0,8245.0,8245.0,8245.0,8245.0,8245.0,8245.0,8245.0,8245.0,8245.0,8245.0,8245.0,8245.0,8245.0,8245.0,8245.0,8245.0,8245.0,8245.0,8245.0,8334.0,8257.0,8245.0,8245.0,8245.0,8245.0,8245.0,8245.0,8245.0,8245.0,8245.0,8245.0,8274.0,8263.0,8263.0,8245.0,8251.0,8245.0,8251.0,8245.0,8245.0,8245.0,8394.0,8334.0,8245.0,8245.0,8245.0,8244.0,8245.0,8245.0,8245.0,8334.0,8245.0,8245.0,8245.0,8245.0,8245.0,8245.0,8245.0,8245.0,8245.0,8245.0,8245.0,8245.0,8245.0,8245.0,8245.0,8245.0,8200.0,8245.0,8245.0,8245.0,8245.0,8200.0,8245.0,8245.0,8245.0,8245.0,8158.0,8245.0,8245.0,8245.0,8245.0,8245.0,8245.0,8156.0,8245.0,8245.0,8263.0,8263.0,8334.0,8245.0,8245.0,8473.0,8245.0,8263.0,8245.0,8334.0,8245.0,8245.0,8245.0,8245.0,8263.0,8245.0,8245.0,8245.0,8245.0,8245.0,8245.0,8245.0,8245.0,8245.0,8245.0,8245.0,8245.0,8245.0,8245.0,8245.0,8334.0,8245.0,8264.0,8245.0,8263.0,8245.0,8245.0,8245.0,8263.0,8334.0,8245.0,8245.0,8334.0,8245.0,8245.0,8245.0,8245.0,8245.0,8245.0,8245.0,8245.0,8245.0,8245.0,8245.0,8245.0,8245.0,8245.0,8245.0,8245.0,8245.0,8245.0,8245.0,8245.0,8245.0,8334.0,8245.0,8245.0,8263.0,8245.0,8245.0,8245.0,8334.0,8245.0,8334.0,8245.0,8334.0,8263.0,8245.0,8245.0,8245.0,8245.0,8245.0,8245.0,8263.0,8245.0,8263.0,8245.0,8245.0,8245.0,8334.0,8245.0,8245.0,8245.0,8245.0,8245.0,8245.0,8245.0,8245.0,8245.0,8245.0,8245.0,8245.0,8245.0,8245.0,8245.0,8245.0,8245.0,8245.0,8245.0,8334.0,8245.0,8334.0,8334.0,8245.0,8245.0,8245.0,8245.0,8245.0,8245.0,8264.0,8245.0,8245.0,8245.0,8245.0,8245.0,8245.0,8245.0,8245.0,8245.0,8245.0,8245.0,8245.0,8245.0,8245.0,8245.0,8334.0,8245.0,8274.0,8245.0,8245.0,8245.0,8334.0,8245.0,8245.0,8334.0,8245.0,8245.0,8245.0,8245.0,8245.0,8245.0,8245.0,8245.0,8334.0,8245.0,8245.0,8245.0,8334.0,8245.0,8245.0,8245.0,8245.0,8245.0,8245.0,8245.0,8245.0,8245.0,8245.0,8245.0,8334.0,8245.0,8334.0,8216.0,8245.0,8245.0,8245.0,8264.0,8245.0,8245.0,8334.0,8245.0,8334.0,8245.0,8245.0,8334.0,8334.0,8334.0,8245.0,8245.0,8264.0,8305.0,8245.0,8245.0,8334.0,8334.0,8264.0,8264.0,8334.0,8245.0,8334.0,8334.0,8334.0,8334.0,8346.0,8245.0,8334.0,8334.0,8264.0,8334.0,8334.0,8245.0,8334.0,8245.0,8334.0,8334.0,8334.0,8264.0,8334.0,8264.0,8334.0,8334.0,8264.0,8264.0,8264.0,8264.0,8264.0,8334.0,8334.0,8221.0,8264.0,8270.0,8264.0,8264.0,8264.0,8264.0,8245.0,8264.0,8264.0,8264.0,8264.0,8264.0,8264.0,8193.0,8264.0,8348.0,8264.0,8348.0,8264.0,8264.0,8346.0,8264.0,8245.0,8245.0,128.0,173.0,489.0,250.0,99.0,231.0,231.0,231.0,231.0,231.0,231.0,231.0,231.0,231.0,231.0,231.0,231.0,231.0,231.0,231.0,231.0,231.0,231.0,231.0,231.0,231.0,231.0,231.0,231.0,231.0,231.0,231.0,231.0,231.0,231.0,231.0,231.0,231.0,231.0,231.0,231.0,260.0,231.0,231.0,231.0,320.0,231.0,231.0,320.0,231.0,231.0,260.0,231.0,231.0,260.0,287.0,257.0,303.0,257.0,250.0,257.0,257.0,250.0,231.0,277.0,250.0,250.0,231.0,231.0,250.0,231.0,231.0,231.0,231.0,231.0,231.0,231.0,231.0,231.0,231.0,231.0,257.0,250.0,231.0,231.0,231.0,231.0,231.0,231.0,231.0,231.0,231.0,231.0,231.0,231.0,277.0,231.0,231.0,231.0,231.0,231.0,231.0,231.0,231.0,231.0,231.0,231.0,231.0,231.0,231.0,231.0,231.0,231.0,231.0,231.0,231.0,231.0,231.0,231.0,231.0,231.0,231.0,231.0,231.0,231.0,231.0,231.0,231.0,231.0,231.0,231.0,231.0,231.0,231.0,231.0,231.0,208.0,231.0,231.0,231.0,231.0,250.0,231.0,231.0,231.0,231.0,231.0,231.0,252.0,231.0,250.0,231.0,231.0,231.0,231.0,231.0,231.0,231.0,231.0,231.0,231.0,231.0,250.0,231.0,231.0,231.0,231.0,231.0,250.0,231.0,231.0,250.0,250.0,231.0,231.0,231.0,250.0,231.0,231.0,231.0,231.0,231.0,231.0,231.0,231.0,231.0,231.0,231.0,231.0,231.0,231.0,277.0,231.0,231.0,231.0,231.0,231.0,231.0,231.0,231.0,277.0,231.0,231.0,321.0,231.0,231.0,231.0,231.0,287.0,231.0,231.0,231.0,231.0,231.0,231.0,231.0,231.0,231.0,231.0,173.0,231.0,231.0,231.0,231.0,250.0,231.0,231.0,279.0,231.0,231.0,231.0,231.0,231.0,231.0,231.0,231.0,231.0,231.0,231.0,231.0,231.0,231.0,231.0,231.0,231.0,254.0,231.0,231.0,231.0,287.0,231.0,231.0,231.0,231.0,231.0,231.0,231.0,231.0,231.0,231.0,231.0,250.0,231.0,231.0,231.0,231.0,231.0,231.0,231.0,231.0,231.0,241.0,231.0,231.0,231.0,287.0,231.0,231.0,231.0,231.0,231.0,231.0,231.0,231.0,231.0,231.0,231.0,295.0,231.0,231.0,231.0,287.0,231.0,231.0,231.0,209.0,231.0,287.0,231.0,231.0,231.0,231.0,231.0,231.0,231.0,231.0,231.0,231.0,231.0,231.0,231.0,231.0,260.0,231.0,231.0,231.0,287.0,231.0,231.0,231.0,231.0,231.0,231.0,231.0,231.0,231.0,231.0,277.0,231.0,287.0,231.0,231.0,231.0,231.0,231.0,231.0,287.0,231.0,231.0,231.0,231.0,287.0,231.0,257.0,295.0,250.0,231.0,250.0,250.0,250.0,250.0,250.0,250.0,250.0,250.0,250.0,250.0,250.0,250.0,250.0,231.0,250.0,296.0,221.0,250.0,231.0,250.0,250.0,250.0,250.0,250.0,250.0,250.0,250.0,250.0,250.0,250.0,250.0,314.0,250.0,250.0,250.0,250.0
hDenV4/Colombia/un-OUCRU-401211/2013,3080.0,3058.0,3058.0,3058.0,3058.0,3058.0,3058.0,3079.0,3058.0,3127.0,3111.0,3193.0,3080.0,3044.0,3046.0,3046.0,3046.0,3084.0,3046.0,3084.0,3084.0,3050.0,3050.0,3050.0,3050.0,3070.0,3070.0,3084.0,3058.0,3084.0,3050.0,3058.0,3050.0,3084.0,3104.0,3070.0,3050.0,3055.0,3050.0,3050.0,3050.0,3050.0,3050.0,3084.0,3050.0,3050.0,3036.0,3084.0,3058.0,3058.0,3058.0,3058.0,3094.0,3094.0,3094.0,3142.0,3050.0,3058.0,3116.0,3050.0,3058.0,3050.0,3050.0,3050.0,3058.0,3058.0,3084.0,3050.0,3058.0,3084.0,3084.0,3050.0,3050.0,3084.0,3050.0,3050.0,3058.0,3058.0,3058.0,3058.0,3063.0,3058.0,3058.0,3058.0,3058.0,3063.0,3058.0,3036.0,3084.0,3058.0,3058.0,3058.0,3058.0,3058.0,3050.0,3058.0,3050.0,3050.0,3050.0,3058.0,3050.0,3058.0,3058.0,3050.0,3058.0,3058.0,3058.0,3050.0,3050.0,3058.0,3050.0,3044.0,3058.0,3058.0,3046.0,3058.0,3058.0,3058.0,3058.0,3058.0,3058.0,3050.0,3058.0,3084.0,3058.0,3058.0,3058.0,3058.0,2994.0,3058.0,3058.0,3058.0,3044.0,3058.0,3058.0,3058.0,3058.0,3116.0,3058.0,3058.0,3058.0,3058.0,3116.0,3044.0,3058.0,3050.0,3058.0,3044.0,3058.0,3058.0,3058.0,3058.0,3050.0,3058.0,3058.0,3058.0,3058.0,3050.0,3058.0,3058.0,3058.0,3058.0,3058.0,3058.0,3043.0,3058.0,3058.0,3058.0,3095.0,3058.0,3058.0,3058.0,3058.0,3058.0,3058.0,3058.0,3058.0,3058.0,3037.0,3058.0,3058.0,3058.0,3031.0,3058.0,3058.0,3165.0,3058.0,3058.0,3045.0,3058.0,3098.0,3058.0,3058.0,3058.0,3058.0,3058.0,3058.0,3039.0,3058.0,3058.0,3058.0,3058.0,3046.0,3116.0,3058.0,3058.0,3058.0,3058.0,3058.0,3058.0,3058.0,3058.0,3058.0,3058.0,3165.0,3058.0,3058.0,3058.0,3058.0,3058.0,3050.0,3058.0,3127.0,3058.0,3058.0,3058.0,3058.0,3058.0,3058.0,3058.0,3050.0,3058.0,3050.0,3050.0,3058.0,3050.0,3058.0,3058.0,3058.0,3058.0,3116.0,3058.0,3058.0,3050.0,3050.0,3050.0,3058.0,3058.0,3050.0,3058.0,3116.0,3058.0,3058.0,3050.0,3058.0,3058.0,3058.0,3058.0,3058.0,3058.0,3058.0,3058.0,3058.0,3058.0,3058.0,3122.0,3058.0,3058.0,3058.0,3058.0,3058.0,3058.0,3058.0,3058.0,3079.0,3058.0,3058.0,3058.0,3058.0,3058.0,3058.0,3058.0,3058.0,3044.0,3134.0,3050.0,3058.0,3058.0,3058.0,3058.0,3058.0,3058.0,3058.0,3068.0,3058.0,3058.0,3058.0,3058.0,3058.0,3044.0,3058.0,3058.0,3058.0,3058.0,3079.0,3058.0,3058.0,3058.0,3058.0,3044.0,3058.0,3058.0,3058.0,3044.0,3058.0,3058.0,3058.0,3058.0,3058.0,3058.0,3058.0,3058.0,3058.0,3058.0,3058.0,3058.0,3058.0,3058.0,3058.0,3058.0,3058.0,3058.0,3146.0,3058.0,3058.0,3058.0,3058.0,3058.0,3116.0,3058.0,3022.0,3058.0,3058.0,3079.0,3058.0,3058.0,3006.0,3040.0,3058.0,3058.0,3058.0,3046.0,3058.0,3058.0,3058.0,3043.0,3116.0,3058.0,3045.0,3058.0,3058.0,3058.0,3058.0,3058.0,3058.0,3058.0,3058.0,3058.0,3116.0,3058.0,3058.0,3058.0,3058.0,3058.0,3058.0,3058.0,3116.0,3058.0,2969.0,3058.0,3058.0,3058.0,3058.0,3058.0,3058.0,3082.0,3058.0,3058.0,3058.0,3046.0,3058.0,3058.0,3058.0,3058.0,3058.0,3058.0,3058.0,3058.0,3058.0,3058.0,3058.0,3058.0,3058.0,3116.0,3058.0,3058.0,3058.0,3058.0,3058.0,3058.0,3058.0,3116.0,3085.0,3058.0,3116.0,3058.0,3058.0,3058.0,3058.0,3058.0,3058.0,3058.0,3058.0,3058.0,3121.0,3058.0,3058.0,3121.0,3046.0,3130.0,3058.0,3046.0,3058.0,3040.0,3058.0,3116.0,3058.0,3058.0,3058.0,3096.0,3058.0,3058.0,3058.0,3022.0,3058.0,3180.0,3058.0,3058.0,3058.0,3121.0,3046.0,3058.0,3058.0,3090.0,3058.0,3116.0,3058.0,3058.0,3046.0,3050.0,3058.0,3058.0,3058.0,3058.0,3058.0,3058.0,3058.0,3058.0,3058.0,2994.0,3058.0,3058.0,3044.0,3058.0,3116.0,3058.0,3058.0,3058.0,3058.0,3058.0,3058.0,3058.0,3058.0,3040.0,3058.0,3116.0,3058.0,3116.0,3058.0,3058.0,3085.0,3058.0,3058.0,3046.0,3058.0,3058.0,3058.0,3058.0,3116.0,3058.0,3058.0,3058.0,3058.0,3046.0,3116.0,3058.0,3116.0,3058.0,3058.0,3116.0,3058.0,3058.0,3058.0,3044.0,3058.0,3058.0,3058.0,3058.0,3058.0,3058.0,3090.0,3046.0,3058.0,3058.0,2994.0,2994.0,2994.0,3116.0,3078.0,3058.0,3058.0,3058.0,3139.0,3058.0,3058.0,2994.0,3090.0,3058.0,3068.0,3058.0,2994.0,3116.0,3046.0,3058.0,3058.0,3058.0,2994.0,3058.0,3058.0,3058.0,3046.0,3088.0,2994.0,3058.0,3058.0,2994.0,2994.0,2994.0,3058.0,3090.0,3058.0,3058.0,3058.0,2994.0,3058.0,2994.0,3058.0,3058.0,3058.0,2994.0,3058.0,3116.0,3058.0,3046.0,3058.0,2994.0,3058.0,2994.0,3058.0,3131.0,2994.0,3116.0,3058.0,3058.0,3058.0,3058.0,3058.0,3116.0,3116.0,3058.0,3058.0,3058.0,3058.0,3058.0,2994.0,3052.0,2994.0,3058.0,3058.0,3058.0,2994.0,2994.0,3058.0,3058.0,3058.0,3096.0,3116.0,3058.0,3058.0,3058.0,3090.0,3058.0,3058.0,3058.0,3058.0,3058.0,3058.0,3058.0,3058.0,3058.0,3058.0,3058.0,3058.0,3090.0,3090.0,3058.0,3058.0,3080.0,3058.0,3058.0,3058.0,3058.0,3058.0,3058.0,3058.0,3058.0,3058.0,3058.0,3058.0,3139.0,3058.0,3058.0,3067.0,2959.0,3058.0,3058.0,3058.0,3058.0,3058.0,3058.0,3079.0,3058.0,3058.0,3058.0,3058.0,3096.0,3058.0,3058.0,3087.0,3058.0,3058.0,3058.0,3058.0,3058.0,3058.0,2994.0,3117.0,3058.0,3058.0,3046.0,3058.0,3058.0,3139.0,3139.0,3058.0,3116.0,2994.0,2994.0,2994.0,3058.0,3058.0,3135.0,3018.0,2429.0,2502.0,2502.0,2534.0,2470.0,2449.0,2497.0,2420.0,2502.0,2502.0,2502.0,2502.0,2502.0,2548.0,2502.0,2502.0,2502.0,2548.0,2473.0,2502.0,2502.0,2502.0,2473.0,2502.0,2473.0,2540.0,2502.0,2531.0,2502.0,2473.0,2473.0,2502.0,2502.0,2502.0,2502.0,2502.0,2502.0,2502.0,2502.0,2502.0,2473.0,2473.0,2502.0,2502.0,2502.0,2502.0,2473.0,2502.0,2502.0,2502.0,2502.0,2473.0,2502.0,2502.0,2502.0,2502.0,2502.0,2502.0,2502.0,2473.0,2502.0,2502.0,2513.0,2502.0,2502.0,2502.0,2444.0,2473.0,2502.0,2502.0,2473.0,2502.0,2502.0,2502.0,2502.0,2502.0,2502.0,2473.0,2473.0,2502.0,2566.0,2502.0,2502.0,2473.0,2502.0,2502.0,2502.0,2502.0,2502.0,2502.0,2502.0,2473.0,2502.0,2502.0,2473.0,2502.0,2502.0,2502.0,2502.0,2502.0,2473.0,2473.0,2502.0,2502.0,2502.0,2502.0,2502.0,2502.0,2473.0,2502.0,2502.0,2502.0,2502.0,2502.0,2502.0,2502.0,2502.0,2473.0,2502.0,2502.0,2502.0,2502.0,2502.0,2502.0,2502.0,2502.0,2502.0,2596.0,2502.0,2473.0,2502.0,2502.0,2502.0,2502.0,2502.0,2502.0,2502.0,2502.0,2502.0,2502.0,2502.0,2502.0,2502.0,2502.0,2502.0,2502.0,2502.0,2502.0,2502.0,2502.0,2502.0,2502.0,2502.0,2502.0,2504.0,2502.0,2502.0,2502.0,2502.0,2502.0,2502.0,2502.0,2502.0,2502.0,2502.0,2502.0,2502.0,2502.0,2502.0,2502.0,2502.0,2502.0,2502.0,2502.0,2502.0,2502.0,2502.0,2502.0,2502.0,2502.0,2502.0,2502.0,2502.0,2502.0,2502.0,2502.0,2502.0,2502.0,2502.0,2502.0,2502.0,2502.0,2502.0,2502.0,2502.0,2502.0,2502.0,2502.0,2502.0,2502.0,2502.0,2502.0,2502.0,2502.0,2548.0,2502.0,2502.0,2502.0,2502.0,2502.0,2502.0,2502.0,2502.0,2502.0,2502.0,2502.0,2502.0,2502.0,2502.0,2502.0,2502.0,2502.0,2502.0,2502.0,2502.0,2502.0,2502.0,2502.0,2502.0,2502.0,2502.0,2502.0,2502.0,2502.0,2502.0,2502.0,2502.0,2502.0,2502.0,2502.0,2502.0,2502.0,2502.0,2502.0,2502.0,2502.0,2548.0,2502.0,2502.0,2502.0,2502.0,2502.0,2502.0,2502.0,2502.0,2502.0,2502.0,2502.0,2502.0,2502.0,2502.0,2502.0,2502.0,2502.0,2502.0,2502.0,2502.0,2502.0,2502.0,2502.0,2502.0,2502.0,2571.0,2502.0,2502.0,2502.0,2502.0,2502.0,2502.0,2502.0,2502.0,2502.0,2502.0,2502.0,2547.0,2502.0,2502.0,2476.0,2502.0,2502.0,2502.0,2502.0,2502.0,2502.0,2502.0,2502.0,2522.0,2502.0,2555.0,2502.0,2502.0,2502.0,2502.0,2502.0,2502.0,2502.0,2502.0,2502.0,2502.0,2502.0,2502.0,2548.0,2502.0,2502.0,2502.0,2548.0,2502.0,2502.0,2502.0,2502.0,2502.0,2548.0,2502.0,2502.0,2502.0,2502.0,2502.0,2502.0,2502.0,2502.0,2502.0,2502.0,2502.0,2502.0,2502.0,2502.0,2502.0,2502.0,2502.0,2502.0,2502.0,2502.0,2502.0,2502.0,2502.0,2502.0,2502.0,2502.0,2531.0,2502.0,2502.0,2502.0,2502.0,2502.0,2540.0,2502.0,2502.0,2502.0,2540.0,2502.0,2502.0,2502.0,2502.0,2502.0,2502.0,2531.0,2531.0,2502.0,2502.0,2502.0,2502.0,2502.0,2502.0,2531.0,2502.0,2404.0,2502.0,2502.0,2502.0,2502.0,2502.0,2502.0,2516.0,2502.0,2502.0,2502.0,2502.0,2502.0,2438.0,2502.0,2502.0,2502.0,2502.0,2502.0,2502.0,2502.0,2502.0,2502.0,2502.0,2502.0,2502.0,2502.0,2502.0,2502.0,2502.0,2502.0,2502.0,2502.0,2476.0,2502.0,2502.0,2502.0,2502.0,2531.0,2502.0,2502.0,2502.0,2502.0,2502.0,2502.0,2502.0,2502.0,2502.0,2502.0,2502.0,2502.0,2502.0,2502.0,2502.0,2502.0,2502.0,2502.0,2502.0,2502.0,2502.0,2502.0,2531.0,2502.0,2502.0,2502.0,2502.0,2502.0,2502.0,2502.0,8245.0,8251.0,8245.0,8234.0,8245.0,8245.0,8219.0,8263.0,8245.0,8245.0,8306.0,8286.0,8245.0,8328.0,8480.0,8264.0,8245.0,8245.0,8245.0,8245.0,8245.0,8245.0,8245.0,8245.0,8245.0,8245.0,8245.0,8245.0,8245.0,8245.0,8245.0,8245.0,8245.0,8245.0,8245.0,8245.0,8240.0,8245.0,8245.0,8245.0,8245.0,8245.0,8245.0,8245.0,8245.0,8245.0,8245.0,8245.0,8245.0,8245.0,8245.0,8245.0,8245.0,8245.0,8286.0,8245.0,8245.0,8245.0,8245.0,8245.0,8245.0,8245.0,8245.0,8245.0,8245.0,8245.0,8245.0,8245.0,8286.0,8245.0,8245.0,8245.0,8245.0,8245.0,8245.0,8245.0,8245.0,8245.0,8245.0,8245.0,8245.0,8245.0,8245.0,8245.0,8245.0,8245.0,8245.0,8245.0,8245.0,8245.0,8245.0,8245.0,8274.0,8242.0,8245.0,8334.0,8245.0,8245.0,8245.0,8245.0,8245.0,8245.0,8245.0,8334.0,8245.0,8245.0,8245.0,8245.0,8245.0,8263.0,8263.0,8334.0,8245.0,8245.0,8245.0,8226.0,8245.0,8265.0,8245.0,8245.0,8245.0,8245.0,8245.0,8245.0,8251.0,8245.0,8245.0,8245.0,8245.0,8245.0,8156.0,8245.0,8245.0,8245.0,8245.0,8245.0,8245.0,8245.0,8245.0,8245.0,8245.0,8245.0,8245.0,8245.0,8245.0,8245.0,8245.0,8245.0,8245.0,8245.0,8245.0,8334.0,8257.0,8245.0,8245.0,8245.0,8245.0,8245.0,8245.0,8245.0,8245.0,8245.0,8245.0,8274.0,8263.0,8263.0,8245.0,8251.0,8245.0,8251.0,8245.0,8245.0,8245.0,8394.0,8334.0,8245.0,8245.0,8245.0,8244.0,8245.0,8245.0,8245.0,8334.0,8245.0,8245.0,8245.0,8245.0,8245.0,8245.0,8245.0,8245.0,8245.0,8245.0,8245.0,8245.0,8245.0,8245.0,8245.0,8245.0,8200.0,8245.0,8245.0,8245.0,8245.0,8200.0,8245.0,8245.0,8245.0,8245.0,8158.0,8245.0,8245.0,8245.0,8245.0,8245.0,8245.0,8156.0,8245.0,8245.0,8263.0,8263.0,8334.0,8245.0,8245.0,8473.0,8245.0,8263.0,8245.0,8334.0,8245.0,8245.0,8245.0,8245.0,8263.0,8245.0,8245.0,8245.0,8245.0,8245.0,8245.0,8245.0,8245.0,8245.0,8245.0,8245.0,8245.0,8245.0,8245.0,8245.0,8334.0,8245.0,8264.0,8245.0,8263.0,8245.0,8245.0,8245.0,8263.0,8334.0,8245.0,8245.0,8334.0,8245.0,8245.0,8245.0,8245.0,8245.0,8245.0,8245.0,8245.0,8245.0,8245.0,8245.0,8245.0,8245.0,8245.0,8245.0,8245.0,8245.0,8245.0,8245.0,8245.0,8245.0,8334.0,8245.0,8245.0,8263.0,8245.0,8245.0,8245.0,8334.0,8245.0,8334.0,8245.0,8334.0,8263.0,8245.0,8245.0,8245.0,8245.0,8245.0,8245.0,8263.0,8245.0,8263.0,8245.0,8245.0,8245.0,8334.0,8245.0,8245.0,8245.0,8245.0,8245.0,8245.0,8245.0,8245.0,8245.0,8245.0,8245.0,8245.0,8245.0,8245.0,8245.0,8245.0,8245.0,8245.0,8245.0,8334.0,8245.0,8334.0,8334.0,8245.0,8245.0,8245.0,8245.0,8245.0,8245.0,8264.0,8245.0,8245.0,8245.0,8245.0,8245.0,8245.0,8245.0,8245.0,8245.0,8245.0,8245.0,8245.0,8245.0,8245.0,8245.0,8334.0,8245.0,8274.0,8245.0,8245.0,8245.0,8334.0,8245.0,8245.0,8334.0,8245.0,8245.0,8245.0,8245.0,8245.0,8245.0,8245.0,8245.0,8334.0,8245.0,8245.0,8245.0,8334.0,8245.0,8245.0,8245.0,8245.0,8245.0,8245.0,8245.0,8245.0,8245.0,8245.0,8245.0,8334.0,8245.0,8334.0,8216.0,8245.0,8245.0,8245.0,8264.0,8245.0,8245.0,8334.0,8245.0,8334.0,8245.0,8245.0,8334.0,8334.0,8334.0,8245.0,8245.0,8264.0,8305.0,8245.0,8245.0,8334.0,8334.0,8264.0,8264.0,8334.0,8245.0,8334.0,8334.0,8334.0,8334.0,8346.0,8245.0,8334.0,8334.0,8264.0,8334.0,8334.0,8245.0,8334.0,8245.0,8334.0,8334.0,8334.0,8264.0,8334.0,8264.0,8334.0,8334.0,8264.0,8264.0,8264.0,8264.0,8264.0,8334.0,8334.0,8221.0,8264.0,8270.0,8264.0,8264.0,8264.0,8264.0,8245.0,8264.0,8264.0,8264.0,8264.0,8264.0,8264.0,8193.0,8264.0,8348.0,8264.0,8348.0,8264.0,8264.0,8346.0,8264.0,8245.0,8245.0,128.0,173.0,489.0,250.0,99.0,231.0,231.0,231.0,231.0,231.0,231.0,231.0,231.0,231.0,231.0,231.0,231.0,231.0,231.0,231.0,231.0,231.0,231.0,231.0,231.0,231.0,231.0,231.0,231.0,231.0,231.0,231.0,231.0,231.0,231.0,231.0,231.0,231.0,231.0,231.0,231.0,260.0,231.0,231.0,231.0,320.0,231.0,231.0,320.0,231.0,231.0,260.0,231.0,231.0,260.0,287.0,257.0,303.0,257.0,250.0,257.0,257.0,250.0,231.0,277.0,250.0,250.0,231.0,231.0,250.0,231.0,231.0,231.0,231.0,231.0,231.0,231.0,231.0,231.0,231.0,231.0,257.0,250.0,231.0,231.0,231.0,231.0,231.0,231.0,231.0,231.0,231.0,231.0,231.0,231.0,277.0,231.0,231.0,231.0,231.0,231.0,231.0,231.0,231.0,231.0,231.0,231.0,231.0,231.0,231.0,231.0,231.0,231.0,231.0,231.0,231.0,231.0,231.0,231.0,231.0,231.0,231.0,231.0,231.0,231.0,231.0,231.0,231.0,231.0,231.0,231.0,231.0,231.0,231.0,231.0,231.0,208.0,231.0,231.0,231.0,231.0,250.0,231.0,231.0,231.0,231.0,231.0,231.0,252.0,231.0,250.0,231.0,231.0,231.0,231.0,231.0,231.0,231.0,231.0,231.0,231.0,231.0,250.0,231.0,231.0,231.0,231.0,231.0,250.0,231.0,231.0,250.0,250.0,231.0,231.0,231.0,250.0,231.0,231.0,231.0,231.0,231.0,231.0,231.0,231.0,231.0,231.0,231.0,231.0,231.0,231.0,277.0,231.0,231.0,231.0,231.0,231.0,231.0,231.0,231.0,277.0,231.0,231.0,321.0,231.0,231.0,231.0,231.0,287.0,231.0,231.0,231.0,231.0,231.0,231.0,231.0,231.0,231.0,231.0,173.0,231.0,231.0,231.0,231.0,250.0,231.0,231.0,279.0,231.0,231.0,231.0,231.0,231.0,231.0,231.0,231.0,231.0,231.0,231.0,231.0,231.0,231.0,231.0,231.0,231.0,254.0,231.0,231.0,231.0,287.0,231.0,231.0,231.0,231.0,231.0,231.0,231.0,231.0,231.0,231.0,231.0,250.0,231.0,231.0,231.0,231.0,231.0,231.0,231.0,231.0,231.0,241.0,231.0,231.0,231.0,287.0,231.0,231.0,231.0,231.0,231.0,231.0,231.0,231.0,231.0,231.0,231.0,295.0,231.0,231.0,231.0,287.0,231.0,231.0,231.0,209.0,231.0,287.0,231.0,231.0,231.0,231.0,231.0,231.0,231.0,231.0,231.0,231.0,231.0,231.0,231.0,231.0,260.0,231.0,231.0,231.0,287.0,231.0,231.0,231.0,231.0,231.0,231.0,231.0,231.0,231.0,231.0,277.0,231.0,287.0,231.0,231.0,231.0,231.0,231.0,231.0,287.0,231.0,231.0,231.0,231.0,287.0,231.0,257.0,295.0,250.0,231.0,250.0,250.0,250.0,250.0,250.0,250.0,250.0,250.0,250.0,250.0,250.0,250.0,250.0,231.0,250.0,296.0,221.0,250.0,231.0,250.0,250.0,250.0,250.0,250.0,250.0,250.0,250.0,250.0,250.0,250.0,250.0,314.0,250.0,250.0,250.0,250.0
hDenV4/Colombia/un-OUCRU-401213/2013,3080.0,3058.0,3058.0,3058.0,3058.0,3058.0,3058.0,3079.0,3058.0,3127.0,3111.0,3193.0,3080.0,3044.0,3046.0,3046.0,3046.0,3084.0,3046.0,3084.0,3084.0,3050.0,3050.0,3050.0,3050.0,3070.0,3070.0,3084.0,3058.0,3084.0,3050.0,3058.0,3050.0,3084.0,3104.0,3070.0,3050.0,3055.0,3050.0,3050.0,3050.0,3050.0,3050.0,3084.0,3050.0,3050.0,3036.0,3084.0,3058.0,3058.0,3058.0,3058.0,3094.0,3094.0,3094.0,3142.0,3050.0,3058.0,3116.0,3050.0,3058.0,3050.0,3050.0,3050.0,3058.0,3058.0,3084.0,3050.0,3058.0,3084.0,3084.0,3050.0,3050.0,3084.0,3050.0,3050.0,3058.0,3058.0,3058.0,3058.0,3063.0,3058.0,3058.0,3058.0,3058.0,3063.0,3058.0,3036.0,3084.0,3058.0,3058.0,3058.0,3058.0,3058.0,3050.0,3058.0,3050.0,3050.0,3050.0,3058.0,3050.0,3058.0,3058.0,3050.0,3058.0,3058.0,3058.0,3050.0,3050.0,3058.0,3050.0,3044.0,3058.0,3058.0,3046.0,3058.0,3058.0,3058.0,3058.0,3058.0,3058.0,3050.0,3058.0,3084.0,3058.0,3058.0,3058.0,3058.0,2994.0,3058.0,3058.0,3058.0,3044.0,3058.0,3058.0,3058.0,3058.0,3116.0,3058.0,3058.0,3058.0,3058.0,3116.0,3044.0,3058.0,3050.0,3058.0,3044.0,3058.0,3058.0,3058.0,3058.0,3050.0,3058.0,3058.0,3058.0,3058.0,3050.0,3058.0,3058.0,3058.0,3058.0,3058.0,3058.0,3043.0,3058.0,3058.0,3058.0,3095.0,3058.0,3058.0,3058.0,3058.0,3058.0,3058.0,3058.0,3058.0,3058.0,3037.0,3058.0,3058.0,3058.0,3031.0,3058.0,3058.0,3165.0,3058.0,3058.0,3045.0,3058.0,3098.0,3058.0,3058.0,3058.0,3058.0,3058.0,3058.0,3039.0,3058.0,3058.0,3058.0,3058.0,3046.0,3116.0,3058.0,3058.0,3058.0,3058.0,3058.0,3058.0,3058.0,3058.0,3058.0,3058.0,3165.0,3058.0,3058.0,3058.0,3058.0,3058.0,3050.0,3058.0,3127.0,3058.0,3058.0,3058.0,3058.0,3058.0,3058.0,3058.0,3050.0,3058.0,3050.0,3050.0,3058.0,3050.0,3058.0,3058.0,3058.0,3058.0,3116.0,3058.0,3058.0,3050.0,3050.0,3050.0,3058.0,3058.0,3050.0,3058.0,3116.0,3058.0,3058.0,3050.0,3058.0,3058.0,3058.0,3058.0,3058.0,3058.0,3058.0,3058.0,3058.0,3058.0,3058.0,3122.0,3058.0,3058.0,3058.0,3058.0,3058.0,3058.0,3058.0,3058.0,3079.0,3058.0,3058.0,3058.0,3058.0,3058.0,3058.0,3058.0,3058.0,3044.0,3134.0,3050.0,3058.0,3058.0,3058.0,3058.0,3058.0,3058.0,3058.0,3068.0,3058.0,3058.0,3058.0,3058.0,3058.0,3044.0,3058.0,3058.0,3058.0,3058.0,3079.0,3058.0,3058.0,3058.0,3058.0,3044.0,3058.0,3058.0,3058.0,3044.0,3058.0,3058.0,3058.0,3058.0,3058.0,3058.0,3058.0,3058.0,3058.0,3058.0,3058.0,3058.0,3058.0,3058.0,3058.0,3058.0,3058.0,3058.0,3146.0,3058.0,3058.0,3058.0,3058.0,3058.0,3116.0,3058.0,3022.0,3058.0,3058.0,3079.0,3058.0,3058.0,3006.0,3040.0,3058.0,3058.0,3058.0,3046.0,3058.0,3058.0,3058.0,3043.0,3116.0,3058.0,3045.0,3058.0,3058.0,3058.0,3058.0,3058.0,3058.0,3058.0,3058.0,3058.0,3116.0,3058.0,3058.0,3058.0,3058.0,3058.0,3058.0,3058.0,3116.0,3058.0,2969.0,3058.0,3058.0,3058.0,3058.0,3058.0,3058.0,3082.0,3058.0,3058.0,3058.0,3046.0,3058.0,3058.0,3058.0,3058.0,3058.0,3058.0,3058.0,3058.0,3058.0,3058.0,3058.0,3058.0,3058.0,3116.0,3058.0,3058.0,3058.0,3058.0,3058.0,3058.0,3058.0,3116.0,3085.0,3058.0,3116.0,3058.0,3058.0,3058.0,3058.0,3058.0,3058.0,3058.0,3058.0,3058.0,3121.0,3058.0,3058.0,3121.0,3046.0,3130.0,3058.0,3046.0,3058.0,3040.0,3058.0,3116.0,3058.0,3058.0,3058.0,3096.0,3058.0,3058.0,3058.0,3022.0,3058.0,3180.0,3058.0,3058.0,3058.0,3121.0,3046.0,3058.0,3058.0,3090.0,3058.0,3116.0,3058.0,3058.0,3046.0,3050.0,3058.0,3058.0,3058.0,3058.0,3058.0,3058.0,3058.0,3058.0,3058.0,2994.0,3058.0,3058.0,3044.0,3058.0,3116.0,3058.0,3058.0,3058.0,3058.0,3058.0,3058.0,3058.0,3058.0,3040.0,3058.0,3116.0,3058.0,3116.0,3058.0,3058.0,3085.0,3058.0,3058.0,3046.0,3058.0,3058.0,3058.0,3058.0,3116.0,3058.0,3058.0,3058.0,3058.0,3046.0,3116.0,3058.0,3116.0,3058.0,3058.0,3116.0,3058.0,3058.0,3058.0,3044.0,3058.0,3058.0,3058.0,3058.0,3058.0,3058.0,3090.0,3046.0,3058.0,3058.0,2994.0,2994.0,2994.0,3116.0,3078.0,3058.0,3058.0,3058.0,3139.0,3058.0,3058.0,2994.0,3090.0,3058.0,3068.0,3058.0,2994.0,3116.0,3046.0,3058.0,3058.0,3058.0,2994.0,3058.0,3058.0,3058.0,3046.0,3088.0,2994.0,3058.0,3058.0,2994.0,2994.0,2994.0,3058.0,3090.0,3058.0,3058.0,3058.0,2994.0,3058.0,2994.0,3058.0,3058.0,3058.0,2994.0,3058.0,3116.0,3058.0,3046.0,3058.0,2994.0,3058.0,2994.0,3058.0,3131.0,2994.0,3116.0,3058.0,3058.0,3058.0,3058.0,3058.0,3116.0,3116.0,3058.0,3058.0,3058.0,3058.0,3058.0,2994.0,3052.0,2994.0,3058.0,3058.0,3058.0,2994.0,2994.0,3058.0,3058.0,3058.0,3096.0,3116.0,3058.0,3058.0,3058.0,3090.0,3058.0,3058.0,3058.0,3058.0,3058.0,3058.0,3058.0,3058.0,3058.0,3058.0,3058.0,3058.0,3090.0,3090.0,3058.0,3058.0,3080.0,3058.0,3058.0,3058.0,3058.0,3058.0,3058.0,3058.0,3058.0,3058.0,3058.0,3058.0,3139.0,3058.0,3058.0,3067.0,2959.0,3058.0,3058.0,3058.0,3058.0,3058.0,3058.0,3079.0,3058.0,3058.0,3058.0,3058.0,3096.0,3058.0,3058.0,3087.0,3058.0,3058.0,3058.0,3058.0,3058.0,3058.0,2994.0,3117.0,3058.0,3058.0,3046.0,3058.0,3058.0,3139.0,3139.0,3058.0,3116.0,2994.0,2994.0,2994.0,3058.0,3058.0,3135.0,3018.0,2429.0,2502.0,2502.0,2534.0,2470.0,2449.0,2497.0,2420.0,2502.0,2502.0,2502.0,2502.0,2502.0,2548.0,2502.0,2502.0,2502.0,2548.0,2473.0,2502.0,2502.0,2502.0,2473.0,2502.0,2473.0,2540.0,2502.0,2531.0,2502.0,2473.0,2473.0,2502.0,2502.0,2502.0,2502.0,2502.0,2502.0,2502.0,2502.0,2502.0,2473.0,2473.0,2502.0,2502.0,2502.0,2502.0,2473.0,2502.0,2502.0,2502.0,2502.0,2473.0,2502.0,2502.0,2502.0,2502.0,2502.0,2502.0,2502.0,2473.0,2502.0,2502.0,2513.0,2502.0,2502.0,2502.0,2444.0,2473.0,2502.0,2502.0,2473.0,2502.0,2502.0,2502.0,2502.0,2502.0,2502.0,2473.0,2473.0,2502.0,2566.0,2502.0,2502.0,2473.0,2502.0,2502.0,2502.0,2502.0,2502.0,2502.0,2502.0,2473.0,2502.0,2502.0,2473.0,2502.0,2502.0,2502.0,2502.0,2502.0,2473.0,2473.0,2502.0,2502.0,2502.0,2502.0,2502.0,2502.0,2473.0,2502.0,2502.0,2502.0,2502.0,2502.0,2502.0,2502.0,2502.0,2473.0,2502.0,2502.0,2502.0,2502.0,2502.0,2502.0,2502.0,2502.0,2502.0,2596.0,2502.0,2473.0,2502.0,2502.0,2502.0,2502.0,2502.0,2502.0,2502.0,2502.0,2502.0,2502.0,2502.0,2502.0,2502.0,2502.0,2502.0,2502.0,2502.0,2502.0,2502.0,2502.0,2502.0,2502.0,2502.0,2502.0,2504.0,2502.0,2502.0,2502.0,2502.0,2502.0,2502.0,2502.0,2502.0,2502.0,2502.0,2502.0,2502.0,2502.0,2502.0,2502.0,2502.0,2502.0,2502.0,2502.0,2502.0,2502.0,2502.0,2502.0,2502.0,2502.0,2502.0,2502.0,2502.0,2502.0,2502.0,2502.0,2502.0,2502.0,2502.0,2502.0,2502.0,2502.0,2502.0,2502.0,2502.0,2502.0,2502.0,2502.0,2502.0,2502.0,2502.0,2502.0,2502.0,2502.0,2548.0,2502.0,2502.0,2502.0,2502.0,2502.0,2502.0,2502.0,2502.0,2502.0,2502.0,2502.0,2502.0,2502.0,2502.0,2502.0,2502.0,2502.0,2502.0,2502.0,2502.0,2502.0,2502.0,2502.0,2502.0,2502.0,2502.0,2502.0,2502.0,2502.0,2502.0,2502.0,2502.0,2502.0,2502.0,2502.0,2502.0,2502.0,2502.0,2502.0,2502.0,2502.0,2548.0,2502.0,2502.0,2502.0,2502.0,2502.0,2502.0,2502.0,2502.0,2502.0,2502.0,2502.0,2502.0,2502.0,2502.0,2502.0,2502.0,2502.0,2502.0,2502.0,2502.0,2502.0,2502.0,2502.0,2502.0,2502.0,2571.0,2502.0,2502.0,2502.0,2502.0,2502.0,2502.0,2502.0,2502.0,2502.0,2502.0,2502.0,2547.0,2502.0,2502.0,2476.0,2502.0,2502.0,2502.0,2502.0,2502.0,2502.0,2502.0,2502.0,2522.0,2502.0,2555.0,2502.0,2502.0,2502.0,2502.0,2502.0,2502.0,2502.0,2502.0,2502.0,2502.0,2502.0,2502.0,2548.0,2502.0,2502.0,2502.0,2548.0,2502.0,2502.0,2502.0,2502.0,2502.0,2548.0,2502.0,2502.0,2502.0,2502.0,2502.0,2502.0,2502.0,2502.0,2502.0,2502.0,2502.0,2502.0,2502.0,2502.0,2502.0,2502.0,2502.0,2502.0,2502.0,2502.0,2502.0,2502.0,2502.0,2502.0,2502.0,2502.0,2531.0,2502.0,2502.0,2502.0,2502.0,2502.0,2540.0,2502.0,2502.0,2502.0,2540.0,2502.0,2502.0,2502.0,2502.0,2502.0,2502.0,2531.0,2531.0,2502.0,2502.0,2502.0,2502.0,2502.0,2502.0,2531.0,2502.0,2404.0,2502.0,2502.0,2502.0,2502.0,2502.0,2502.0,2516.0,2502.0,2502.0,2502.0,2502.0,2502.0,2438.0,2502.0,2502.0,2502.0,2502.0,2502.0,2502.0,2502.0,2502.0,2502.0,2502.0,2502.0,2502.0,2502.0,2502.0,2502.0,2502.0,2502.0,2502.0,2502.0,2476.0,2502.0,2502.0,2502.0,2502.0,2531.0,2502.0,2502.0,2502.0,2502.0,2502.0,2502.0,2502.0,2502.0,2502.0,2502.0,2502.0,2502.0,2502.0,2502.0,2502.0,2502.0,2502.0,2502.0,2502.0,2502.0,2502.0,2502.0,2531.0,2502.0,2502.0,2502.0,2502.0,2502.0,2502.0,2502.0,8245.0,8251.0,8245.0,8234.0,8245.0,8245.0,8219.0,8263.0,8245.0,8245.0,8306.0,8286.0,8245.0,8328.0,8480.0,8264.0,8245.0,8245.0,8245.0,8245.0,8245.0,8245.0,8245.0,8245.0,8245.0,8245.0,8245.0,8245.0,8245.0,8245.0,8245.0,8245.0,8245.0,8245.0,8245.0,8245.0,8240.0,8245.0,8245.0,8245.0,8245.0,8245.0,8245.0,8245.0,8245.0,8245.0,8245.0,8245.0,8245.0,8245.0,8245.0,8245.0,8245.0,8245.0,8286.0,8245.0,8245.0,8245.0,8245.0,8245.0,8245.0,8245.0,8245.0,8245.0,8245.0,8245.0,8245.0,8245.0,8286.0,8245.0,8245.0,8245.0,8245.0,8245.0,8245.0,8245.0,8245.0,8245.0,8245.0,8245.0,8245.0,8245.0,8245.0,8245.0,8245.0,8245.0,8245.0,8245.0,8245.0,8245.0,8245.0,8245.0,8274.0,8242.0,8245.0,8334.0,8245.0,8245.0,8245.0,8245.0,8245.0,8245.0,8245.0,8334.0,8245.0,8245.0,8245.0,8245.0,8245.0,8263.0,8263.0,8334.0,8245.0,8245.0,8245.0,8226.0,8245.0,8265.0,8245.0,8245.0,8245.0,8245.0,8245.0,8245.0,8251.0,8245.0,8245.0,8245.0,8245.0,8245.0,8156.0,8245.0,8245.0,8245.0,8245.0,8245.0,8245.0,8245.0,8245.0,8245.0,8245.0,8245.0,8245.0,8245.0,8245.0,8245.0,8245.0,8245.0,8245.0,8245.0,8245.0,8334.0,8257.0,8245.0,8245.0,8245.0,8245.0,8245.0,8245.0,8245.0,8245.0,8245.0,8245.0,8274.0,8263.0,8263.0,8245.0,8251.0,8245.0,8251.0,8245.0,8245.0,8245.0,8394.0,8334.0,8245.0,8245.0,8245.0,8244.0,8245.0,8245.0,8245.0,8334.0,8245.0,8245.0,8245.0,8245.0,8245.0,8245.0,8245.0,8245.0,8245.0,8245.0,8245.0,8245.0,8245.0,8245.0,8245.0,8245.0,8200.0,8245.0,8245.0,8245.0,8245.0,8200.0,8245.0,8245.0,8245.0,8245.0,8158.0,8245.0,8245.0,8245.0,8245.0,8245.0,8245.0,8156.0,8245.0,8245.0,8263.0,8263.0,8334.0,8245.0,8245.0,8473.0,8245.0,8263.0,8245.0,8334.0,8245.0,8245.0,8245.0,8245.0,8263.0,8245.0,8245.0,8245.0,8245.0,8245.0,8245.0,8245.0,8245.0,8245.0,8245.0,8245.0,8245.0,8245.0,8245.0,8245.0,8334.0,8245.0,8264.0,8245.0,8263.0,8245.0,8245.0,8245.0,8263.0,8334.0,8245.0,8245.0,8334.0,8245.0,8245.0,8245.0,8245.0,8245.0,8245.0,8245.0,8245.0,8245.0,8245.0,8245.0,8245.0,8245.0,8245.0,8245.0,8245.0,8245.0,8245.0,8245.0,8245.0,8245.0,8334.0,8245.0,8245.0,8263.0,8245.0,8245.0,8245.0,8334.0,8245.0,8334.0,8245.0,8334.0,8263.0,8245.0,8245.0,8245.0,8245.0,8245.0,8245.0,8263.0,8245.0,8263.0,8245.0,8245.0,8245.0,8334.0,8245.0,8245.0,8245.0,8245.0,8245.0,8245.0,8245.0,8245.0,8245.0,8245.0,8245.0,8245.0,8245.0,8245.0,8245.0,8245.0,8245.0,8245.0,8245.0,8334.0,8245.0,8334.0,8334.0,8245.0,8245.0,8245.0,8245.0,8245.0,8245.0,8264.0,8245.0,8245.0,8245.0,8245.0,8245.0,8245.0,8245.0,8245.0,8245.0,8245.0,8245.0,8245.0,8245.0,8245.0,8245.0,8334.0,8245.0,8274.0,8245.0,8245.0,8245.0,8334.0,8245.0,8245.0,8334.0,8245.0,8245.0,8245.0,8245.0,8245.0,8245.0,8245.0,8245.0,8334.0,8245.0,8245.0,8245.0,8334.0,8245.0,8245.0,8245.0,8245.0,8245.0,8245.0,8245.0,8245.0,8245.0,8245.0,8245.0,8334.0,8245.0,8334.0,8216.0,8245.0,8245.0,8245.0,8264.0,8245.0,8245.0,8334.0,8245.0,8334.0,8245.0,8245.0,8334.0,8334.0,8334.0,8245.0,8245.0,8264.0,8305.0,8245.0,8245.0,8334.0,8334.0,8264.0,8264.0,8334.0,8245.0,8334.0,8334.0,8334.0,8334.0,8346.0,8245.0,8334.0,8334.0,8264.0,8334.0,8334.0,8245.0,8334.0,8245.0,8334.0,8334.0,8334.0,8264.0,8334.0,8264.0,8334.0,8334.0,8264.0,8264.0,8264.0,8264.0,8264.0,8334.0,8334.0,8221.0,8264.0,8270.0,8264.0,8264.0,8264.0,8264.0,8245.0,8264.0,8264.0,8264.0,8264.0,8264.0,8264.0,8193.0,8264.0,8348.0,8264.0,8348.0,8264.0,8264.0,8346.0,8264.0,8245.0,8245.0,128.0,173.0,489.0,250.0,99.0,231.0,231.0,231.0,231.0,231.0,231.0,231.0,231.0,231.0,231.0,231.0,231.0,231.0,231.0,231.0,231.0,231.0,231.0,231.0,231.0,231.0,231.0,231.0,231.0,231.0,231.0,231.0,231.0,231.0,231.0,231.0,231.0,231.0,231.0,231.0,231.0,260.0,231.0,231.0,231.0,320.0,231.0,231.0,320.0,231.0,231.0,260.0,231.0,231.0,260.0,287.0,257.0,303.0,257.0,250.0,257.0,257.0,250.0,231.0,277.0,250.0,250.0,231.0,231.0,250.0,231.0,231.0,231.0,231.0,231.0,231.0,231.0,231.0,231.0,231.0,231.0,257.0,250.0,231.0,231.0,231.0,231.0,231.0,231.0,231.0,231.0,231.0,231.0,231.0,231.0,277.0,231.0,231.0,231.0,231.0,231.0,231.0,231.0,231.0,231.0,231.0,231.0,231.0,231.0,231.0,231.0,231.0,231.0,231.0,231.0,231.0,231.0,231.0,231.0,231.0,231.0,231.0,231.0,231.0,231.0,231.0,231.0,231.0,231.0,231.0,231.0,231.0,231.0,231.0,231.0,231.0,208.0,231.0,231.0,231.0,231.0,250.0,231.0,231.0,231.0,231.0,231.0,231.0,252.0,231.0,250.0,231.0,231.0,231.0,231.0,231.0,231.0,231.0,231.0,231.0,231.0,231.0,250.0,231.0,231.0,231.0,231.0,231.0,250.0,231.0,231.0,250.0,250.0,231.0,231.0,231.0,250.0,231.0,231.0,231.0,231.0,231.0,231.0,231.0,231.0,231.0,231.0,231.0,231.0,231.0,231.0,277.0,231.0,231.0,231.0,231.0,231.0,231.0,231.0,231.0,277.0,231.0,231.0,321.0,231.0,231.0,231.0,231.0,287.0,231.0,231.0,231.0,231.0,231.0,231.0,231.0,231.0,231.0,231.0,173.0,231.0,231.0,231.0,231.0,250.0,231.0,231.0,279.0,231.0,231.0,231.0,231.0,231.0,231.0,231.0,231.0,231.0,231.0,231.0,231.0,231.0,231.0,231.0,231.0,231.0,254.0,231.0,231.0,231.0,287.0,231.0,231.0,231.0,231.0,231.0,231.0,231.0,231.0,231.0,231.0,231.0,250.0,231.0,231.0,231.0,231.0,231.0,231.0,231.0,231.0,231.0,241.0,231.0,231.0,231.0,287.0,231.0,231.0,231.0,231.0,231.0,231.0,231.0,231.0,231.0,231.0,231.0,295.0,231.0,231.0,231.0,287.0,231.0,231.0,231.0,209.0,231.0,287.0,231.0,231.0,231.0,231.0,231.0,231.0,231.0,231.0,231.0,231.0,231.0,231.0,231.0,231.0,260.0,231.0,231.0,231.0,287.0,231.0,231.0,231.0,231.0,231.0,231.0,231.0,231.0,231.0,231.0,277.0,231.0,287.0,231.0,231.0,231.0,231.0,231.0,231.0,287.0,231.0,231.0,231.0,231.0,287.0,231.0,257.0,295.0,250.0,231.0,250.0,250.0,250.0,250.0,250.0,250.0,250.0,250.0,250.0,250.0,250.0,250.0,250.0,231.0,250.0,296.0,221.0,250.0,231.0,250.0,250.0,250.0,250.0,250.0,250.0,250.0,250.0,250.0,250.0,250.0,250.0,314.0,250.0,250.0,250.0,250.0
hDenV4/Colombia/un-OUCRU-401215/2013,3057.0,3035.0,3035.0,3035.0,3035.0,3035.0,3035.0,3056.0,3035.0,3104.0,3088.0,3170.0,3057.0,3021.0,3023.0,3023.0,3023.0,3061.0,3023.0,3061.0,3061.0,3027.0,3027.0,3027.0,3027.0,3047.0,3047.0,3061.0,3035.0,3061.0,3027.0,3035.0,3027.0,3061.0,3081.0,3047.0,3027.0,3032.0,3027.0,3027.0,3027.0,3027.0,3027.0,3061.0,3027.0,3027.0,3013.0,3061.0,3035.0,3035.0,3035.0,3035.0,3071.0,3071.0,3071.0,3119.0,3027.0,3035.0,3093.0,3027.0,3035.0,3027.0,3027.0,3027.0,3035.0,3035.0,3061.0,3027.0,3035.0,3061.0,3061.0,3027.0,3027.0,3061.0,3027.0,3027.0,3035.0,3035.0,3035.0,3035.0,3040.0,3035.0,3035.0,3035.0,3035.0,3040.0,3035.0,3013.0,3061.0,3035.0,3035.0,3035.0,3035.0,3035.0,3027.0,3035.0,3027.0,3027.0,3027.0,3035.0,3027.0,3035.0,3035.0,3027.0,3035.0,3035.0,3035.0,3027.0,3027.0,3035.0,3027.0,3021.0,3035.0,3035.0,3023.0,3035.0,3035.0,3035.0,3035.0,3035.0,3035.0,3027.0,3035.0,3061.0,3035.0,3035.0,3035.0,3035.0,2971.0,3035.0,3035.0,3035.0,3021.0,3035.0,3035.0,3035.0,3035.0,3093.0,3035.0,3035.0,3035.0,3035.0,3093.0,3021.0,3035.0,3027.0,3035.0,3021.0,3035.0,3035.0,3035.0,3035.0,3027.0,3035.0,3035.0,3035.0,3035.0,3027.0,3035.0,3035.0,3035.0,3035.0,3035.0,3035.0,3020.0,3035.0,3035.0,3035.0,3072.0,3035.0,3035.0,3035.0,3035.0,3035.0,3035.0,3035.0,3035.0,3035.0,3014.0,3035.0,3035.0,3035.0,3008.0,3035.0,3035.0,3142.0,3035.0,3035.0,3022.0,3035.0,3075.0,3035.0,3035.0,3035.0,3035.0,3035.0,3035.0,3016.0,3035.0,3035.0,3035.0,3035.0,3023.0,3093.0,3035.0,3035.0,3035.0,3035.0,3035.0,3035.0,3035.0,3035.0,3035.0,3035.0,3142.0,3035.0,3035.0,3035.0,3035.0,3035.0,3027.0,3035.0,3104.0,3035.0,3035.0,3035.0,3035.0,3035.0,3035.0,3035.0,3027.0,3035.0,3027.0,3027.0,3035.0,3027.0,3035.0,3035.0,3035.0,3035.0,3093.0,3035.0,3035.0,3027.0,3027.0,3027.0,3035.0,3035.0,3027.0,3035.0,3093.0,3035.0,3035.0,3027.0,3035.0,3035.0,3035.0,3035.0,3035.0,3035.0,3035.0,3035.0,3035.0,3035.0,3035.0,3099.0,3035.0,3035.0,3035.0,3035.0,3035.0,3035.0,3035.0,3035.0,3056.0,3035.0,3035.0,3035.0,3035.0,3035.0,3035.0,3035.0,3035.0,3021.0,3111.0,3027.0,3035.0,3035.0,3035.0,3035.0,3035.0,3035.0,3035.0,3045.0,3035.0,3035.0,3035.0,3035.0,3035.0,3021.0,3035.0,3035.0,3035.0,3035.0,3056.0,3035.0,3035.0,3035.0,3035.0,3021.0,3035.0,3035.0,3035.0,3021.0,3035.0,3035.0,3035.0,3035.0,3035.0,3035.0,3035.0,3035.0,3035.0,3035.0,3035.0,3035.0,3035.0,3035.0,3035.0,3035.0,3035.0,3035.0,3161.0,3035.0,3035.0,3035.0,3035.0,3035.0,3093.0,3035.0,2999.0,3035.0,3035.0,3056.0,3035.0,3035.0,2983.0,3017.0,3035.0,3035.0,3035.0,3023.0,3035.0,3035.0,3035.0,3020.0,3093.0,3035.0,3022.0,3035.0,3035.0,3035.0,3035.0,3035.0,3035.0,3035.0,3035.0,3035.0,3093.0,3035.0,3035.0,3035.0,3035.0,3035.0,3035.0,3035.0,3093.0,3035.0,2946.0,3035.0,3035.0,3035.0,3035.0,3035.0,3035.0,3059.0,3035.0,3035.0,3035.0,3023.0,3035.0,3035.0,3035.0,3035.0,3035.0,3035.0,3035.0,3035.0,3035.0,3035.0,3035.0,3035.0,3035.0,3093.0,3035.0,3035.0,3035.0,3035.0,3035.0,3035.0,3035.0,3093.0,3062.0,3035.0,3093.0,3035.0,3035.0,3035.0,3035.0,3035.0,3035.0,3035.0,3035.0,3035.0,3098.0,3035.0,3035.0,3098.0,3023.0,3107.0,3035.0,3023.0,3035.0,3017.0,3035.0,3093.0,3035.0,3035.0,3035.0,3073.0,3035.0,3035.0,3035.0,2999.0,3035.0,3157.0,3035.0,3035.0,3035.0,3098.0,3023.0,3035.0,3035.0,3067.0,3035.0,3093.0,3035.0,3035.0,3023.0,3027.0,3035.0,3035.0,3035.0,3035.0,3035.0,3035.0,3035.0,3035.0,3035.0,2971.0,3035.0,3035.0,3021.0,3035.0,3093.0,3035.0,3035.0,3035.0,3035.0,3035.0,3035.0,3035.0,3035.0,3017.0,3035.0,3093.0,3035.0,3093.0,3035.0,3035.0,3062.0,3035.0,3035.0,3023.0,3035.0,3035.0,3035.0,3035.0,3093.0,3035.0,3035.0,3035.0,3035.0,3023.0,3093.0,3035.0,3093.0,3035.0,3035.0,3093.0,3035.0,3035.0,3035.0,3021.0,3035.0,3035.0,3035.0,3035.0,3035.0,3035.0,3067.0,3023.0,3035.0,3035.0,2971.0,2971.0,2971.0,3093.0,3055.0,3035.0,3035.0,3035.0,3116.0,3035.0,3035.0,2971.0,3067.0,3035.0,3045.0,3035.0,2971.0,3093.0,3023.0,3035.0,3035.0,3035.0,2971.0,3035.0,3035.0,3035.0,3023.0,3065.0,2971.0,3035.0,3035.0,2971.0,2971.0,2971.0,3035.0,3067.0,3035.0,3035.0,3035.0,2971.0,3035.0,2971.0,3035.0,3035.0,3035.0,2971.0,3035.0,3093.0,3035.0,3023.0,3035.0,2971.0,3035.0,2971.0,3035.0,3108.0,2971.0,3093.0,3035.0,3035.0,3035.0,3035.0,3035.0,3093.0,3093.0,3035.0,3035.0,3035.0,3035.0,3035.0,2971.0,3029.0,2971.0,3035.0,3035.0,3035.0,2971.0,2971.0,3035.0,3035.0,3035.0,3073.0,3093.0,3035.0,3035.0,3035.0,3067.0,3035.0,3035.0,3035.0,3035.0,3035.0,3035.0,3035.0,3035.0,3035.0,3035.0,3035.0,3035.0,3067.0,3067.0,3035.0,3035.0,3057.0,3035.0,3035.0,3035.0,3035.0,3035.0,3035.0,3035.0,3035.0,3035.0,3035.0,3035.0,3116.0,3035.0,3035.0,3044.0,2936.0,3035.0,3035.0,3035.0,3035.0,3035.0,3035.0,3056.0,3035.0,3035.0,3035.0,3035.0,3073.0,3035.0,3035.0,3064.0,3035.0,3035.0,3035.0,3035.0,3035.0,3035.0,2971.0,3094.0,3035.0,3035.0,3023.0,3035.0,3035.0,3116.0,3116.0,3035.0,3093.0,2971.0,2971.0,2971.0,3035.0,3035.0,3112.0,2995.0,2432.0,2505.0,2505.0,2537.0,2473.0,2452.0,2500.0,2423.0,2505.0,2505.0,2505.0,2505.0,2505.0,2551.0,2505.0,2505.0,2505.0,2551.0,2476.0,2505.0,2505.0,2505.0,2476.0,2505.0,2476.0,2554.0,2505.0,2534.0,2505.0,2476.0,2476.0,2505.0,2505.0,2505.0,2505.0,2505.0,2505.0,2505.0,2505.0,2505.0,2476.0,2476.0,2505.0,2505.0,2505.0,2505.0,2476.0,2505.0,2505.0,2505.0,2505.0,2476.0,2505.0,2505.0,2505.0,2505.0,2505.0,2505.0,2505.0,2476.0,2505.0,2505.0,2516.0,2505.0,2505.0,2505.0,2447.0,2476.0,2505.0,2505.0,2476.0,2505.0,2505.0,2505.0,2505.0,2505.0,2505.0,2476.0,2476.0,2505.0,2569.0,2505.0,2505.0,2476.0,2505.0,2505.0,2505.0,2505.0,2505.0,2505.0,2505.0,2476.0,2505.0,2505.0,2476.0,2505.0,2505.0,2505.0,2505.0,2505.0,2476.0,2476.0,2505.0,2505.0,2505.0,2505.0,2505.0,2505.0,2476.0,2505.0,2505.0,2505.0,2505.0,2505.0,2505.0,2505.0,2505.0,2476.0,2505.0,2505.0,2505.0,2505.0,2505.0,2505.0,2505.0,2505.0,2505.0,2599.0,2505.0,2476.0,2505.0,2505.0,2505.0,2505.0,2505.0,2505.0,2505.0,2505.0,2505.0,2505.0,2505.0,2505.0,2505.0,2505.0,2505.0,2505.0,2505.0,2505.0,2505.0,2505.0,2505.0,2505.0,2505.0,2505.0,2507.0,2505.0,2505.0,2505.0,2505.0,2505.0,2505.0,2505.0,2505.0,2505.0,2505.0,2505.0,2505.0,2505.0,2505.0,2505.0,2505.0,2505.0,2505.0,2505.0,2505.0,2505.0,2505.0,2505.0,2505.0,2505.0,2505.0,2505.0,2505.0,2505.0,2505.0,2505.0,2505.0,2505.0,2505.0,2505.0,2505.0,2505.0,2505.0,2505.0,2505.0,2505.0,2505.0,2505.0,2505.0,2505.0,2505.0,2505.0,2505.0,2505.0,2551.0,2505.0,2505.0,2505.0,2505.0,2505.0,2505.0,2505.0,2505.0,2505.0,2505.0,2505.0,2505.0,2505.0,2505.0,2505.0,2505.0,2505.0,2505.0,2505.0,2505.0,2505.0,2505.0,2505.0,2505.0,2505.0,2505.0,2505.0,2505.0,2505.0,2505.0,2505.0,2505.0,2505.0,2505.0,2505.0,2505.0,2505.0,2505.0,2505.0,2505.0,2505.0,2551.0,2505.0,2505.0,2505.0,2505.0,2505.0,2505.0,2505.0,2505.0,2505.0,2505.0,2505.0,2505.0,2505.0,2505.0,2505.0,2505.0,2505.0,2505.0,2505.0,2505.0,2505.0,2505.0,2505.0,2505.0,2505.0,2574.0,2505.0,2505.0,2505.0,2505.0,2505.0,2505.0,2505.0,2505.0,2505.0,2505.0,2505.0,2550.0,2505.0,2505.0,2479.0,2505.0,2505.0,2505.0,2505.0,2505.0,2505.0,2505.0,2505.0,2525.0,2505.0,2558.0,2505.0,2505.0,2505.0,2505.0,2505.0,2505.0,2505.0,2505.0,2505.0,2505.0,2505.0,2505.0,2551.0,2505.0,2505.0,2505.0,2551.0,2505.0,2505.0,2505.0,2505.0,2505.0,2551.0,2505.0,2505.0,2505.0,2505.0,2505.0,2505.0,2505.0,2505.0,2505.0,2505.0,2505.0,2505.0,2505.0,2505.0,2505.0,2505.0,2505.0,2505.0,2505.0,2505.0,2505.0,2505.0,2505.0,2505.0,2505.0,2505.0,2534.0,2505.0,2505.0,2505.0,2505.0,2505.0,2554.0,2505.0,2505.0,2505.0,2554.0,2505.0,2505.0,2505.0,2505.0,2505.0,2505.0,2534.0,2534.0,2505.0,2505.0,2505.0,2505.0,2505.0,2505.0,2534.0,2505.0,2407.0,2505.0,2505.0,2505.0,2505.0,2505.0,2505.0,2519.0,2505.0,2505.0,2505.0,2505.0,2505.0,2441.0,2505.0,2505.0,2505.0,2505.0,2505.0,2505.0,2505.0,2505.0,2505.0,2505.0,2505.0,2505.0,2505.0,2505.0,2505.0,2505.0,2505.0,2505.0,2505.0,2479.0,2505.0,2505.0,2505.0,2505.0,2534.0,2505.0,2505.0,2505.0,2505.0,2505.0,2505.0,2505.0,2505.0,2505.0,2505.0,2505.0,2505.0,2505.0,2505.0,2505.0,2505.0,2505.0,2505.0,2505.0,2505.0,2505.0,2505.0,2534.0,2505.0,2505.0,2505.0,2505.0,2505.0,2505.0,2505.0,8248.0,8254.0,8248.0,8237.0,8248.0,8248.0,8222.0,8266.0,8248.0,8248.0,8309.0,8289.0,8248.0,8331.0,8483.0,8267.0,8248.0,8248.0,8248.0,8248.0,8248.0,8248.0,8248.0,8248.0,8248.0,8248.0,8248.0,8248.0,8248.0,8248.0,8248.0,8248.0,8248.0,8248.0,8248.0,8248.0,8243.0,8248.0,8248.0,8248.0,8248.0,8248.0,8248.0,8248.0,8248.0,8248.0,8248.0,8248.0,8248.0,8248.0,8248.0,8248.0,8248.0,8248.0,8289.0,8248.0,8248.0,8248.0,8248.0,8248.0,8248.0,8248.0,8248.0,8248.0,8248.0,8248.0,8248.0,8248.0,8289.0,8248.0,8248.0,8248.0,8248.0,8248.0,8248.0,8248.0,8248.0,8248.0,8248.0,8248.0,8248.0,8248.0,8248.0,8248.0,8248.0,8248.0,8248.0,8248.0,8248.0,8248.0,8248.0,8248.0,8277.0,8245.0,8248.0,8337.0,8248.0,8248.0,8248.0,8248.0,8248.0,8248.0,8248.0,8337.0,8248.0,8248.0,8248.0,8248.0,8248.0,8266.0,8266.0,8337.0,8248.0,8248.0,8248.0,8229.0,8248.0,8268.0,8248.0,8248.0,8248.0,8248.0,8248.0,8248.0,8254.0,8248.0,8248.0,8248.0,8248.0,8248.0,8159.0,8248.0,8248.0,8248.0,8248.0,8248.0,8248.0,8248.0,8248.0,8248.0,8248.0,8248.0,8248.0,8248.0,8248.0,8248.0,8248.0,8248.0,8248.0,8248.0,8248.0,8337.0,8260.0,8248.0,8248.0,8248.0,8248.0,8248.0,8248.0,8248.0,8248.0,8248.0,8248.0,8277.0,8266.0,8266.0,8248.0,8254.0,8248.0,8254.0,8248.0,8248.0,8248.0,8397.0,8337.0,8248.0,8248.0,8248.0,8247.0,8248.0,8248.0,8248.0,8337.0,8248.0,8248.0,8248.0,8248.0,8248.0,8248.0,8248.0,8248.0,8248.0,8248.0,8248.0,8248.0,8248.0,8248.0,8248.0,8248.0,8203.0,8248.0,8248.0,8248.0,8248.0,8203.0,8248.0,8248.0,8248.0,8248.0,8161.0,8248.0,8248.0,8248.0,8248.0,8248.0,8248.0,8159.0,8248.0,8248.0,8266.0,8266.0,8337.0,8248.0,8248.0,8476.0,8248.0,8266.0,8248.0,8337.0,8248.0,8248.0,8248.0,8248.0,8266.0,8248.0,8248.0,8248.0,8248.0,8248.0,8248.0,8248.0,8248.0,8248.0,8248.0,8248.0,8248.0,8248.0,8248.0,8248.0,8337.0,8248.0,8267.0,8248.0,8266.0,8248.0,8248.0,8248.0,8266.0,8337.0,8248.0,8248.0,8337.0,8248.0,8248.0,8248.0,8248.0,8248.0,8248.0,8248.0,8248.0,8248.0,8248.0,8248.0,8248.0,8248.0,8248.0,8248.0,8248.0,8248.0,8248.0,8248.0,8248.0,8248.0,8337.0,8248.0,8248.0,8266.0,8248.0,8248.0,8248.0,8337.0,8248.0,8337.0,8248.0,8337.0,8266.0,8248.0,8248.0,8248.0,8248.0,8248.0,8248.0,8266.0,8248.0,8266.0,8248.0,8248.0,8248.0,8337.0,8248.0,8248.0,8248.0,8248.0,8248.0,8248.0,8248.0,8248.0,8248.0,8248.0,8248.0,8248.0,8248.0,8248.0,8248.0,8248.0,8248.0,8248.0,8248.0,8337.0,8248.0,8337.0,8337.0,8248.0,8248.0,8248.0,8248.0,8248.0,8248.0,8267.0,8248.0,8248.0,8248.0,8248.0,8248.0,8248.0,8248.0,8248.0,8248.0,8248.0,8248.0,8248.0,8248.0,8248.0,8248.0,8337.0,8248.0,8277.0,8248.0,8248.0,8248.0,8337.0,8248.0,8248.0,8337.0,8248.0,8248.0,8248.0,8248.0,8248.0,8248.0,8248.0,8248.0,8337.0,8248.0,8248.0,8248.0,8337.0,8248.0,8248.0,8248.0,8248.0,8248.0,8248.0,8248.0,8248.0,8248.0,8248.0,8248.0,8337.0,8248.0,8337.0,8219.0,8248.0,8248.0,8248.0,8267.0,8248.0,8248.0,8337.0,8248.0,8337.0,8248.0,8248.0,8337.0,8337.0,8337.0,8248.0,8248.0,8267.0,8308.0,8248.0,8248.0,8337.0,8337.0,8267.0,8267.0,8337.0,8248.0,8337.0,8337.0,8337.0,8337.0,8349.0,8248.0,8337.0,8337.0,8267.0,8337.0,8337.0,8248.0,8337.0,8248.0,8337.0,8337.0,8337.0,8267.0,8337.0,8267.0,8337.0,8337.0,8267.0,8267.0,8267.0,8267.0,8267.0,8337.0,8337.0,8224.0,8267.0,8273.0,8267.0,8267.0,8267.0,8267.0,8248.0,8267.0,8267.0,8267.0,8267.0,8267.0,8267.0,8196.0,8267.0,8351.0,8267.0,8351.0,8267.0,8267.0,8349.0,8267.0,8248.0,8248.0,151.0,196.0,512.0,273.0,122.0,254.0,254.0,254.0,254.0,254.0,254.0,254.0,254.0,254.0,254.0,254.0,254.0,254.0,254.0,254.0,254.0,254.0,254.0,254.0,254.0,254.0,254.0,254.0,254.0,254.0,254.0,254.0,254.0,254.0,254.0,254.0,254.0,254.0,254.0,254.0,254.0,283.0,254.0,254.0,254.0,343.0,254.0,254.0,343.0,254.0,254.0,283.0,254.0,254.0,283.0,310.0,280.0,322.0,280.0,273.0,280.0,280.0,273.0,254.0,296.0,273.0,273.0,254.0,254.0,273.0,254.0,254.0,254.0,254.0,254.0,254.0,254.0,254.0,254.0,254.0,254.0,280.0,273.0,254.0,254.0,254.0,254.0,254.0,254.0,254.0,254.0,254.0,254.0,254.0,254.0,296.0,254.0,254.0,254.0,254.0,254.0,254.0,254.0,254.0,254.0,254.0,254.0,254.0,254.0,254.0,254.0,254.0,254.0,254.0,254.0,254.0,254.0,254.0,254.0,254.0,254.0,254.0,254.0,254.0,254.0,254.0,254.0,254.0,254.0,254.0,254.0,254.0,254.0,254.0,254.0,254.0,231.0,254.0,254.0,254.0,254.0,273.0,254.0,254.0,254.0,254.0,254.0,254.0,275.0,254.0,273.0,254.0,254.0,254.0,254.0,254.0,254.0,254.0,254.0,254.0,254.0,254.0,273.0,254.0,254.0,254.0,254.0,254.0,273.0,254.0,254.0,273.0,273.0,254.0,254.0,254.0,273.0,254.0,254.0,254.0,254.0,254.0,254.0,254.0,254.0,254.0,254.0,254.0,254.0,254.0,254.0,296.0,254.0,254.0,254.0,254.0,254.0,254.0,254.0,254.0,296.0,254.0,254.0,344.0,254.0,254.0,254.0,254.0,310.0,254.0,254.0,254.0,254.0,254.0,254.0,254.0,254.0,254.0,254.0,196.0,254.0,254.0,254.0,254.0,273.0,254.0,254.0,302.0,254.0,254.0,254.0,254.0,254.0,254.0,254.0,254.0,254.0,254.0,254.0,254.0,254.0,254.0,254.0,254.0,254.0,231.0,254.0,254.0,254.0,310.0,254.0,254.0,254.0,254.0,254.0,254.0,254.0,254.0,254.0,254.0,254.0,273.0,254.0,254.0,254.0,254.0,254.0,254.0,254.0,254.0,254.0,264.0,254.0,254.0,254.0,310.0,254.0,254.0,254.0,254.0,254.0,254.0,254.0,254.0,254.0,254.0,254.0,318.0,254.0,254.0,254.0,310.0,254.0,254.0,254.0,232.0,254.0,310.0,254.0,254.0,254.0,254.0,254.0,254.0,254.0,254.0,254.0,254.0,254.0,254.0,254.0,254.0,283.0,254.0,254.0,254.0,310.0,254.0,254.0,254.0,254.0,254.0,254.0,254.0,254.0,254.0,254.0,296.0,254.0,310.0,254.0,254.0,254.0,254.0,254.0,254.0,310.0,254.0,254.0,254.0,254.0,310.0,254.0,280.0,318.0,273.0,254.0,273.0,273.0,273.0,273.0,273.0,273.0,273.0,273.0,273.0,273.0,273.0,273.0,273.0,254.0,273.0,315.0,244.0,273.0,254.0,273.0,273.0,273.0,273.0,273.0,273.0,273.0,273.0,273.0,273.0,273.0,273.0,337.0,273.0,273.0,273.0,273.0
hDenV4/Colombia/un-OUCRU-594/2013,3080.0,3058.0,3058.0,3058.0,3058.0,3058.0,3058.0,3079.0,3058.0,3127.0,3111.0,3193.0,3080.0,3044.0,3046.0,3046.0,3046.0,3084.0,3046.0,3084.0,3084.0,3050.0,3050.0,3050.0,3050.0,3070.0,3070.0,3084.0,3058.0,3084.0,3050.0,3058.0,3050.0,3084.0,3104.0,3070.0,3050.0,3055.0,3050.0,3050.0,3050.0,3050.0,3050.0,3084.0,3050.0,3050.0,3036.0,3084.0,3058.0,3058.0,3058.0,3058.0,3094.0,3094.0,3094.0,3142.0,3050.0,3058.0,3116.0,3050.0,3058.0,3050.0,3050.0,3050.0,3058.0,3058.0,3084.0,3050.0,3058.0,3084.0,3084.0,3050.0,3050.0,3084.0,3050.0,3050.0,3058.0,3058.0,3058.0,3058.0,3063.0,3058.0,3058.0,3058.0,3058.0,3063.0,3058.0,3036.0,3084.0,3058.0,3058.0,3058.0,3058.0,3058.0,3050.0,3058.0,3050.0,3050.0,3050.0,3058.0,3050.0,3058.0,3058.0,3050.0,3058.0,3058.0,3058.0,3050.0,3050.0,3058.0,3050.0,3044.0,3058.0,3058.0,3046.0,3058.0,3058.0,3058.0,3058.0,3058.0,3058.0,3050.0,3058.0,3084.0,3058.0,3058.0,3058.0,3058.0,2994.0,3058.0,3058.0,3058.0,3044.0,3058.0,3058.0,3058.0,3058.0,3116.0,3058.0,3058.0,3058.0,3058.0,3116.0,3044.0,3058.0,3050.0,3058.0,3044.0,3058.0,3058.0,3058.0,3058.0,3050.0,3058.0,3058.0,3058.0,3058.0,3050.0,3058.0,3058.0,3058.0,3058.0,3058.0,3058.0,3043.0,3058.0,3058.0,3058.0,3095.0,3058.0,3058.0,3058.0,3058.0,3058.0,3058.0,3058.0,3058.0,3058.0,3037.0,3058.0,3058.0,3058.0,3031.0,3058.0,3058.0,3165.0,3058.0,3058.0,3045.0,3058.0,3098.0,3058.0,3058.0,3058.0,3058.0,3058.0,3058.0,3039.0,3058.0,3058.0,3058.0,3058.0,3046.0,3116.0,3058.0,3058.0,3058.0,3058.0,3058.0,3058.0,3058.0,3058.0,3058.0,3058.0,3165.0,3058.0,3058.0,3058.0,3058.0,3058.0,3050.0,3058.0,3127.0,3058.0,3058.0,3058.0,3058.0,3058.0,3058.0,3058.0,3050.0,3058.0,3050.0,3050.0,3058.0,3050.0,3058.0,3058.0,3058.0,3058.0,3116.0,3058.0,3058.0,3050.0,3050.0,3050.0,3058.0,3058.0,3050.0,3058.0,3116.0,3058.0,3058.0,3050.0,3058.0,3058.0,3058.0,3058.0,3058.0,3058.0,3058.0,3058.0,3058.0,3058.0,3058.0,3122.0,3058.0,3058.0,3058.0,3058.0,3058.0,3058.0,3058.0,3058.0,3079.0,3058.0,3058.0,3058.0,3058.0,3058.0,3058.0,3058.0,3058.0,3044.0,3134.0,3050.0,3058.0,3058.0,3058.0,3058.0,3058.0,3058.0,3058.0,3068.0,3058.0,3058.0,3058.0,3058.0,3058.0,3044.0,3058.0,3058.0,3058.0,3058.0,3079.0,3058.0,3058.0,3058.0,3058.0,3044.0,3058.0,3058.0,3058.0,3044.0,3058.0,3058.0,3058.0,3058.0,3058.0,3058.0,3058.0,3058.0,3058.0,3058.0,3058.0,3058.0,3058.0,3058.0,3058.0,3058.0,3058.0,3058.0,3146.0,3058.0,3058.0,3058.0,3058.0,3058.0,3116.0,3058.0,3022.0,3058.0,3058.0,3079.0,3058.0,3058.0,3006.0,3040.0,3058.0,3058.0,3058.0,3046.0,3058.0,3058.0,3058.0,3043.0,3116.0,3058.0,3045.0,3058.0,3058.0,3058.0,3058.0,3058.0,3058.0,3058.0,3058.0,3058.0,3116.0,3058.0,3058.0,3058.0,3058.0,3058.0,3058.0,3058.0,3116.0,3058.0,2969.0,3058.0,3058.0,3058.0,3058.0,3058.0,3058.0,3082.0,3058.0,3058.0,3058.0,3046.0,3058.0,3058.0,3058.0,3058.0,3058.0,3058.0,3058.0,3058.0,3058.0,3058.0,3058.0,3058.0,3058.0,3116.0,3058.0,3058.0,3058.0,3058.0,3058.0,3058.0,3058.0,3116.0,3085.0,3058.0,3116.0,3058.0,3058.0,3058.0,3058.0,3058.0,3058.0,3058.0,3058.0,3058.0,3121.0,3058.0,3058.0,3121.0,3046.0,3130.0,3058.0,3046.0,3058.0,3040.0,3058.0,3116.0,3058.0,3058.0,3058.0,3096.0,3058.0,3058.0,3058.0,3022.0,3058.0,3180.0,3058.0,3058.0,3058.0,3121.0,3046.0,3058.0,3058.0,3090.0,3058.0,3116.0,3058.0,3058.0,3046.0,3050.0,3058.0,3058.0,3058.0,3058.0,3058.0,3058.0,3058.0,3058.0,3058.0,2994.0,3058.0,3058.0,3044.0,3058.0,3116.0,3058.0,3058.0,3058.0,3058.0,3058.0,3058.0,3058.0,3058.0,3040.0,3058.0,3116.0,3058.0,3116.0,3058.0,3058.0,3085.0,3058.0,3058.0,3046.0,3058.0,3058.0,3058.0,3058.0,3116.0,3058.0,3058.0,3058.0,3058.0,3046.0,3116.0,3058.0,3116.0,3058.0,3058.0,3116.0,3058.0,3058.0,3058.0,3044.0,3058.0,3058.0,3058.0,3058.0,3058.0,3058.0,3090.0,3046.0,3058.0,3058.0,2994.0,2994.0,2994.0,3116.0,3078.0,3058.0,3058.0,3058.0,3139.0,3058.0,3058.0,2994.0,3090.0,3058.0,3068.0,3058.0,2994.0,3116.0,3046.0,3058.0,3058.0,3058.0,2994.0,3058.0,3058.0,3058.0,3046.0,3088.0,2994.0,3058.0,3058.0,2994.0,2994.0,2994.0,3058.0,3090.0,3058.0,3058.0,3058.0,2994.0,3058.0,2994.0,3058.0,3058.0,3058.0,2994.0,3058.0,3116.0,3058.0,3046.0,3058.0,2994.0,3058.0,2994.0,3058.0,3131.0,2994.0,3116.0,3058.0,3058.0,3058.0,3058.0,3058.0,3116.0,3116.0,3058.0,3058.0,3058.0,3058.0,3058.0,2994.0,3052.0,2994.0,3058.0,3058.0,3058.0,2994.0,2994.0,3058.0,3058.0,3058.0,3096.0,3116.0,3058.0,3058.0,3058.0,3090.0,3058.0,3058.0,3058.0,3058.0,3058.0,3058.0,3058.0,3058.0,3058.0,3058.0,3058.0,3058.0,3090.0,3090.0,3058.0,3058.0,3080.0,3058.0,3058.0,3058.0,3058.0,3058.0,3058.0,3058.0,3058.0,3058.0,3058.0,3058.0,3139.0,3058.0,3058.0,3067.0,2959.0,3058.0,3058.0,3058.0,3058.0,3058.0,3058.0,3079.0,3058.0,3058.0,3058.0,3058.0,3096.0,3058.0,3058.0,3087.0,3058.0,3058.0,3058.0,3058.0,3058.0,3058.0,2994.0,3117.0,3058.0,3058.0,3046.0,3058.0,3058.0,3139.0,3139.0,3058.0,3116.0,2994.0,2994.0,2994.0,3058.0,3058.0,3135.0,3018.0,2429.0,2502.0,2502.0,2534.0,2470.0,2449.0,2497.0,2420.0,2502.0,2502.0,2502.0,2502.0,2502.0,2548.0,2502.0,2502.0,2502.0,2548.0,2473.0,2502.0,2502.0,2502.0,2473.0,2502.0,2473.0,2540.0,2502.0,2531.0,2502.0,2473.0,2473.0,2502.0,2502.0,2502.0,2502.0,2502.0,2502.0,2502.0,2502.0,2502.0,2473.0,2473.0,2502.0,2502.0,2502.0,2502.0,2473.0,2502.0,2502.0,2502.0,2502.0,2473.0,2502.0,2502.0,2502.0,2502.0,2502.0,2502.0,2502.0,2473.0,2502.0,2502.0,2513.0,2502.0,2502.0,2502.0,2444.0,2473.0,2502.0,2502.0,2473.0,2502.0,2502.0,2502.0,2502.0,2502.0,2502.0,2473.0,2473.0,2502.0,2566.0,2502.0,2502.0,2473.0,2502.0,2502.0,2502.0,2502.0,2502.0,2502.0,2502.0,2473.0,2502.0,2502.0,2473.0,2502.0,2502.0,2502.0,2502.0,2502.0,2473.0,2473.0,2502.0,2502.0,2502.0,2502.0,2502.0,2502.0,2473.0,2502.0,2502.0,2502.0,2502.0,2502.0,2502.0,2502.0,2502.0,2473.0,2502.0,2502.0,2502.0,2502.0,2502.0,2502.0,2502.0,2502.0,2502.0,2596.0,2502.0,2473.0,2502.0,2502.0,2502.0,2502.0,2502.0,2502.0,2502.0,2502.0,2502.0,2502.0,2502.0,2502.0,2502.0,2502.0,2502.0,2502.0,2502.0,2502.0,2502.0,2502.0,2502.0,2502.0,2502.0,2502.0,2504.0,2502.0,2502.0,2502.0,2502.0,2502.0,2502.0,2502.0,2502.0,2502.0,2502.0,2502.0,2502.0,2502.0,2502.0,2502.0,2502.0,2502.0,2502.0,2502.0,2502.0,2502.0,2502.0,2502.0,2502.0,2502.0,2502.0,2502.0,2502.0,2502.0,2502.0,2502.0,2502.0,2502.0,2502.0,2502.0,2502.0,2502.0,2502.0,2502.0,2502.0,2502.0,2502.0,2502.0,2502.0,2502.0,2502.0,2502.0,2502.0,2502.0,2548.0,2502.0,2502.0,2502.0,2502.0,2502.0,2502.0,2502.0,2502.0,2502.0,2502.0,2502.0,2502.0,2502.0,2502.0,2502.0,2502.0,2502.0,2502.0,2502.0,2502.0,2502.0,2502.0,2502.0,2502.0,2502.0,2502.0,2502.0,2502.0,2502.0,2502.0,2502.0,2502.0,2502.0,2502.0,2502.0,2502.0,2502.0,2502.0,2502.0,2502.0,2502.0,2548.0,2502.0,2502.0,2502.0,2502.0,2502.0,2502.0,2502.0,2502.0,2502.0,2502.0,2502.0,2502.0,2502.0,2502.0,2502.0,2502.0,2502.0,2502.0,2502.0,2502.0,2502.0,2502.0,2502.0,2502.0,2502.0,2571.0,2502.0,2502.0,2502.0,2502.0,2502.0,2502.0,2502.0,2502.0,2502.0,2502.0,2502.0,2547.0,2502.0,2502.0,2476.0,2502.0,2502.0,2502.0,2502.0,2502.0,2502.0,2502.0,2502.0,2522.0,2502.0,2555.0,2502.0,2502.0,2502.0,2502.0,2502.0,2502.0,2502.0,2502.0,2502.0,2502.0,2502.0,2502.0,2548.0,2502.0,2502.0,2502.0,2548.0,2502.0,2502.0,2502.0,2502.0,2502.0,2548.0,2502.0,2502.0,2502.0,2502.0,2502.0,2502.0,2502.0,2502.0,2502.0,2502.0,2502.0,2502.0,2502.0,2502.0,2502.0,2502.0,2502.0,2502.0,2502.0,2502.0,2502.0,2502.0,2502.0,2502.0,2502.0,2502.0,2531.0,2502.0,2502.0,2502.0,2502.0,2502.0,2540.0,2502.0,2502.0,2502.0,2540.0,2502.0,2502.0,2502.0,2502.0,2502.0,2502.0,2531.0,2531.0,2502.0,2502.0,2502.0,2502.0,2502.0,2502.0,2531.0,2502.0,2404.0,2502.0,2502.0,2502.0,2502.0,2502.0,2502.0,2516.0,2502.0,2502.0,2502.0,2502.0,2502.0,2438.0,2502.0,2502.0,2502.0,2502.0,2502.0,2502.0,2502.0,2502.0,2502.0,2502.0,2502.0,2502.0,2502.0,2502.0,2502.0,2502.0,2502.0,2502.0,2502.0,2476.0,2502.0,2502.0,2502.0,2502.0,2531.0,2502.0,2502.0,2502.0,2502.0,2502.0,2502.0,2502.0,2502.0,2502.0,2502.0,2502.0,2502.0,2502.0,2502.0,2502.0,2502.0,2502.0,2502.0,2502.0,2502.0,2502.0,2502.0,2531.0,2502.0,2502.0,2502.0,2502.0,2502.0,2502.0,2502.0,8245.0,8251.0,8245.0,8234.0,8245.0,8245.0,8219.0,8263.0,8245.0,8245.0,8306.0,8286.0,8245.0,8328.0,8480.0,8264.0,8245.0,8245.0,8245.0,8245.0,8245.0,8245.0,8245.0,8245.0,8245.0,8245.0,8245.0,8245.0,8245.0,8245.0,8245.0,8245.0,8245.0,8245.0,8245.0,8245.0,8240.0,8245.0,8245.0,8245.0,8245.0,8245.0,8245.0,8245.0,8245.0,8245.0,8245.0,8245.0,8245.0,8245.0,8245.0,8245.0,8245.0,8245.0,8286.0,8245.0,8245.0,8245.0,8245.0,8245.0,8245.0,8245.0,8245.0,8245.0,8245.0,8245.0,8245.0,8245.0,8286.0,8245.0,8245.0,8245.0,8245.0,8245.0,8245.0,8245.0,8245.0,8245.0,8245.0,8245.0,8245.0,8245.0,8245.0,8245.0,8245.0,8245.0,8245.0,8245.0,8245.0,8245.0,8245.0,8245.0,8274.0,8242.0,8245.0,8334.0,8245.0,8245.0,8245.0,8245.0,8245.0,8245.0,8245.0,8334.0,8245.0,8245.0,8245.0,8245.0,8245.0,8263.0,8263.0,8334.0,8245.0,8245.0,8245.0,8226.0,8245.0,8265.0,8245.0,8245.0,8245.0,8245.0,8245.0,8245.0,8251.0,8245.0,8245.0,8245.0,8245.0,8245.0,8156.0,8245.0,8245.0,8245.0,8245.0,8245.0,8245.0,8245.0,8245.0,8245.0,8245.0,8245.0,8245.0,8245.0,8245.0,8245.0,8245.0,8245.0,8245.0,8245.0,8245.0,8334.0,8257.0,8245.0,8245.0,8245.0,8245.0,8245.0,8245.0,8245.0,8245.0,8245.0,8245.0,8274.0,8263.0,8263.0,8245.0,8251.0,8245.0,8251.0,8245.0,8245.0,8245.0,8394.0,8334.0,8245.0,8245.0,8245.0,8244.0,8245.0,8245.0,8245.0,8334.0,8245.0,8245.0,8245.0,8245.0,8245.0,8245.0,8245.0,8245.0,8245.0,8245.0,8245.0,8245.0,8245.0,8245.0,8245.0,8245.0,8200.0,8245.0,8245.0,8245.0,8245.0,8200.0,8245.0,8245.0,8245.0,8245.0,8158.0,8245.0,8245.0,8245.0,8245.0,8245.0,8245.0,8156.0,8245.0,8245.0,8263.0,8263.0,8334.0,8245.0,8245.0,8473.0,8245.0,8263.0,8245.0,8334.0,8245.0,8245.0,8245.0,8245.0,8263.0,8245.0,8245.0,8245.0,8245.0,8245.0,8245.0,8245.0,8245.0,8245.0,8245.0,8245.0,8245.0,8245.0,8245.0,8245.0,8334.0,8245.0,8264.0,8245.0,8263.0,8245.0,8245.0,8245.0,8263.0,8334.0,8245.0,8245.0,8334.0,8245.0,8245.0,8245.0,8245.0,8245.0,8245.0,8245.0,8245.0,8245.0,8245.0,8245.0,8245.0,8245.0,8245.0,8245.0,8245.0,8245.0,8245.0,8245.0,8245.0,8245.0,8334.0,8245.0,8245.0,8263.0,8245.0,8245.0,8245.0,8334.0,8245.0,8334.0,8245.0,8334.0,8263.0,8245.0,8245.0,8245.0,8245.0,8245.0,8245.0,8263.0,8245.0,8263.0,8245.0,8245.0,8245.0,8334.0,8245.0,8245.0,8245.0,8245.0,8245.0,8245.0,8245.0,8245.0,8245.0,8245.0,8245.0,8245.0,8245.0,8245.0,8245.0,8245.0,8245.0,8245.0,8245.0,8334.0,8245.0,8334.0,8334.0,8245.0,8245.0,8245.0,8245.0,8245.0,8245.0,8264.0,8245.0,8245.0,8245.0,8245.0,8245.0,8245.0,8245.0,8245.0,8245.0,8245.0,8245.0,8245.0,8245.0,8245.0,8245.0,8334.0,8245.0,8274.0,8245.0,8245.0,8245.0,8334.0,8245.0,8245.0,8334.0,8245.0,8245.0,8245.0,8245.0,8245.0,8245.0,8245.0,8245.0,8334.0,8245.0,8245.0,8245.0,8334.0,8245.0,8245.0,8245.0,8245.0,8245.0,8245.0,8245.0,8245.0,8245.0,8245.0,8245.0,8334.0,8245.0,8334.0,8216.0,8245.0,8245.0,8245.0,8264.0,8245.0,8245.0,8334.0,8245.0,8334.0,8245.0,8245.0,8334.0,8334.0,8334.0,8245.0,8245.0,8264.0,8305.0,8245.0,8245.0,8334.0,8334.0,8264.0,8264.0,8334.0,8245.0,8334.0,8334.0,8334.0,8334.0,8346.0,8245.0,8334.0,8334.0,8264.0,8334.0,8334.0,8245.0,8334.0,8245.0,8334.0,8334.0,8334.0,8264.0,8334.0,8264.0,8334.0,8334.0,8264.0,8264.0,8264.0,8264.0,8264.0,8334.0,8334.0,8221.0,8264.0,8270.0,8264.0,8264.0,8264.0,8264.0,8245.0,8264.0,8264.0,8264.0,8264.0,8264.0,8264.0,8193.0,8264.0,8348.0,8264.0,8348.0,8264.0,8264.0,8346.0,8264.0,8245.0,8245.0,128.0,173.0,489.0,250.0,99.0,231.0,231.0,231.0,231.0,231.0,231.0,231.0,231.0,231.0,231.0,231.0,231.0,231.0,231.0,231.0,231.0,231.0,231.0,231.0,231.0,231.0,231.0,231.0,231.0,231.0,231.0,231.0,231.0,231.0,231.0,231.0,231.0,231.0,231.0,231.0,231.0,260.0,231.0,231.0,231.0,320.0,231.0,231.0,320.0,231.0,231.0,260.0,231.0,231.0,260.0,287.0,257.0,303.0,257.0,250.0,257.0,257.0,250.0,231.0,277.0,250.0,250.0,231.0,231.0,250.0,231.0,231.0,231.0,231.0,231.0,231.0,231.0,231.0,231.0,231.0,231.0,257.0,250.0,231.0,231.0,231.0,231.0,231.0,231.0,231.0,231.0,231.0,231.0,231.0,231.0,277.0,231.0,231.0,231.0,231.0,231.0,231.0,231.0,231.0,231.0,231.0,231.0,231.0,231.0,231.0,231.0,231.0,231.0,231.0,231.0,231.0,231.0,231.0,231.0,231.0,231.0,231.0,231.0,231.0,231.0,231.0,231.0,231.0,231.0,231.0,231.0,231.0,231.0,231.0,231.0,231.0,208.0,231.0,231.0,231.0,231.0,250.0,231.0,231.0,231.0,231.0,231.0,231.0,252.0,231.0,250.0,231.0,231.0,231.0,231.0,231.0,231.0,231.0,231.0,231.0,231.0,231.0,250.0,231.0,231.0,231.0,231.0,231.0,250.0,231.0,231.0,250.0,250.0,231.0,231.0,231.0,250.0,231.0,231.0,231.0,231.0,231.0,231.0,231.0,231.0,231.0,231.0,231.0,231.0,231.0,231.0,277.0,231.0,231.0,231.0,231.0,231.0,231.0,231.0,231.0,277.0,231.0,231.0,321.0,231.0,231.0,231.0,231.0,287.0,231.0,231.0,231.0,231.0,231.0,231.0,231.0,231.0,231.0,231.0,173.0,231.0,231.0,231.0,231.0,250.0,231.0,231.0,279.0,231.0,231.0,231.0,231.0,231.0,231.0,231.0,231.0,231.0,231.0,231.0,231.0,231.0,231.0,231.0,231.0,231.0,254.0,231.0,231.0,231.0,287.0,231.0,231.0,231.0,231.0,231.0,231.0,231.0,231.0,231.0,231.0,231.0,250.0,231.0,231.0,231.0,231.0,231.0,231.0,231.0,231.0,231.0,241.0,231.0,231.0,231.0,287.0,231.0,231.0,231.0,231.0,231.0,231.0,231.0,231.0,231.0,231.0,231.0,295.0,231.0,231.0,231.0,287.0,231.0,231.0,231.0,209.0,231.0,287.0,231.0,231.0,231.0,231.0,231.0,231.0,231.0,231.0,231.0,231.0,231.0,231.0,231.0,231.0,260.0,231.0,231.0,231.0,287.0,231.0,231.0,231.0,231.0,231.0,231.0,231.0,231.0,231.0,231.0,277.0,231.0,287.0,231.0,231.0,231.0,231.0,231.0,231.0,287.0,231.0,231.0,231.0,231.0,287.0,231.0,257.0,295.0,250.0,231.0,250.0,250.0,250.0,250.0,250.0,250.0,250.0,250.0,250.0,250.0,250.0,250.0,250.0,231.0,250.0,296.0,221.0,250.0,231.0,250.0,250.0,250.0,250.0,250.0,250.0,250.0,250.0,250.0,250.0,250.0,250.0,314.0,250.0,250.0,250.0,250.0
hDenV4/Colombia/un-OUCRU-595/2013,3080.0,3058.0,3058.0,3058.0,3058.0,3058.0,3058.0,3079.0,3058.0,3127.0,3111.0,3193.0,3080.0,3044.0,3046.0,3046.0,3046.0,3084.0,3046.0,3084.0,3084.0,3050.0,3050.0,3050.0,3050.0,3070.0,3070.0,3084.0,3058.0,3084.0,3050.0,3058.0,3050.0,3084.0,3104.0,3070.0,3050.0,3055.0,3050.0,3050.0,3050.0,3050.0,3050.0,3084.0,3050.0,3050.0,3036.0,3084.0,3058.0,3058.0,3058.0,3058.0,3094.0,3094.0,3094.0,3142.0,3050.0,3058.0,3116.0,3050.0,3058.0,3050.0,3050.0,3050.0,3058.0,3058.0,3084.0,3050.0,3058.0,3084.0,3084.0,3050.0,3050.0,3084.0,3050.0,3050.0,3058.0,3058.0,3058.0,3058.0,3063.0,3058.0,3058.0,3058.0,3058.0,3063.0,3058.0,3036.0,3084.0,3058.0,3058.0,3058.0,3058.0,3058.0,3050.0,3058.0,3050.0,3050.0,3050.0,3058.0,3050.0,3058.0,3058.0,3050.0,3058.0,3058.0,3058.0,3050.0,3050.0,3058.0,3050.0,3044.0,3058.0,3058.0,3046.0,3058.0,3058.0,3058.0,3058.0,3058.0,3058.0,3050.0,3058.0,3084.0,3058.0,3058.0,3058.0,3058.0,2994.0,3058.0,3058.0,3058.0,3044.0,3058.0,3058.0,3058.0,3058.0,3116.0,3058.0,3058.0,3058.0,3058.0,3116.0,3044.0,3058.0,3050.0,3058.0,3044.0,3058.0,3058.0,3058.0,3058.0,3050.0,3058.0,3058.0,3058.0,3058.0,3050.0,3058.0,3058.0,3058.0,3058.0,3058.0,3058.0,3043.0,3058.0,3058.0,3058.0,3095.0,3058.0,3058.0,3058.0,3058.0,3058.0,3058.0,3058.0,3058.0,3058.0,3037.0,3058.0,3058.0,3058.0,3031.0,3058.0,3058.0,3165.0,3058.0,3058.0,3045.0,3058.0,3098.0,3058.0,3058.0,3058.0,3058.0,3058.0,3058.0,3039.0,3058.0,3058.0,3058.0,3058.0,3046.0,3116.0,3058.0,3058.0,3058.0,3058.0,3058.0,3058.0,3058.0,3058.0,3058.0,3058.0,3165.0,3058.0,3058.0,3058.0,3058.0,3058.0,3050.0,3058.0,3127.0,3058.0,3058.0,3058.0,3058.0,3058.0,3058.0,3058.0,3050.0,3058.0,3050.0,3050.0,3058.0,3050.0,3058.0,3058.0,3058.0,3058.0,3116.0,3058.0,3058.0,3050.0,3050.0,3050.0,3058.0,3058.0,3050.0,3058.0,3116.0,3058.0,3058.0,3050.0,3058.0,3058.0,3058.0,3058.0,3058.0,3058.0,3058.0,3058.0,3058.0,3058.0,3058.0,3122.0,3058.0,3058.0,3058.0,3058.0,3058.0,3058.0,3058.0,3058.0,3079.0,3058.0,3058.0,3058.0,3058.0,3058.0,3058.0,3058.0,3058.0,3044.0,3134.0,3050.0,3058.0,3058.0,3058.0,3058.0,3058.0,3058.0,3058.0,3068.0,3058.0,3058.0,3058.0,3058.0,3058.0,3044.0,3058.0,3058.0,3058.0,3058.0,3079.0,3058.0,3058.0,3058.0,3058.0,3044.0,3058.0,3058.0,3058.0,3044.0,3058.0,3058.0,3058.0,3058.0,3058.0,3058.0,3058.0,3058.0,3058.0,3058.0,3058.0,3058.0,3058.0,3058.0,3058.0,3058.0,3058.0,3058.0,3146.0,3058.0,3058.0,3058.0,3058.0,3058.0,3116.0,3058.0,3022.0,3058.0,3058.0,3079.0,3058.0,3058.0,3006.0,3040.0,3058.0,3058.0,3058.0,3046.0,3058.0,3058.0,3058.0,3043.0,3116.0,3058.0,3045.0,3058.0,3058.0,3058.0,3058.0,3058.0,3058.0,3058.0,3058.0,3058.0,3116.0,3058.0,3058.0,3058.0,3058.0,3058.0,3058.0,3058.0,3116.0,3058.0,2969.0,3058.0,3058.0,3058.0,3058.0,3058.0,3058.0,3082.0,3058.0,3058.0,3058.0,3046.0,3058.0,3058.0,3058.0,3058.0,3058.0,3058.0,3058.0,3058.0,3058.0,3058.0,3058.0,3058.0,3058.0,3116.0,3058.0,3058.0,3058.0,3058.0,3058.0,3058.0,3058.0,3116.0,3085.0,3058.0,3116.0,3058.0,3058.0,3058.0,3058.0,3058.0,3058.0,3058.0,3058.0,3058.0,3121.0,3058.0,3058.0,3121.0,3046.0,3130.0,3058.0,3046.0,3058.0,3040.0,3058.0,3116.0,3058.0,3058.0,3058.0,3096.0,3058.0,3058.0,3058.0,3022.0,3058.0,3180.0,3058.0,3058.0,3058.0,3121.0,3046.0,3058.0,3058.0,3090.0,3058.0,3116.0,3058.0,3058.0,3046.0,3050.0,3058.0,3058.0,3058.0,3058.0,3058.0,3058.0,3058.0,3058.0,3058.0,2994.0,3058.0,3058.0,3044.0,3058.0,3116.0,3058.0,3058.0,3058.0,3058.0,3058.0,3058.0,3058.0,3058.0,3040.0,3058.0,3116.0,3058.0,3116.0,3058.0,3058.0,3085.0,3058.0,3058.0,3046.0,3058.0,3058.0,3058.0,3058.0,3116.0,3058.0,3058.0,3058.0,3058.0,3046.0,3116.0,3058.0,3116.0,3058.0,3058.0,3116.0,3058.0,3058.0,3058.0,3044.0,3058.0,3058.0,3058.0,3058.0,3058.0,3058.0,3090.0,3046.0,3058.0,3058.0,2994.0,2994.0,2994.0,3116.0,3078.0,3058.0,3058.0,3058.0,3139.0,3058.0,3058.0,2994.0,3090.0,3058.0,3068.0,3058.0,2994.0,3116.0,3046.0,3058.0,3058.0,3058.0,2994.0,3058.0,3058.0,3058.0,3046.0,3088.0,2994.0,3058.0,3058.0,2994.0,2994.0,2994.0,3058.0,3090.0,3058.0,3058.0,3058.0,2994.0,3058.0,2994.0,3058.0,3058.0,3058.0,2994.0,3058.0,3116.0,3058.0,3046.0,3058.0,2994.0,3058.0,2994.0,3058.0,3131.0,2994.0,3116.0,3058.0,3058.0,3058.0,3058.0,3058.0,3116.0,3116.0,3058.0,3058.0,3058.0,3058.0,3058.0,2994.0,3052.0,2994.0,3058.0,3058.0,3058.0,2994.0,2994.0,3058.0,3058.0,3058.0,3096.0,3116.0,3058.0,3058.0,3058.0,3090.0,3058.0,3058.0,3058.0,3058.0,3058.0,3058.0,3058.0,3058.0,3058.0,3058.0,3058.0,3058.0,3090.0,3090.0,3058.0,3058.0,3080.0,3058.0,3058.0,3058.0,3058.0,3058.0,3058.0,3058.0,3058.0,3058.0,3058.0,3058.0,3139.0,3058.0,3058.0,3067.0,2959.0,3058.0,3058.0,3058.0,3058.0,3058.0,3058.0,3079.0,3058.0,3058.0,3058.0,3058.0,3096.0,3058.0,3058.0,3087.0,3058.0,3058.0,3058.0,3058.0,3058.0,3058.0,2994.0,3117.0,3058.0,3058.0,3046.0,3058.0,3058.0,3139.0,3139.0,3058.0,3116.0,2994.0,2994.0,2994.0,3058.0,3058.0,3135.0,3018.0,2429.0,2502.0,2502.0,2534.0,2470.0,2449.0,2497.0,2420.0,2502.0,2502.0,2502.0,2502.0,2502.0,2548.0,2502.0,2502.0,2502.0,2548.0,2473.0,2502.0,2502.0,2502.0,2473.0,2502.0,2473.0,2540.0,2502.0,2531.0,2502.0,2473.0,2473.0,2502.0,2502.0,2502.0,2502.0,2502.0,2502.0,2502.0,2502.0,2502.0,2473.0,2473.0,2502.0,2502.0,2502.0,2502.0,2473.0,2502.0,2502.0,2502.0,2502.0,2473.0,2502.0,2502.0,2502.0,2502.0,2502.0,2502.0,2502.0,2473.0,2502.0,2502.0,2513.0,2502.0,2502.0,2502.0,2444.0,2473.0,2502.0,2502.0,2473.0,2502.0,2502.0,2502.0,2502.0,2502.0,2502.0,2473.0,2473.0,2502.0,2566.0,2502.0,2502.0,2473.0,2502.0,2502.0,2502.0,2502.0,2502.0,2502.0,2502.0,2473.0,2502.0,2502.0,2473.0,2502.0,2502.0,2502.0,2502.0,2502.0,2473.0,2473.0,2502.0,2502.0,2502.0,2502.0,2502.0,2502.0,2473.0,2502.0,2502.0,2502.0,2502.0,2502.0,2502.0,2502.0,2502.0,2473.0,2502.0,2502.0,2502.0,2502.0,2502.0,2502.0,2502.0,2502.0,2502.0,2596.0,2502.0,2473.0,2502.0,2502.0,2502.0,2502.0,2502.0,2502.0,2502.0,2502.0,2502.0,2502.0,2502.0,2502.0,2502.0,2502.0,2502.0,2502.0,2502.0,2502.0,2502.0,2502.0,2502.0,2502.0,2502.0,2502.0,2504.0,2502.0,2502.0,2502.0,2502.0,2502.0,2502.0,2502.0,2502.0,2502.0,2502.0,2502.0,2502.0,2502.0,2502.0,2502.0,2502.0,2502.0,2502.0,2502.0,2502.0,2502.0,2502.0,2502.0,2502.0,2502.0,2502.0,2502.0,2502.0,2502.0,2502.0,2502.0,2502.0,2502.0,2502.0,2502.0,2502.0,2502.0,2502.0,2502.0,2502.0,2502.0,2502.0,2502.0,2502.0,2502.0,2502.0,2502.0,2502.0,2502.0,2548.0,2502.0,2502.0,2502.0,2502.0,2502.0,2502.0,2502.0,2502.0,2502.0,2502.0,2502.0,2502.0,2502.0,2502.0,2502.0,2502.0,2502.0,2502.0,2502.0,2502.0,2502.0,2502.0,2502.0,2502.0,2502.0,2502.0,2502.0,2502.0,2502.0,2502.0,2502.0,2502.0,2502.0,2502.0,2502.0,2502.0,2502.0,2502.0,2502.0,2502.0,2502.0,2548.0,2502.0,2502.0,2502.0,2502.0,2502.0,2502.0,2502.0,2502.0,2502.0,2502.0,2502.0,2502.0,2502.0,2502.0,2502.0,2502.0,2502.0,2502.0,2502.0,2502.0,2502.0,2502.0,2502.0,2502.0,2502.0,2571.0,2502.0,2502.0,2502.0,2502.0,2502.0,2502.0,2502.0,2502.0,2502.0,2502.0,2502.0,2547.0,2502.0,2502.0,2476.0,2502.0,2502.0,2502.0,2502.0,2502.0,2502.0,2502.0,2502.0,2522.0,2502.0,2555.0,2502.0,2502.0,2502.0,2502.0,2502.0,2502.0,2502.0,2502.0,2502.0,2502.0,2502.0,2502.0,2548.0,2502.0,2502.0,2502.0,2548.0,2502.0,2502.0,2502.0,2502.0,2502.0,2548.0,2502.0,2502.0,2502.0,2502.0,2502.0,2502.0,2502.0,2502.0,2502.0,2502.0,2502.0,2502.0,2502.0,2502.0,2502.0,2502.0,2502.0,2502.0,2502.0,2502.0,2502.0,2502.0,2502.0,2502.0,2502.0,2502.0,2531.0,2502.0,2502.0,2502.0,2502.0,2502.0,2540.0,2502.0,2502.0,2502.0,2540.0,2502.0,2502.0,2502.0,2502.0,2502.0,2502.0,2531.0,2531.0,2502.0,2502.0,2502.0,2502.0,2502.0,2502.0,2531.0,2502.0,2404.0,2502.0,2502.0,2502.0,2502.0,2502.0,2502.0,2516.0,2502.0,2502.0,2502.0,2502.0,2502.0,2438.0,2502.0,2502.0,2502.0,2502.0,2502.0,2502.0,2502.0,2502.0,2502.0,2502.0,2502.0,2502.0,2502.0,2502.0,2502.0,2502.0,2502.0,2502.0,2502.0,2476.0,2502.0,2502.0,2502.0,2502.0,2531.0,2502.0,2502.0,2502.0,2502.0,2502.0,2502.0,2502.0,2502.0,2502.0,2502.0,2502.0,2502.0,2502.0,2502.0,2502.0,2502.0,2502.0,2502.0,2502.0,2502.0,2502.0,2502.0,2531.0,2502.0,2502.0,2502.0,2502.0,2502.0,2502.0,2502.0,8245.0,8251.0,8245.0,8234.0,8245.0,8245.0,8219.0,8263.0,8245.0,8245.0,8306.0,8286.0,8245.0,8328.0,8480.0,8264.0,8245.0,8245.0,8245.0,8245.0,8245.0,8245.0,8245.0,8245.0,8245.0,8245.0,8245.0,8245.0,8245.0,8245.0,8245.0,8245.0,8245.0,8245.0,8245.0,8245.0,8240.0,8245.0,8245.0,8245.0,8245.0,8245.0,8245.0,8245.0,8245.0,8245.0,8245.0,8245.0,8245.0,8245.0,8245.0,8245.0,8245.0,8245.0,8286.0,8245.0,8245.0,8245.0,8245.0,8245.0,8245.0,8245.0,8245.0,8245.0,8245.0,8245.0,8245.0,8245.0,8286.0,8245.0,8245.0,8245.0,8245.0,8245.0,8245.0,8245.0,8245.0,8245.0,8245.0,8245.0,8245.0,8245.0,8245.0,8245.0,8245.0,8245.0,8245.0,8245.0,8245.0,8245.0,8245.0,8245.0,8274.0,8242.0,8245.0,8334.0,8245.0,8245.0,8245.0,8245.0,8245.0,8245.0,8245.0,8334.0,8245.0,8245.0,8245.0,8245.0,8245.0,8263.0,8263.0,8334.0,8245.0,8245.0,8245.0,8226.0,8245.0,8265.0,8245.0,8245.0,8245.0,8245.0,8245.0,8245.0,8251.0,8245.0,8245.0,8245.0,8245.0,8245.0,8156.0,8245.0,8245.0,8245.0,8245.0,8245.0,8245.0,8245.0,8245.0,8245.0,8245.0,8245.0,8245.0,8245.0,8245.0,8245.0,8245.0,8245.0,8245.0,8245.0,8245.0,8334.0,8257.0,8245.0,8245.0,8245.0,8245.0,8245.0,8245.0,8245.0,8245.0,8245.0,8245.0,8274.0,8263.0,8263.0,8245.0,8251.0,8245.0,8251.0,8245.0,8245.0,8245.0,8394.0,8334.0,8245.0,8245.0,8245.0,8244.0,8245.0,8245.0,8245.0,8334.0,8245.0,8245.0,8245.0,8245.0,8245.0,8245.0,8245.0,8245.0,8245.0,8245.0,8245.0,8245.0,8245.0,8245.0,8245.0,8245.0,8200.0,8245.0,8245.0,8245.0,8245.0,8200.0,8245.0,8245.0,8245.0,8245.0,8158.0,8245.0,8245.0,8245.0,8245.0,8245.0,8245.0,8156.0,8245.0,8245.0,8263.0,8263.0,8334.0,8245.0,8245.0,8473.0,8245.0,8263.0,8245.0,8334.0,8245.0,8245.0,8245.0,8245.0,8263.0,8245.0,8245.0,8245.0,8245.0,8245.0,8245.0,8245.0,8245.0,8245.0,8245.0,8245.0,8245.0,8245.0,8245.0,8245.0,8334.0,8245.0,8264.0,8245.0,8263.0,8245.0,8245.0,8245.0,8263.0,8334.0,8245.0,8245.0,8334.0,8245.0,8245.0,8245.0,8245.0,8245.0,8245.0,8245.0,8245.0,8245.0,8245.0,8245.0,8245.0,8245.0,8245.0,8245.0,8245.0,8245.0,8245.0,8245.0,8245.0,8245.0,8334.0,8245.0,8245.0,8263.0,8245.0,8245.0,8245.0,8334.0,8245.0,8334.0,8245.0,8334.0,8263.0,8245.0,8245.0,8245.0,8245.0,8245.0,8245.0,8263.0,8245.0,8263.0,8245.0,8245.0,8245.0,8334.0,8245.0,8245.0,8245.0,8245.0,8245.0,8245.0,8245.0,8245.0,8245.0,8245.0,8245.0,8245.0,8245.0,8245.0,8245.0,8245.0,8245.0,8245.0,8245.0,8334.0,8245.0,8334.0,8334.0,8245.0,8245.0,8245.0,8245.0,8245.0,8245.0,8264.0,8245.0,8245.0,8245.0,8245.0,8245.0,8245.0,8245.0,8245.0,8245.0,8245.0,8245.0,8245.0,8245.0,8245.0,8245.0,8334.0,8245.0,8274.0,8245.0,8245.0,8245.0,8334.0,8245.0,8245.0,8334.0,8245.0,8245.0,8245.0,8245.0,8245.0,8245.0,8245.0,8245.0,8334.0,8245.0,8245.0,8245.0,8334.0,8245.0,8245.0,8245.0,8245.0,8245.0,8245.0,8245.0,8245.0,8245.0,8245.0,8245.0,8334.0,8245.0,8334.0,8216.0,8245.0,8245.0,8245.0,8264.0,8245.0,8245.0,8334.0,8245.0,8334.0,8245.0,8245.0,8334.0,8334.0,8334.0,8245.0,8245.0,8264.0,8305.0,8245.0,8245.0,8334.0,8334.0,8264.0,8264.0,8334.0,8245.0,8334.0,8334.0,8334.0,8334.0,8346.0,8245.0,8334.0,8334.0,8264.0,8334.0,8334.0,8245.0,8334.0,8245.0,8334.0,8334.0,8334.0,8264.0,8334.0,8264.0,8334.0,8334.0,8264.0,8264.0,8264.0,8264.0,8264.0,8334.0,8334.0,8221.0,8264.0,8270.0,8264.0,8264.0,8264.0,8264.0,8245.0,8264.0,8264.0,8264.0,8264.0,8264.0,8264.0,8193.0,8264.0,8348.0,8264.0,8348.0,8264.0,8264.0,8346.0,8264.0,8245.0,8245.0,128.0,173.0,489.0,250.0,99.0,231.0,231.0,231.0,231.0,231.0,231.0,231.0,231.0,231.0,231.0,231.0,231.0,231.0,231.0,231.0,231.0,231.0,231.0,231.0,231.0,231.0,231.0,231.0,231.0,231.0,231.0,231.0,231.0,231.0,231.0,231.0,231.0,231.0,231.0,231.0,231.0,260.0,231.0,231.0,231.0,320.0,231.0,231.0,320.0,231.0,231.0,260.0,231.0,231.0,260.0,287.0,257.0,303.0,257.0,250.0,257.0,257.0,250.0,231.0,277.0,250.0,250.0,231.0,231.0,250.0,231.0,231.0,231.0,231.0,231.0,231.0,231.0,231.0,231.0,231.0,231.0,257.0,250.0,231.0,231.0,231.0,231.0,231.0,231.0,231.0,231.0,231.0,231.0,231.0,231.0,277.0,231.0,231.0,231.0,231.0,231.0,231.0,231.0,231.0,231.0,231.0,231.0,231.0,231.0,231.0,231.0,231.0,231.0,231.0,231.0,231.0,231.0,231.0,231.0,231.0,231.0,231.0,231.0,231.0,231.0,231.0,231.0,231.0,231.0,231.0,231.0,231.0,231.0,231.0,231.0,231.0,208.0,231.0,231.0,231.0,231.0,250.0,231.0,231.0,231.0,231.0,231.0,231.0,252.0,231.0,250.0,231.0,231.0,231.0,231.0,231.0,231.0,231.0,231.0,231.0,231.0,231.0,250.0,231.0,231.0,231.0,231.0,231.0,250.0,231.0,231.0,250.0,250.0,231.0,231.0,231.0,250.0,231.0,231.0,231.0,231.0,231.0,231.0,231.0,231.0,231.0,231.0,231.0,231.0,231.0,231.0,277.0,231.0,231.0,231.0,231.0,231.0,231.0,231.0,231.0,277.0,231.0,231.0,321.0,231.0,231.0,231.0,231.0,287.0,231.0,231.0,231.0,231.0,231.0,231.0,231.0,231.0,231.0,231.0,173.0,231.0,231.0,231.0,231.0,250.0,231.0,231.0,279.0,231.0,231.0,231.0,231.0,231.0,231.0,231.0,231.0,231.0,231.0,231.0,231.0,231.0,231.0,231.0,231.0,231.0,254.0,231.0,231.0,231.0,287.0,231.0,231.0,231.0,231.0,231.0,231.0,231.0,231.0,231.0,231.0,231.0,250.0,231.0,231.0,231.0,231.0,231.0,231.0,231.0,231.0,231.0,241.0,231.0,231.0,231.0,287.0,231.0,231.0,231.0,231.0,231.0,231.0,231.0,231.0,231.0,231.0,231.0,295.0,231.0,231.0,231.0,287.0,231.0,231.0,231.0,209.0,231.0,287.0,231.0,231.0,231.0,231.0,231.0,231.0,231.0,231.0,231.0,231.0,231.0,231.0,231.0,231.0,260.0,231.0,231.0,231.0,287.0,231.0,231.0,231.0,231.0,231.0,231.0,231.0,231.0,231.0,231.0,277.0,231.0,287.0,231.0,231.0,231.0,231.0,231.0,231.0,287.0,231.0,231.0,231.0,231.0,287.0,231.0,257.0,295.0,250.0,231.0,250.0,250.0,250.0,250.0,250.0,250.0,250.0,250.0,250.0,250.0,250.0,250.0,250.0,231.0,250.0,296.0,221.0,250.0,231.0,250.0,250.0,250.0,250.0,250.0,250.0,250.0,250.0,250.0,250.0,250.0,250.0,314.0,250.0,250.0,250.0,250.0
hDenV4/Colombia/un-OUCRU-596/2013,3057.0,3035.0,3035.0,3035.0,3035.0,3035.0,3035.0,3056.0,3035.0,3104.0,3088.0,3170.0,3057.0,3021.0,3023.0,3023.0,3023.0,3061.0,3023.0,3061.0,3061.0,3027.0,3027.0,3027.0,3027.0,3047.0,3047.0,3061.0,3035.0,3061.0,3027.0,3035.0,3027.0,3061.0,3081.0,3047.0,3027.0,3032.0,3027.0,3027.0,3027.0,3027.0,3027.0,3061.0,3027.0,3027.0,3013.0,3061.0,3035.0,3035.0,3035.0,3035.0,3071.0,3071.0,3071.0,3119.0,3027.0,3035.0,3093.0,3027.0,3035.0,3027.0,3027.0,3027.0,3035.0,3035.0,3061.0,3027.0,3035.0,3061.0,3061.0,3027.0,3027.0,3061.0,3027.0,3027.0,3035.0,3035.0,3035.0,3035.0,3040.0,3035.0,3035.0,3035.0,3035.0,3040.0,3035.0,3013.0,3061.0,3035.0,3035.0,3035.0,3035.0,3035.0,3027.0,3035.0,3027.0,3027.0,3027.0,3035.0,3027.0,3035.0,3035.0,3027.0,3035.0,3035.0,3035.0,3027.0,3027.0,3035.0,3027.0,3021.0,3035.0,3035.0,3023.0,3035.0,3035.0,3035.0,3035.0,3035.0,3035.0,3027.0,3035.0,3061.0,3035.0,3035.0,3035.0,3035.0,2971.0,3035.0,3035.0,3035.0,3021.0,3035.0,3035.0,3035.0,3035.0,3093.0,3035.0,3035.0,3035.0,3035.0,3093.0,3021.0,3035.0,3027.0,3035.0,3021.0,3035.0,3035.0,3035.0,3035.0,3027.0,3035.0,3035.0,3035.0,3035.0,3027.0,3035.0,3035.0,3035.0,3035.0,3035.0,3035.0,3020.0,3035.0,3035.0,3035.0,3072.0,3035.0,3035.0,3035.0,3035.0,3035.0,3035.0,3035.0,3035.0,3035.0,3014.0,3035.0,3035.0,3035.0,3008.0,3035.0,3035.0,3142.0,3035.0,3035.0,3022.0,3035.0,3075.0,3035.0,3035.0,3035.0,3035.0,3035.0,3035.0,3016.0,3035.0,3035.0,3035.0,3035.0,3023.0,3093.0,3035.0,3035.0,3035.0,3035.0,3035.0,3035.0,3035.0,3035.0,3035.0,3035.0,3142.0,3035.0,3035.0,3035.0,3035.0,3035.0,3027.0,3035.0,3104.0,3035.0,3035.0,3035.0,3035.0,3035.0,3035.0,3035.0,3027.0,3035.0,3027.0,3027.0,3035.0,3027.0,3035.0,3035.0,3035.0,3035.0,3093.0,3035.0,3035.0,3027.0,3027.0,3027.0,3035.0,3035.0,3027.0,3035.0,3093.0,3035.0,3035.0,3027.0,3035.0,3035.0,3035.0,3035.0,3035.0,3035.0,3035.0,3035.0,3035.0,3035.0,3035.0,3099.0,3035.0,3035.0,3035.0,3035.0,3035.0,3035.0,3035.0,3035.0,3056.0,3035.0,3035.0,3035.0,3035.0,3035.0,3035.0,3035.0,3035.0,3021.0,3111.0,3027.0,3035.0,3035.0,3035.0,3035.0,3035.0,3035.0,3035.0,3045.0,3035.0,3035.0,3035.0,3035.0,3035.0,3021.0,3035.0,3035.0,3035.0,3035.0,3056.0,3035.0,3035.0,3035.0,3035.0,3021.0,3035.0,3035.0,3035.0,3021.0,3035.0,3035.0,3035.0,3035.0,3035.0,3035.0,3035.0,3035.0,3035.0,3035.0,3035.0,3035.0,3035.0,3035.0,3035.0,3035.0,3035.0,3035.0,3161.0,3035.0,3035.0,3035.0,3035.0,3035.0,3093.0,3035.0,2999.0,3035.0,3035.0,3056.0,3035.0,3035.0,2983.0,3017.0,3035.0,3035.0,3035.0,3023.0,3035.0,3035.0,3035.0,3020.0,3093.0,3035.0,3022.0,3035.0,3035.0,3035.0,3035.0,3035.0,3035.0,3035.0,3035.0,3035.0,3093.0,3035.0,3035.0,3035.0,3035.0,3035.0,3035.0,3035.0,3093.0,3035.0,2946.0,3035.0,3035.0,3035.0,3035.0,3035.0,3035.0,3059.0,3035.0,3035.0,3035.0,3023.0,3035.0,3035.0,3035.0,3035.0,3035.0,3035.0,3035.0,3035.0,3035.0,3035.0,3035.0,3035.0,3035.0,3093.0,3035.0,3035.0,3035.0,3035.0,3035.0,3035.0,3035.0,3093.0,3062.0,3035.0,3093.0,3035.0,3035.0,3035.0,3035.0,3035.0,3035.0,3035.0,3035.0,3035.0,3098.0,3035.0,3035.0,3098.0,3023.0,3107.0,3035.0,3023.0,3035.0,3017.0,3035.0,3093.0,3035.0,3035.0,3035.0,3073.0,3035.0,3035.0,3035.0,2999.0,3035.0,3157.0,3035.0,3035.0,3035.0,3098.0,3023.0,3035.0,3035.0,3067.0,3035.0,3093.0,3035.0,3035.0,3023.0,3027.0,3035.0,3035.0,3035.0,3035.0,3035.0,3035.0,3035.0,3035.0,3035.0,2971.0,3035.0,3035.0,3021.0,3035.0,3093.0,3035.0,3035.0,3035.0,3035.0,3035.0,3035.0,3035.0,3035.0,3017.0,3035.0,3093.0,3035.0,3093.0,3035.0,3035.0,3062.0,3035.0,3035.0,3023.0,3035.0,3035.0,3035.0,3035.0,3093.0,3035.0,3035.0,3035.0,3035.0,3023.0,3093.0,3035.0,3093.0,3035.0,3035.0,3093.0,3035.0,3035.0,3035.0,3021.0,3035.0,3035.0,3035.0,3035.0,3035.0,3035.0,3067.0,3023.0,3035.0,3035.0,2971.0,2971.0,2971.0,3093.0,3055.0,3035.0,3035.0,3035.0,3116.0,3035.0,3035.0,2971.0,3067.0,3035.0,3045.0,3035.0,2971.0,3093.0,3023.0,3035.0,3035.0,3035.0,2971.0,3035.0,3035.0,3035.0,3023.0,3065.0,2971.0,3035.0,3035.0,2971.0,2971.0,2971.0,3035.0,3067.0,3035.0,3035.0,3035.0,2971.0,3035.0,2971.0,3035.0,3035.0,3035.0,2971.0,3035.0,3093.0,3035.0,3023.0,3035.0,2971.0,3035.0,2971.0,3035.0,3108.0,2971.0,3093.0,3035.0,3035.0,3035.0,3035.0,3035.0,3093.0,3093.0,3035.0,3035.0,3035.0,3035.0,3035.0,2971.0,3029.0,2971.0,3035.0,3035.0,3035.0,2971.0,2971.0,3035.0,3035.0,3035.0,3073.0,3093.0,3035.0,3035.0,3035.0,3067.0,3035.0,3035.0,3035.0,3035.0,3035.0,3035.0,3035.0,3035.0,3035.0,3035.0,3035.0,3035.0,3067.0,3067.0,3035.0,3035.0,3057.0,3035.0,3035.0,3035.0,3035.0,3035.0,3035.0,3035.0,3035.0,3035.0,3035.0,3035.0,3116.0,3035.0,3035.0,3044.0,2936.0,3035.0,3035.0,3035.0,3035.0,3035.0,3035.0,3056.0,3035.0,3035.0,3035.0,3035.0,3073.0,3035.0,3035.0,3064.0,3035.0,3035.0,3035.0,3035.0,3035.0,3035.0,2971.0,3094.0,3035.0,3035.0,3023.0,3035.0,3035.0,3116.0,3116.0,3035.0,3093.0,2971.0,2971.0,2971.0,3035.0,3035.0,3112.0,2995.0,2432.0,2505.0,2505.0,2537.0,2473.0,2452.0,2500.0,2423.0,2505.0,2505.0,2505.0,2505.0,2505.0,2551.0,2505.0,2505.0,2505.0,2551.0,2476.0,2505.0,2505.0,2505.0,2476.0,2505.0,2476.0,2554.0,2505.0,2534.0,2505.0,2476.0,2476.0,2505.0,2505.0,2505.0,2505.0,2505.0,2505.0,2505.0,2505.0,2505.0,2476.0,2476.0,2505.0,2505.0,2505.0,2505.0,2476.0,2505.0,2505.0,2505.0,2505.0,2476.0,2505.0,2505.0,2505.0,2505.0,2505.0,2505.0,2505.0,2476.0,2505.0,2505.0,2516.0,2505.0,2505.0,2505.0,2447.0,2476.0,2505.0,2505.0,2476.0,2505.0,2505.0,2505.0,2505.0,2505.0,2505.0,2476.0,2476.0,2505.0,2569.0,2505.0,2505.0,2476.0,2505.0,2505.0,2505.0,2505.0,2505.0,2505.0,2505.0,2476.0,2505.0,2505.0,2476.0,2505.0,2505.0,2505.0,2505.0,2505.0,2476.0,2476.0,2505.0,2505.0,2505.0,2505.0,2505.0,2505.0,2476.0,2505.0,2505.0,2505.0,2505.0,2505.0,2505.0,2505.0,2505.0,2476.0,2505.0,2505.0,2505.0,2505.0,2505.0,2505.0,2505.0,2505.0,2505.0,2599.0,2505.0,2476.0,2505.0,2505.0,2505.0,2505.0,2505.0,2505.0,2505.0,2505.0,2505.0,2505.0,2505.0,2505.0,2505.0,2505.0,2505.0,2505.0,2505.0,2505.0,2505.0,2505.0,2505.0,2505.0,2505.0,2505.0,2507.0,2505.0,2505.0,2505.0,2505.0,2505.0,2505.0,2505.0,2505.0,2505.0,2505.0,2505.0,2505.0,2505.0,2505.0,2505.0,2505.0,2505.0,2505.0,2505.0,2505.0,2505.0,2505.0,2505.0,2505.0,2505.0,2505.0,2505.0,2505.0,2505.0,2505.0,2505.0,2505.0,2505.0,2505.0,2505.0,2505.0,2505.0,2505.0,2505.0,2505.0,2505.0,2505.0,2505.0,2505.0,2505.0,2505.0,2505.0,2505.0,2505.0,2551.0,2505.0,2505.0,2505.0,2505.0,2505.0,2505.0,2505.0,2505.0,2505.0,2505.0,2505.0,2505.0,2505.0,2505.0,2505.0,2505.0,2505.0,2505.0,2505.0,2505.0,2505.0,2505.0,2505.0,2505.0,2505.0,2505.0,2505.0,2505.0,2505.0,2505.0,2505.0,2505.0,2505.0,2505.0,2505.0,2505.0,2505.0,2505.0,2505.0,2505.0,2505.0,2551.0,2505.0,2505.0,2505.0,2505.0,2505.0,2505.0,2505.0,2505.0,2505.0,2505.0,2505.0,2505.0,2505.0,2505.0,2505.0,2505.0,2505.0,2505.0,2505.0,2505.0,2505.0,2505.0,2505.0,2505.0,2505.0,2574.0,2505.0,2505.0,2505.0,2505.0,2505.0,2505.0,2505.0,2505.0,2505.0,2505.0,2505.0,2550.0,2505.0,2505.0,2479.0,2505.0,2505.0,2505.0,2505.0,2505.0,2505.0,2505.0,2505.0,2525.0,2505.0,2558.0,2505.0,2505.0,2505.0,2505.0,2505.0,2505.0,2505.0,2505.0,2505.0,2505.0,2505.0,2505.0,2551.0,2505.0,2505.0,2505.0,2551.0,2505.0,2505.0,2505.0,2505.0,2505.0,2551.0,2505.0,2505.0,2505.0,2505.0,2505.0,2505.0,2505.0,2505.0,2505.0,2505.0,2505.0,2505.0,2505.0,2505.0,2505.0,2505.0,2505.0,2505.0,2505.0,2505.0,2505.0,2505.0,2505.0,2505.0,2505.0,2505.0,2534.0,2505.0,2505.0,2505.0,2505.0,2505.0,2554.0,2505.0,2505.0,2505.0,2554.0,2505.0,2505.0,2505.0,2505.0,2505.0,2505.0,2534.0,2534.0,2505.0,2505.0,2505.0,2505.0,2505.0,2505.0,2534.0,2505.0,2407.0,2505.0,2505.0,2505.0,2505.0,2505.0,2505.0,2519.0,2505.0,2505.0,2505.0,2505.0,2505.0,2441.0,2505.0,2505.0,2505.0,2505.0,2505.0,2505.0,2505.0,2505.0,2505.0,2505.0,2505.0,2505.0,2505.0,2505.0,2505.0,2505.0,2505.0,2505.0,2505.0,2479.0,2505.0,2505.0,2505.0,2505.0,2534.0,2505.0,2505.0,2505.0,2505.0,2505.0,2505.0,2505.0,2505.0,2505.0,2505.0,2505.0,2505.0,2505.0,2505.0,2505.0,2505.0,2505.0,2505.0,2505.0,2505.0,2505.0,2505.0,2534.0,2505.0,2505.0,2505.0,2505.0,2505.0,2505.0,2505.0,8248.0,8254.0,8248.0,8237.0,8248.0,8248.0,8222.0,8266.0,8248.0,8248.0,8309.0,8289.0,8248.0,8331.0,8483.0,8267.0,8248.0,8248.0,8248.0,8248.0,8248.0,8248.0,8248.0,8248.0,8248.0,8248.0,8248.0,8248.0,8248.0,8248.0,8248.0,8248.0,8248.0,8248.0,8248.0,8248.0,8243.0,8248.0,8248.0,8248.0,8248.0,8248.0,8248.0,8248.0,8248.0,8248.0,8248.0,8248.0,8248.0,8248.0,8248.0,8248.0,8248.0,8248.0,8289.0,8248.0,8248.0,8248.0,8248.0,8248.0,8248.0,8248.0,8248.0,8248.0,8248.0,8248.0,8248.0,8248.0,8289.0,8248.0,8248.0,8248.0,8248.0,8248.0,8248.0,8248.0,8248.0,8248.0,8248.0,8248.0,8248.0,8248.0,8248.0,8248.0,8248.0,8248.0,8248.0,8248.0,8248.0,8248.0,8248.0,8248.0,8277.0,8245.0,8248.0,8337.0,8248.0,8248.0,8248.0,8248.0,8248.0,8248.0,8248.0,8337.0,8248.0,8248.0,8248.0,8248.0,8248.0,8266.0,8266.0,8337.0,8248.0,8248.0,8248.0,8229.0,8248.0,8268.0,8248.0,8248.0,8248.0,8248.0,8248.0,8248.0,8254.0,8248.0,8248.0,8248.0,8248.0,8248.0,8159.0,8248.0,8248.0,8248.0,8248.0,8248.0,8248.0,8248.0,8248.0,8248.0,8248.0,8248.0,8248.0,8248.0,8248.0,8248.0,8248.0,8248.0,8248.0,8248.0,8248.0,8337.0,8260.0,8248.0,8248.0,8248.0,8248.0,8248.0,8248.0,8248.0,8248.0,8248.0,8248.0,8277.0,8266.0,8266.0,8248.0,8254.0,8248.0,8254.0,8248.0,8248.0,8248.0,8397.0,8337.0,8248.0,8248.0,8248.0,8247.0,8248.0,8248.0,8248.0,8337.0,8248.0,8248.0,8248.0,8248.0,8248.0,8248.0,8248.0,8248.0,8248.0,8248.0,8248.0,8248.0,8248.0,8248.0,8248.0,8248.0,8203.0,8248.0,8248.0,8248.0,8248.0,8203.0,8248.0,8248.0,8248.0,8248.0,8161.0,8248.0,8248.0,8248.0,8248.0,8248.0,8248.0,8159.0,8248.0,8248.0,8266.0,8266.0,8337.0,8248.0,8248.0,8476.0,8248.0,8266.0,8248.0,8337.0,8248.0,8248.0,8248.0,8248.0,8266.0,8248.0,8248.0,8248.0,8248.0,8248.0,8248.0,8248.0,8248.0,8248.0,8248.0,8248.0,8248.0,8248.0,8248.0,8248.0,8337.0,8248.0,8267.0,8248.0,8266.0,8248.0,8248.0,8248.0,8266.0,8337.0,8248.0,8248.0,8337.0,8248.0,8248.0,8248.0,8248.0,8248.0,8248.0,8248.0,8248.0,8248.0,8248.0,8248.0,8248.0,8248.0,8248.0,8248.0,8248.0,8248.0,8248.0,8248.0,8248.0,8248.0,8337.0,8248.0,8248.0,8266.0,8248.0,8248.0,8248.0,8337.0,8248.0,8337.0,8248.0,8337.0,8266.0,8248.0,8248.0,8248.0,8248.0,8248.0,8248.0,8266.0,8248.0,8266.0,8248.0,8248.0,8248.0,8337.0,8248.0,8248.0,8248.0,8248.0,8248.0,8248.0,8248.0,8248.0,8248.0,8248.0,8248.0,8248.0,8248.0,8248.0,8248.0,8248.0,8248.0,8248.0,8248.0,8337.0,8248.0,8337.0,8337.0,8248.0,8248.0,8248.0,8248.0,8248.0,8248.0,8267.0,8248.0,8248.0,8248.0,8248.0,8248.0,8248.0,8248.0,8248.0,8248.0,8248.0,8248.0,8248.0,8248.0,8248.0,8248.0,8337.0,8248.0,8277.0,8248.0,8248.0,8248.0,8337.0,8248.0,8248.0,8337.0,8248.0,8248.0,8248.0,8248.0,8248.0,8248.0,8248.0,8248.0,8337.0,8248.0,8248.0,8248.0,8337.0,8248.0,8248.0,8248.0,8248.0,8248.0,8248.0,8248.0,8248.0,8248.0,8248.0,8248.0,8337.0,8248.0,8337.0,8219.0,8248.0,8248.0,8248.0,8267.0,8248.0,8248.0,8337.0,8248.0,8337.0,8248.0,8248.0,8337.0,8337.0,8337.0,8248.0,8248.0,8267.0,8308.0,8248.0,8248.0,8337.0,8337.0,8267.0,8267.0,8337.0,8248.0,8337.0,8337.0,8337.0,8337.0,8349.0,8248.0,8337.0,8337.0,8267.0,8337.0,8337.0,8248.0,8337.0,8248.0,8337.0,8337.0,8337.0,8267.0,8337.0,8267.0,8337.0,8337.0,8267.0,8267.0,8267.0,8267.0,8267.0,8337.0,8337.0,8224.0,8267.0,8273.0,8267.0,8267.0,8267.0,8267.0,8248.0,8267.0,8267.0,8267.0,8267.0,8267.0,8267.0,8196.0,8267.0,8351.0,8267.0,8351.0,8267.0,8267.0,8349.0,8267.0,8248.0,8248.0,151.0,196.0,512.0,273.0,122.0,254.0,254.0,254.0,254.0,254.0,254.0,254.0,254.0,254.0,254.0,254.0,254.0,254.0,254.0,254.0,254.0,254.0,254.0,254.0,254.0,254.0,254.0,254.0,254.0,254.0,254.0,254.0,254.0,254.0,254.0,254.0,254.0,254.0,254.0,254.0,254.0,283.0,254.0,254.0,254.0,343.0,254.0,254.0,343.0,254.0,254.0,283.0,254.0,254.0,283.0,310.0,280.0,322.0,280.0,273.0,280.0,280.0,273.0,254.0,296.0,273.0,273.0,254.0,254.0,273.0,254.0,254.0,254.0,254.0,254.0,254.0,254.0,254.0,254.0,254.0,254.0,280.0,273.0,254.0,254.0,254.0,254.0,254.0,254.0,254.0,254.0,254.0,254.0,254.0,254.0,296.0,254.0,254.0,254.0,254.0,254.0,254.0,254.0,254.0,254.0,254.0,254.0,254.0,254.0,254.0,254.0,254.0,254.0,254.0,254.0,254.0,254.0,254.0,254.0,254.0,254.0,254.0,254.0,254.0,254.0,254.0,254.0,254.0,254.0,254.0,254.0,254.0,254.0,254.0,254.0,254.0,231.0,254.0,254.0,254.0,254.0,273.0,254.0,254.0,254.0,254.0,254.0,254.0,275.0,254.0,273.0,254.0,254.0,254.0,254.0,254.0,254.0,254.0,254.0,254.0,254.0,254.0,273.0,254.0,254.0,254.0,254.0,254.0,273.0,254.0,254.0,273.0,273.0,254.0,254.0,254.0,273.0,254.0,254.0,254.0,254.0,254.0,254.0,254.0,254.0,254.0,254.0,254.0,254.0,254.0,254.0,296.0,254.0,254.0,254.0,254.0,254.0,254.0,254.0,254.0,296.0,254.0,254.0,344.0,254.0,254.0,254.0,254.0,310.0,254.0,254.0,254.0,254.0,254.0,254.0,254.0,254.0,254.0,254.0,196.0,254.0,254.0,254.0,254.0,273.0,254.0,254.0,302.0,254.0,254.0,254.0,254.0,254.0,254.0,254.0,254.0,254.0,254.0,254.0,254.0,254.0,254.0,254.0,254.0,254.0,231.0,254.0,254.0,254.0,310.0,254.0,254.0,254.0,254.0,254.0,254.0,254.0,254.0,254.0,254.0,254.0,273.0,254.0,254.0,254.0,254.0,254.0,254.0,254.0,254.0,254.0,264.0,254.0,254.0,254.0,310.0,254.0,254.0,254.0,254.0,254.0,254.0,254.0,254.0,254.0,254.0,254.0,318.0,254.0,254.0,254.0,310.0,254.0,254.0,254.0,232.0,254.0,310.0,254.0,254.0,254.0,254.0,254.0,254.0,254.0,254.0,254.0,254.0,254.0,254.0,254.0,254.0,283.0,254.0,254.0,254.0,310.0,254.0,254.0,254.0,254.0,254.0,254.0,254.0,254.0,254.0,254.0,296.0,254.0,310.0,254.0,254.0,254.0,254.0,254.0,254.0,310.0,254.0,254.0,254.0,254.0,310.0,254.0,280.0,318.0,273.0,254.0,273.0,273.0,273.0,273.0,273.0,273.0,273.0,273.0,273.0,273.0,273.0,273.0,273.0,254.0,273.0,315.0,244.0,273.0,254.0,273.0,273.0,273.0,273.0,273.0,273.0,273.0,273.0,273.0,273.0,273.0,273.0,337.0,273.0,273.0,273.0,273.0
